0.216684
0.935835
0.034419
0.306057
0.174573
0.864908
0.674084
0.314028
0.209459
0.000003
0.024924
0.664140
0.414312
0.948885
0.321227
0.110264
0.098541
0.012024
0.004305
0.283578
0.342551
0.847812
0.777634
0.062317
0.881400
0.872739
0.818060
0.834843
0.103449
0.532334
0.429140
0.383594
0.325293
0.038999
0.338259
0.349787
0.074507
0.055316
0.770278
0.863403
0.639034
0.094905
0.554574
0.007818
0.943988
0.823255
0.969641
0.349706
0.278721
0.689490
0.089392
0.788547
0.038069
0.931357
0.377352
0.592795
0.147189
0.896727
0.360666
0.451221
0.104641
0.454627
0.903524
0.619771
0.308426
0.466652
0.687383
0.968196
0.648781
0.227155
0.176486
0.148639
0.018725
0.297943
0.216684
0.180903
0.656198
0.027591
0.784534
0.329706
0.102361
0.795447
0.556536
0.564195
0.002727
0.420552
0.012729
0.415664
0.138231
0.879895
0.916187
0.720058
0.304731
0.137724
0.962103
0.014520
0.352873
0.101760
0.452828
0.154904
0.948989
0.752045
0.288780
0.153146
0.947894
0.759236
0.556536
0.402791
0.493531
0.517253
0.093784
0.093284
0.249731
0.488216
0.698847
0.283787
0.070180
0.936887
0.281142
0.345273
0.204317
0.795737
0.629503
0.096923
0.420643
0.672181
0.602151
0.588914
0.702519
0.556433
0.454532
0.441177
0.439220
0.491756
0.786592
0.435877
0.325370
0.573550
0.764973
0.846322
0.229344
0.804190
0.013566
0.872576
0.318409
0.472337
0.497385
0.297943
0.164492
0.976709
0.693173
0.716000
0.171172
0.357289
0.541418
0.146407
0.097469
0.644967
0.545005
0.869548
0.468383
0.658422
0.581272
0.020909
0.888491
0.099008
0.852766
0.344231
0.879895
0.736914
0.477764
0.466940
0.513635
0.922128
0.998419
0.363482
0.410898
0.163859
0.802374
0.929152
0.463487
0.312677
0.187219
0.517253
0.698952
0.451315
0.535900
0.953538
0.650477
0.517152
0.876942
0.449711
0.800841
0.806096
0.971680
0.650689
0.427580
0.903380
0.927911
0.200714
0.273722
0.991678
0.150857
0.674084
0.112730
0.563677
0.750113
0.409019
0.020535
0.600257
0.224048
0.920957
0.312977
0.082711
0.369493
0.849383
0.233892
0.299466
0.484786
0.029851
0.420734
0.310285
0.164492
0.034252
0.335339
0.168705
0.128638
0.652808
0.781190
0.333924
0.307092
0.335417
0.783159
0.248528
0.537839
0.116487
0.414222
0.872657
0.272364
0.821405
0.164583
0.951696
0.821405
0.278583
0.611638
0.135441
0.095923
0.154002
0.834933
0.126522
0.422280
0.781190
0.717874
0.906025
0.581063
0.675775
0.944965
0.055942
0.838167
0.379055
0.660434
0.419191
0.466940
0.239430
0.276110
0.220860
0.719850
0.343910
0.875574
0.135364
0.755697
0.347042
0.266316
0.278514
0.936770
0.296786
0.332436
0.276110
0.087044
0.164538
0.162778
0.866739
0.545415
0.970973
0.920957
0.424103
0.543364
0.343990
0.011154
0.325524
0.560051
0.167874
0.223001
0.070073
0.162106
0.310285
0.759337
0.100716
0.254267
0.733001
0.333689
0.725559
0.287790
0.045697
0.667950
0.993143
0.807806
0.355731
0.121957
0.001220
0.759337
0.218678
0.394693
0.201677
0.493333
0.475823
0.640941
0.021684
0.963706
0.050965
0.414312
0.036791
0.610266
0.142710
0.090845
0.563988
0.210566
0.056822
0.797475
0.272432
0.766778
0.295273
0.171219
0.434025
0.839864
0.733104
0.623260
0.953488
0.627386
0.718082
0.379055
0.621674
0.775950
0.088860
0.674084
0.396094
0.668056
0.477667
0.342871
0.656410
0.708277
0.454816
0.430980
0.246072
0.691385
0.389639
0.456430
0.541520
0.218621
0.407590
0.696957
0.852593
0.118081
0.304657
0.896653
0.388339
0.575739
0.962103
0.259193
0.696852
0.759337
0.230415
0.300776
0.144042
0.710472
0.802566
0.033211
0.434025
0.500955
0.444262
0.074484
0.215721
0.060904
0.528573
0.084117
0.122626
0.312677
0.239307
0.925777
0.609950
0.386868
0.993686
0.223001
0.585038
0.243884
0.800745
0.759236
0.080545
0.351490
0.088383
0.982313
0.988123
0.979064
0.345434
0.939872
0.003489
0.583154
0.193923
0.839685
0.692963
0.407323
0.702728
0.906167
0.604257
0.267584
0.727733
0.247455
0.243884
0.141989
0.329550
0.786886
0.133228
0.996671
0.725455
0.841377
0.209404
0.348494
0.535798
0.541520
0.302090
0.549114
0.342791
0.931357
0.899457
0.642742
0.615650
0.537737
0.406165
0.493333
0.875655
0.198694
0.447452
0.568036
0.696852
0.318334
0.706708
0.352792
0.388339
0.652596
0.581272
0.306131
0.132058
0.627386
0.742558
0.217708
0.965973
0.364979
0.681689
0.060190
0.312977
0.314254
0.592690
0.738866
0.900845
0.868146
0.440804
0.902225
0.108508
0.602362
0.482733
0.219710
0.479223
0.821313
0.347203
0.273518
0.791957
0.916255
0.904814
0.481074
0.353036
0.855690
0.967478
0.191085
0.650689
0.012333
0.425657
0.615755
0.913683
0.167874
0.347042
0.351490
0.440804
0.054304
0.609950
0.470599
0.056592
0.081843
0.420462
0.463104
0.132171
0.911211
0.917393
0.863570
0.604257
0.824914
0.664034
0.150143
0.666257
0.034857
0.473981
0.654503
0.904743
0.838077
0.667950
0.581377
0.028159
0.195694
0.004255
0.318334
0.461765
0.834933
0.751944
0.486255
0.823163
0.943056
0.099125
0.466652
0.558293
0.082761
0.095866
0.619665
0.348655
0.432640
0.916187
0.373874
0.251832
0.921153
0.650583
0.881400
0.338338
0.459952
0.772272
0.844563
0.342791
0.885709
0.101910
0.984701
0.976146
0.839596
0.552615
0.301871
0.154732
0.878382
0.326914
0.008268
0.727526
0.797378
0.420825
0.006074
0.419100
0.800649
0.699057
0.253240
0.892683
0.577512
0.969603
0.447922
0.983321
0.183467
0.419100
0.427396
0.329628
0.258997
0.162150
0.706289
0.509927
0.982808
0.142791
0.619982
0.797185
0.740816
0.125835
0.093952
0.786396
0.999290
0.792151
0.836643
0.097066
0.687488
0.806191
0.361990
0.004255
0.315685
0.152423
0.654609
0.885631
0.790400
0.727422
0.442578
0.276179
0.300849
0.099624
0.369325
0.592585
0.477570
0.488314
0.550761
0.432455
0.949866
0.001620
0.006743
0.562018
0.313052
0.733104
0.106248
0.619665
0.363399
0.625693
0.898207
0.351572
0.648675
0.156461
0.956249
0.005518
0.295488
0.075305
0.186313
0.849470
0.919844
0.092731
0.259062
0.863403
0.683271
0.733001
0.190931
0.868064
0.034052
0.604363
0.811213
0.414042
0.419191
0.691069
0.125367
0.967438
0.279687
0.788547
0.208411
0.486647
0.992280
0.717770
0.237044
0.466652
0.482830
0.673767
0.539372
0.885631
0.589123
0.772073
0.159571
0.615650
0.446043
0.874038
0.247203
0.134712
0.946040
0.805906
0.232748
0.919778
0.668056
0.524418
0.504536
0.095441
0.952696
0.113256
0.224165
0.001598
0.704719
0.933526
0.537635
0.150857
0.932567
0.054032
0.339606
0.267517
0.124614
0.088940
0.981809
0.020638
0.074507
0.772173
0.953488
0.471951
0.143314
0.526748
0.545108
0.942005
0.375907
0.611743
0.504436
0.081425
0.357618
0.078359
0.759539
0.519066
0.477570
0.102994
0.814787
0.168705
0.150941
0.030225
0.530198
0.640835
0.293980
0.219767
0.067333
0.378714
0.121432
0.779513
0.662235
0.852593
0.564091
0.493728
0.132736
0.266183
0.286240
0.322451
0.500756
0.936887
0.731350
0.748178
0.570011
0.493531
0.535798
0.332357
0.625375
0.899603
0.838167
0.240414
0.936945
0.805906
0.038389
0.458522
0.640835
0.225217
0.635114
0.246009
0.070503
0.252087
0.770278
0.004481
0.857400
0.871025
0.722032
0.325370
0.802470
0.234013
0.437361
0.546750
0.634903
0.888568
0.797282
0.977393
0.892607
0.761253
0.079193
0.982313
0.598679
0.269865
0.157070
0.166221
0.233952
0.339527
0.267450
0.816286
0.506031
0.640941
0.226038
0.482928
0.737120
0.635008
0.719850
0.852506
0.223932
0.475920
0.046709
0.687383
0.844474
0.479612
0.022219
0.779315
0.226214
0.918590
0.549217
0.669960
0.788157
0.352710
0.834753
0.363233
0.430520
0.409197
0.919778
0.116926
0.377352
0.308946
0.491658
0.484590
0.216684
0.263727
0.972305
0.900773
0.937871
0.575114
0.582945
0.452922
0.038389
0.976212
0.034097
0.509727
0.200447
0.524621
0.378885
0.562018
0.802374
0.493333
0.635220
0.039491
0.148639
0.911280
0.908846
0.891395
0.517052
0.594475
0.040414
0.898059
0.898207
0.600467
0.486745
0.611849
0.181935
0.797089
0.604363
0.262670
0.721928
0.174525
0.233711
0.872494
0.549011
0.854231
0.725455
0.873957
0.113949
0.054321
0.322527
0.567828
0.909893
0.687383
0.941000
0.793704
0.702833
0.282532
0.439127
0.051271
0.099682
0.422189
0.008231
0.359016
0.821313
0.430704
0.974303
0.668056
0.459761
0.834933
0.202643
0.134751
0.033050
0.033287
0.811213
0.003752
0.261288
0.206383
0.972414
0.323831
0.394781
0.554265
0.906096
0.944042
0.823163
0.452922
0.829859
0.241649
0.304657
0.147933
0.737120
0.196638
0.231370
0.255556
0.520881
0.238204
0.558189
0.866573
0.479028
0.351328
0.900845
0.152593
0.520780
0.480976
0.627280
0.677571
0.497088
0.736811
0.871188
0.847724
0.989312
0.556433
0.047275
0.311479
0.470406
0.150226
0.999169
0.788352
0.475532
0.326759
0.155638
0.874119
0.999401
0.255686
0.084091
0.878382
0.979675
0.568140
0.914906
0.463296
0.784828
0.826568
0.493432
0.444449
0.383765
0.348332
0.415664
0.229582
0.215664
0.863487
0.541316
0.290127
0.495605
0.917460
0.179144
0.479126
0.764672
0.577721
0.390073
0.636915
0.925777
0.369493
0.345514
0.612166
0.221900
0.736914
0.911211
0.464924
0.772272
0.404476
0.829859
0.552615
0.338259
0.608157
0.172960
0.907370
0.205402
0.998099
0.199489
0.489886
0.744502
0.908706
0.466652
0.456240
0.891243
0.318334
0.329472
0.006209
0.923354
0.963663
0.090818
0.925714
0.399346
0.195799
0.066612
0.194703
0.640835
0.257759
0.247266
0.596681
0.199543
0.833308
0.410808
0.515543
0.991678
0.039251
0.681583
0.864992
0.420825
0.344231
0.254139
0.136830
0.821313
0.372607
0.602151
0.101192
0.550452
0.173860
0.158910
0.052842
0.797185
0.648781
0.762964
0.195747
0.528370
0.633314
0.105751
0.061607
0.640941
0.161213
0.639140
0.764973
0.204479
0.875655
0.440711
0.534065
0.214535
0.811307
0.344151
0.434210
0.158032
0.170611
0.174811
0.404476
0.513735
0.742661
0.652384
0.385229
0.043428
0.422098
0.365062
0.081057
0.059115
0.199808
0.502644
0.997728
0.012901
0.550761
0.220687
0.230653
0.762964
0.222015
0.488511
0.736914
0.646874
0.074416
0.983321
0.203506
0.296858
0.435784
0.646662
0.004530
0.095923
0.169586
0.247203
0.751842
0.090358
0.200447
0.267651
0.239307
0.656516
0.241773
0.839864
0.369242
0.535798
0.141191
0.795640
0.879816
0.437640
0.877182
0.912451
0.444543
0.611849
0.145465
0.829950
0.026304
0.250875
0.071633
0.378629
0.095895
0.376077
0.323754
0.388512
0.263727
0.318334
0.760951
0.193094
0.656727
0.889948
0.723693
0.689279
0.112730
0.135402
0.381706
0.933646
0.627280
0.063681
0.399258
0.513735
0.662129
0.479320
0.064791
0.500955
0.380593
0.656516
0.888568
0.854145
0.132021
0.773864
0.068480
0.579496
0.200554
0.704510
0.014071
0.575322
0.658210
0.716104
0.425748
0.153360
0.720058
0.335339
0.793704
0.604257
0.876942
0.587237
0.034688
0.245007
0.238265
0.816286
0.142550
0.130636
0.491855
0.761354
0.432363
0.762863
0.131308
0.944042
0.343910
0.389900
0.747974
0.619559
0.414312
0.424103
0.509927
0.841288
0.543262
0.239430
0.349949
0.968116
0.631196
0.646556
0.577199
0.003120
0.861807
0.508227
0.214479
0.460047
0.738866
0.392946
0.990022
0.839864
0.855604
0.113849
0.254074
0.331030
0.654503
0.229285
0.225217
0.795447
0.529995
0.550555
0.399258
0.158734
0.091279
0.742558
0.625270
0.336678
0.841288
0.923354
0.447828
0.484590
0.822978
0.402614
0.502445
0.669854
0.830132
0.623683
0.369829
0.550864
0.465020
0.934716
0.287508
0.946998
0.178174
0.556329
0.807806
0.377266
0.679789
0.660329
0.812909
0.753467
0.122696
0.766778
0.577408
0.644861
0.106809
0.681689
0.333767
0.532028
0.642636
0.746239
0.926911
0.740611
0.370922
0.770278
0.160457
0.127868
0.358934
0.985621
0.138976
0.966710
0.544902
0.588914
0.499169
0.579392
0.303335
0.782864
0.454722
0.391377
0.380165
0.332670
0.799016
0.017049
0.506230
0.357371
0.598258
0.021954
0.394781
0.786494
0.339447
0.818153
0.929090
0.217879
0.429232
0.315685
0.521083
0.158734
0.491953
0.548909
0.710263
0.991028
0.479320
0.946892
0.532232
0.706603
0.892758
0.445762
0.299248
0.375653
0.089419
0.869548
0.577512
0.211456
0.704510
0.727319
0.916322
0.243946
0.997461
0.105689
0.018700
0.895387
0.703043
0.908566
0.633208
0.811118
0.871025
0.465020
0.904814
0.965101
0.134064
0.994911
0.051806
0.209514
0.654291
0.282532
0.733310
0.175575
0.687488
0.267584
0.375737
0.884150
0.419010
0.209735
0.178368
0.750113
0.917460
0.764773
0.764873
0.772272
0.736811
0.915041
0.218736
0.795350
0.466748
0.440804
0.152635
0.744605
0.980155
0.866573
0.064372
0.264853
0.625375
0.459856
0.472240
0.635432
0.980745
0.073717
0.466844
0.432547
0.528472
0.203614
0.002122
0.189042
0.473981
0.809701
0.129264
0.508327
0.604573
0.083361
0.550967
0.263727
0.556536
0.884307
0.882897
0.761152
0.868146
0.635326
0.804381
0.432640
0.644543
0.056240
0.312752
0.814787
0.510127
0.104549
0.009971
0.150899
0.931539
0.221900
0.575531
0.446043
0.288992
0.689068
0.554677
0.823255
0.541623
0.873876
0.556329
0.425840
0.816379
0.125907
0.240538
0.108572
0.334003
0.393033
0.313953
0.004427
0.082313
0.650795
0.965932
0.463104
0.422280
0.844827
0.539270
0.604152
0.631091
0.463296
0.988925
0.658210
0.256591
0.392946
0.978537
0.908566
0.479320
0.206547
0.635114
0.579078
0.312827
0.666151
0.520881
0.076993
0.144772
0.941056
0.528472
0.203614
0.748178
0.612060
0.163678
0.388425
0.799016
0.823163
0.731247
0.997976
0.646662
0.367901
0.083688
0.811402
0.770478
0.833308
0.360336
0.113882
0.987353
0.139685
0.493629
0.011387
0.944151
0.015177
0.669854
0.465404
0.533963
0.779414
0.422462
0.546853
0.746239
0.644967
0.696957
0.162958
0.838256
0.777535
0.017369
0.573446
0.351572
0.280033
0.263859
0.102873
0.828124
0.102934
0.005559
0.138271
0.482830
0.159571
0.022226
0.273790
0.366480
0.972993
0.879975
0.871106
0.189093
0.981781
0.029696
0.068501
0.879895
0.226331
0.339606
0.451126
0.839864
0.921088
0.456335
0.025223
0.935659
0.484590
0.947894
0.182675
0.656304
0.648463
0.772272
0.404121
0.495506
0.344071
0.151026
0.458332
0.650795
0.129117
0.291621
0.118903
0.773964
0.753670
0.912314
0.479515
0.357535
0.389553
0.612060
0.672181
0.506629
0.742558
0.372354
0.266116
0.766879
0.396270
0.458046
0.644861
0.232628
0.142670
0.899530
0.179193
0.598679
0.677465
0.127394
0.288638
0.400845
0.744605
0.658316
0.329784
0.600467
0.967438
0.725766
0.768780
0.738764
0.111524
0.999824
0.332357
0.770378
0.213467
0.117028
0.791762
0.491756
0.966014
0.753568
0.157114
0.339844
0.539576
0.721928
0.242640
0.738866
0.481074
0.482928
0.631302
0.895312
0.532028
0.463391
0.965185
0.493531
0.119488
0.491658
0.125943
0.812815
0.749910
0.463391
0.675669
0.617657
0.112142
0.271349
0.344071
0.453206
0.262538
0.477376
0.619559
0.619982
0.277551
0.306057
0.917393
0.993158
0.596576
0.534167
0.957101
0.809323
0.547264
0.093868
0.693068
0.596366
0.687383
0.847987
0.515644
0.646980
0.916120
0.195642
0.664140
0.486647
0.849557
0.065131
0.731557
0.999398
0.479320
0.717770
0.449617
0.423921
0.940944
0.014343
0.881400
0.127905
0.429232
0.145628
0.876942
0.839775
0.312677
0.190061
0.729698
0.720266
0.332592
0.418919
0.528370
0.493629
0.497484
0.664352
0.556433
0.679472
0.018934
0.033887
0.266116
0.386868
0.245132
0.315836
0.148639
0.214592
0.996335
0.391116
0.074985
0.504536
0.712455
0.926974
0.498871
0.420643
0.234979
0.036957
0.321303
0.271349
0.467036
0.864992
0.727733
0.502545
0.419282
0.854145
0.648569
0.343990
0.178271
0.691279
0.290198
0.166954
0.194651
0.417199
0.382220
0.026962
0.860541
0.575635
0.592795
0.187320
0.463104
0.617763
0.097009
0.652596
0.676092
0.439127
0.331186
0.318561
0.235949
0.926785
0.913683
0.788450
0.383679
0.298087
0.145710
0.422371
0.042850
0.000543
0.511529
0.090899
0.586923
0.251959
0.095413
0.735062
0.813097
0.016543
0.679472
0.488413
0.419100
0.255556
0.746239
0.554677
0.216684
0.099594
0.508427
0.019792
0.304731
0.629291
0.868146
0.960370
0.041582
0.124650
0.132058
0.749706
0.468864
0.383336
0.226155
0.477278
0.839775
0.679894
0.926848
0.342312
0.272499
0.951696
0.467036
0.126594
0.401110
0.171126
0.526748
0.590801
0.544902
0.511930
0.504635
0.304584
0.137607
0.020507
0.679789
0.232688
0.994440
0.264057
0.849383
0.750011
0.738866
0.004366
0.071633
0.031546
0.285047
0.924570
0.299248
0.056875
0.171970
0.173812
0.484394
0.809512
0.244008
0.156374
0.685275
0.735165
0.169493
0.028484
0.459856
0.915109
0.517052
0.928098
0.662235
0.750113
0.283857
0.076620
0.873957
0.727422
0.287649
0.733104
0.374128
0.972341
0.472434
0.076202
0.479418
0.360583
0.371174
0.800553
0.548703
0.532232
0.325293
0.147106
0.689384
0.644755
0.500855
0.691174
0.227096
0.362155
0.187118
0.393033
0.588809
0.112567
0.296497
0.164447
0.506130
0.951696
0.646768
0.282462
0.075396
0.437268
0.679789
0.267517
0.167828
0.038974
0.235040
0.259062
0.858931
0.910032
0.878382
0.070073
0.298015
0.461383
0.430888
0.027965
0.098047
0.673767
0.434118
0.176582
0.029676
0.783060
0.813097
0.450938
0.724004
0.675669
0.254203
0.644543
0.846322
0.923483
0.334081
0.579078
0.102451
0.147148
0.976146
0.384970
0.830041
0.374382
0.489985
0.863487
0.257629
0.074962
0.777832
0.255492
0.795543
0.241464
0.253111
0.781190
0.482830
0.982808
0.727422
0.481171
0.217708
0.449523
0.530402
0.849383
0.746341
0.523104
0.420734
0.491658
0.687278
0.733310
0.625164
0.560569
0.044862
0.179096
0.412513
0.472144
0.989292
0.273722
0.366647
0.382134
0.646768
0.380336
0.232688
0.400845
0.112665
0.271078
0.575739
0.076620
0.328075
0.710367
0.317045
0.586923
0.613749
0.434025
0.269865
0.548806
0.666257
0.996680
0.113322
0.650583
0.189144
0.619665
0.260370
0.440711
0.939019
0.229463
0.188179
0.047605
0.413772
0.040622
0.064036
0.928036
0.971680
0.329628
0.590696
0.549217
0.831587
0.118184
0.354259
0.569595
0.419010
0.164447
0.891167
0.219710
0.282532
0.878542
0.943111
0.548806
0.434025
0.696957
0.080545
0.816379
0.036143
0.843061
0.061894
0.833127
0.263925
0.049508
0.434118
0.611955
0.200447
0.166084
0.328308
0.182774
0.992601
0.233771
0.282601
0.560155
0.369493
0.465308
0.336757
0.839775
0.861975
0.382134
0.702833
0.318258
0.275016
0.488216
0.855861
0.040909
0.003849
0.988549
0.577408
0.358769
0.030593
0.531927
0.464924
0.091852
0.889871
0.315609
0.212404
0.668162
0.819828
0.253175
0.585038
0.851035
0.272364
0.740714
0.128528
0.319778
0.579287
0.539883
0.824822
0.833127
0.528370
0.652596
0.271011
0.209459
0.042891
0.483026
0.452922
0.702728
0.650689
0.852766
0.200447
0.939929
0.372354
0.960415
0.070503
0.714124
0.064711
0.654503
0.175814
0.863570
0.131308
0.230474
0.642954
0.640941
0.446137
0.683377
0.944151
0.829767
0.142590
0.642848
0.546853
0.799016
0.258801
0.255492
0.746444
0.330952
0.609950
0.868146
0.928036
0.363316
0.502644
0.042320
0.126015
0.088860
0.702833
0.839953
0.941000
0.029502
0.249477
0.675775
0.738969
0.026347
0.282184
0.050343
0.552821
0.788547
0.072779
0.393033
0.935659
0.866573
0.329861
0.451315
0.463487
0.364896
0.482830
0.981268
0.520679
0.838256
0.882818
0.981296
0.276042
0.945019
0.454532
0.896727
0.508227
0.099712
0.770378
0.425931
0.048364
0.415754
0.577199
0.260173
0.274948
0.949866
0.957054
0.746444
0.701051
0.829950
0.071655
0.612060
0.271214
0.410808
0.804476
0.600257
0.552615
0.304731
0.018350
0.594475
0.746239
0.412513
0.199543
0.549217
0.025098
0.392859
0.610266
0.948937
0.742763
0.057142
0.446231
0.721824
0.311479
0.147850
0.829676
0.795640
0.088383
0.804095
0.194755
0.088860
0.084649
0.287508
0.031939
0.349868
0.594790
0.704928
0.957897
0.272499
0.750113
0.814693
0.675986
0.468768
0.036178
0.439034
0.777634
0.979095
0.770378
0.917393
0.380336
0.290056
0.855690
0.194703
0.669854
0.345675
0.755596
0.850861
0.202482
0.567932
0.646662
0.733104
0.781485
0.258931
0.834843
0.552821
0.296930
0.102391
0.369577
0.158954
0.968904
0.119488
0.377437
0.768380
0.691174
0.233892
0.397762
0.006781
0.211456
0.783257
0.430428
0.897985
0.278583
0.937871
0.811307
0.879895
0.844739
0.410629
0.508227
0.211456
0.898207
0.383336
0.361907
0.338021
0.585247
0.677993
0.472240
0.108002
0.666151
0.974268
0.229403
0.306057
0.356059
0.900773
0.069219
0.862059
0.084649
0.528168
0.233952
0.174715
0.007288
0.824822
0.852766
0.738866
0.319626
0.691174
0.939985
0.575635
0.846322
0.946094
0.797282
0.160545
0.332357
0.036767
0.594370
0.900700
0.841465
0.850948
0.432271
0.341276
0.865075
0.613643
0.918523
0.064532
0.241773
0.409197
0.136172
0.288780
0.911349
0.394781
0.508127
0.187270
0.795543
0.924570
0.010020
0.779513
0.315459
0.926785
0.839775
0.508327
0.828307
0.627174
0.434025
0.863403
0.606259
0.194911
0.002392
0.988145
0.946147
0.858847
0.710367
0.800649
0.757417
0.539679
0.660223
0.473981
0.444637
0.075351
0.997164
0.933467
0.391290
0.154861
0.875413
0.240599
0.446231
0.888415
0.032464
0.201463
0.857485
0.862059
0.380507
0.792054
0.294052
0.174002
0.155638
0.499069
0.066265
0.236071
0.772173
0.675881
0.988549
0.575635
0.852593
0.533963
0.140515
0.907441
0.575426
0.539270
0.120804
0.535900
0.685275
0.129154
0.521083
0.768580
0.325293
0.002404
0.136908
0.996853
0.447640
0.958823
0.029137
0.979126
0.600572
0.608051
0.328075
0.240661
0.942005
0.941000
0.812909
0.025711
0.449617
0.797378
0.873876
0.740816
0.875655
0.459856
0.113223
0.793801
0.903452
0.364646
0.534167
0.761354
0.276042
0.117502
0.878382
0.913819
0.468768
0.623683
0.386782
0.566167
0.664246
0.215551
0.640941
0.914906
0.698847
0.065554
0.147024
0.477570
0.352710
0.276110
0.520982
0.873957
0.186413
0.652808
0.380507
0.197479
0.910032
0.037655
0.282671
0.598679
0.608262
0.736811
0.635220
0.828124
0.748178
0.834753
0.610055
0.824822
0.470406
0.375822
0.039238
0.729284
0.369493
0.633208
0.432363
0.658104
0.325370
0.698742
0.959555
0.333846
0.823163
0.615650
0.598679
0.488216
0.139172
0.141230
0.829859
0.885709
0.966670
0.528370
0.260173
0.868146
0.723693
0.997861
0.294195
0.076993
0.665834
0.864908
0.456430
0.325524
0.019521
0.086472
0.141191
0.458332
0.040713
0.423830
0.839596
0.662446
0.625375
0.702624
0.725766
0.554368
0.449240
0.731247
0.220860
0.202643
0.254203
0.369745
0.878382
0.940042
0.702519
0.903452
0.594580
0.456715
0.328153
0.296714
0.673873
0.652808
