0.680175
0.742524
0.847476
0.627721
0.484655
0.978817
0.795382
0.122767
0.248118
0.143425
0.847476
0.941345
0.006427
0.844474
0.320750
0.869959
0.434210
0.912577
0.405534
0.236470
0.926623
0.316856
0.844474
0.191911
0.625913
0.053326
0.120969
0.146908
0.316856
0.892223
0.765909
0.822077
0.912577
0.737265
0.199960
0.711585
0.057622
0.537668
0.715150
0.178670
0.507460
0.018311
0.798679
0.179501
0.865720
0.066647
0.316856
0.337336
0.927693
0.868552
0.125199
0.106859
0.138668
0.624106
0.711585
0.601564
0.454207
0.652154
0.084423
0.713368
0.431056
0.477990
0.408579
0.575601
0.622299
0.028605
0.257418
0.070788
0.507460
0.800322
0.957582
0.845978
0.943239
0.266411
0.680175
0.970264
0.028285
0.045111
0.044141
0.192792
0.681978
0.385337
0.379474
0.911401
0.765909
0.008909
0.440557
0.978817
0.442151
0.385337
0.404016
0.622299
0.872753
0.764195
0.512590
0.958377
0.847476
0.537668
0.225754
0.889622
0.141369
0.068599
0.429484
0.179501
0.205012
0.504053
0.404016
0.481317
0.239604
0.482985
0.042605
0.125814
0.245968
0.345501
0.868552
0.618686
0.297267
0.287507
0.435792
0.242770
0.946018
0.041231
0.049326
0.559627
0.942296
0.411638
0.423228
0.407055
0.228776
0.911401
0.845978
0.792070
0.410107
0.910218
0.958377
0.141369
0.146908
0.909027
0.742524
0.823655
0.594378
0.459078
0.509168
0.867139
0.594378
0.892223
0.655774
0.266411
0.450976
0.957582
0.410107
0.979861
0.655774
0.120969
0.969609
0.385337
0.629530
0.486328
0.911401
0.355894
0.101632
0.564938
0.740773
0.300989
0.491363
0.537668
0.312995
0.519462
0.769330
0.205941
0.455828
0.048272
0.706227
0.844474
0.622299
0.653964
0.437377
0.161946
0.379474
0.888312
0.213501
0.177843
0.969609
0.452590
0.512590
0.275056
0.364355
0.272730
0.627721
0.405534
0.594378
0.942296
0.095902
0.505755
0.653964
0.968946
0.823655
0.365778
0.599766
0.517740
0.535924
0.229790
0.926623
0.417796
0.076736
0.687383
0.335988
0.058239
0.035542
0.112599
0.222763
0.124587
0.481317
0.241711
0.575601
0.978817
0.486328
0.561396
0.096388
0.986075
0.868552
0.279751
0.589000
0.115426
0.865720
0.020245
0.438965
0.659394
0.893513
0.063226
0.510878
0.653964
0.715150
0.746019
0.790407
0.455828
0.294805
0.711585
0.130508
0.254106
0.909027
0.909027
0.769330
0.661203
0.911401
0.018311
0.460707
0.568486
0.386811
0.559627
0.570263
0.293579
0.715150
0.016362
0.652154
0.650344
0.293579
0.414711
0.263011
0.844474
0.462339
0.364355
0.620492
0.893513
0.653964
0.959163
0.438965
0.769330
0.620492
0.570263
0.957582
0.048272
0.740773
0.912577
0.818905
0.380934
0.429484
0.980370
0.874140
0.325995
0.181172
0.844474
0.970264
0.535924
0.299745
0.594378
0.244898
0.772738
0.820493
0.970264
0.144116
0.631338
0.906622
0.592584
0.680175
0.279751
0.648533
0.385337
0.820493
0.074770
0.008648
0.482985
0.407055
0.207811
0.940385
0.015575
0.959163
0.542912
0.568486
0.261885
0.310439
0.622299
0.674761
0.045111
0.481317
0.304744
0.978283
0.995534
0.774437
0.945100
0.123371
0.985663
0.357295
0.460707
0.010395
0.488004
0.407055
0.358700
0.225754
0.544664
0.652154
0.168551
0.521185
0.652154
0.548173
0.089086
0.624106
0.414711
0.113723
0.573820
0.032255
0.709801
0.742524
0.769330
0.331965
0.532443
0.646723
0.435792
0.452590
0.333302
0.089542
0.276224
0.338687
0.322056
0.482985
0.537668
0.889622
0.629530
0.455828
0.711585
0.731985
0.620492
0.999332
0.462339
0.986075
0.760756
0.943239
0.943239
0.590791
0.037870
0.648533
0.913746
0.978817
0.315565
0.460707
0.484655
0.820493
0.657584
0.537668
0.489682
0.337336
0.200871
0.680175
0.911401
0.733747
0.158163
0.296034
0.049861
0.315565
0.157416
0.002902
0.041457
0.867139
0.043901
0.685583
0.978817
0.765909
0.944174
0.909027
0.625913
0.514304
0.431056
0.337336
0.324678
0.769330
0.062893
0.345501
0.360108
0.404016
0.413173
0.689183
0.210640
0.380934
0.239604
0.459078
0.263011
0.955966
0.047753
0.978283
0.740773
0.488004
0.092791
0.771035
0.021497
0.978817
0.226758
0.244898
0.062893
0.021993
0.131146
0.715150
0.681978
0.003418
0.177843
0.868552
0.402502
0.410107
0.123371
0.345501
0.011594
0.968946
0.546417
0.181172
0.037870
0.620492
0.340043
0.790407
0.292357
0.685583
0.995135
0.322056
0.294805
0.868552
0.926623
0.482985
0.968946
0.457451
0.226758
0.592584
0.793728
0.888312
0.111485
0.239604
0.015395
0.925544
0.031898
0.977740
0.979861
0.653964
0.279751
0.842965
0.926623
0.413173
0.907828
0.210640
0.991217
0.088180
0.355894
0.848969
0.103176
0.095902
0.925544
0.224754
0.733747
0.075944
0.702648
0.041913
0.689183
0.907828
0.049326
0.275056
0.411638
0.659394
0.110932
0.236470
0.625913
0.653964
0.715150
0.426349
0.624106
0.625913
0.653964
0.335988
0.057929
0.414711
0.020015
0.864295
0.792070
0.131785
0.930855
0.742524
0.504053
0.653964
0.240655
0.969609
0.169342
0.214461
0.318150
0.620492
0.910218
0.070788
0.655774
0.765909
0.655774
0.823655
0.541162
0.844474
0.258529
0.489682
0.995725
0.977740
0.739020
0.566711
0.941345
0.380934
0.254106
0.597969
0.001734
0.539414
0.242770
0.841450
0.537668
0.735507
0.277396
0.488004
0.007184
0.627721
0.099355
0.930855
0.542912
0.771035
0.180335
0.841450
0.137002
0.844474
0.589000
0.566711
0.888312
0.026217
0.927693
0.476330
0.597969
0.597969
0.760756
0.104216
0.744273
0.075160
0.944174
0.718708
0.874140
0.144116
0.298504
0.225754
0.845978
0.708015
0.844474
0.512590
0.157416
0.038712
0.737265
0.599766
0.991810
0.864295
0.927693
0.407055
0.205012
0.680175
0.134372
0.316856
0.625913
0.179501
0.318150
0.530705
0.532443
0.362936
0.792070
0.627721
0.486328
0.222763
0.399484
0.385337
0.563166
0.240655
0.894796
0.378017
0.454207
0.943239
0.959163
0.771035
0.488004
0.045357
0.089999
0.016552
0.380934
0.774437
0.041006
0.015485
0.405534
0.479652
0.793728
0.273891
0.364355
0.871359
0.537668
0.223757
0.718708
0.541162
0.278571
0.259644
0.889622
0.141369
0.534183
0.762477
0.930855
0.260763
0.045111
0.271573
0.259644
0.355894
0.488004
0.516021
0.082280
0.220787
0.968946
0.865720
0.624106
0.167762
0.010519
0.893513
0.744273
0.318150
0.400991
0.277396
0.297267
0.708015
0.532443
0.316856
0.739020
0.653964
0.685583
0.045111
0.144809
0.708015
0.977740
0.683781
0.759033
0.530705
0.155930
0.909027
0.737265
0.716929
0.005817
0.123371
0.847476
0.599766
0.341402
0.142737
0.657584
0.408579
0.004278
0.166977
0.341402
0.519462
0.512590
0.629530
0.539414
0.042142
0.622299
0.709801
0.997905
0.958377
0.627721
0.015129
0.685583
0.457451
0.683781
0.440557
0.502353
0.709801
0.142052
0.297267
0.910218
0.711585
0.842965
0.539414
0.365778
0.303489
0.573820
0.771035
0.113723
0.818905
0.765909
0.713368
0.311715
0.788742
0.869959
0.597969
0.010152
0.297267
0.460707
0.742524
0.053613
0.280934
0.298504
0.507460
0.354497
0.318150
0.709801
0.057929
0.097862
0.410107
0.042373
0.674761
0.871359
0.192792
0.361520
0.111485
0.182013
0.192792
0.759033
0.361520
0.624106
0.070051
0.991810
0.926623
0.102144
0.771035
0.510878
0.379474
0.342765
0.625913
0.847476
0.978817
0.661203
0.589000
0.435792
0.657584
0.841450
0.440557
0.570263
0.618686
0.713368
0.144116
0.354497
0.050130
0.261885
0.845978
0.094935
0.906622
0.077536
0.822077
0.291139
0.653964
0.358700
0.318150
0.414711
0.929809
0.002394
0.075944
0.046352
0.318150
0.264141
0.631338
0.312995
0.413173
0.199052
0.459078
0.225754
0.739020
0.842965
0.839930
0.114288
0.978283
0.277396
0.967595
0.708015
0.629530
0.570263
0.764195
0.517740
0.004702
0.958377
0.013583
0.868552
0.517740
0.361520
0.509168
0.848969
0.599766
0.597969
0.437377
0.069322
0.429484
0.294805
0.361520
0.465613
0.331965
0.258529
0.071905
0.622299
0.254106
0.435792
0.034381
0.892223
0.653964
0.163096
0.016552
0.241711
0.177843
0.817313
0.133721
0.823655
0.034381
0.153723
0.970910
0.521185
0.017037
0.218825
0.926623
0.320750
0.455828
0.340043
0.867139
0.652154
0.930855
0.223757
0.867139
0.795382
0.512590
0.000519
0.010213
0.455828
0.481317
0.123371
0.865720
0.096877
0.711585
0.797033
0.320750
0.489682
0.201785
0.946018
0.771035
0.115426
0.572041
0.293579
0.970264
0.629530
0.122165
0.298504
0.482985
0.314278
0.708015
0.575601
0.629530
0.170137
0.041457
0.096877
0.489682
0.000804
0.491363
0.371506
0.207811
0.909027
0.388289
0.818905
0.431056
0.294805
0.129874
0.559627
0.017997
0.845978
0.005852
0.068599
0.011391
0.771035
0.942296
0.140013
0.616881
0.681978
0.687383
0.165415
0.687383
0.054481
0.814114
0.516021
0.871359
0.062893
0.152993
0.310439
0.890926
0.263011
0.986875
0.455828
0.225754
0.413173
0.708015
0.392744
0.795382
0.357295
0.208751
0.683781
0.296034
0.512590
0.112599
0.735507
0.820493
0.888312
0.867139
0.594378
0.659394
0.596173
0.311715
0.711585
0.845978
0.277396
0.407055
0.535924
0.907828
0.715150
0.663012
0.298504
0.731985
0.715150
0.655774
0.616881
0.541162
0.519462
0.392744
0.744273
0.910218
0.431056
0.906622
0.463975
0.823655
0.790407
0.505755
0.033814
0.822077
0.517740
0.713368
0.627721
0.129874
0.512590
0.219804
0.913746
0.519462
0.742524
0.376564
0.516021
0.491363
0.624106
0.119783
0.622299
0.102659
0.117152
0.041684
0.221774
0.408579
0.678371
0.597969
0.740773
0.631338
0.825229
0.674761
0.383866
0.792070
0.296034
0.841450
0.119194
0.892223
0.847476
0.720484
0.912577
0.646723
0.383866
0.772738
0.087283
0.434210
0.027970
0.294805
0.823655
0.661203
0.208751
0.769330
0.494733
0.477990
0.850456
0.265274
0.365778
0.141369
0.928755
0.970264
0.221774
0.229790
0.256310
0.254106
0.479652
0.825229
0.180335
0.568486
0.946018
0.762477
0.893513
0.296034
0.507460
0.910218
0.207811
0.382398
0.839930
0.027271
0.227765
0.946928
0.223757
0.391255
0.627721
0.765909
0.455828
0.704438
0.627721
0.970264
0.294805
0.505755
0.685583
0.845978
0.168551
0.646723
0.762477
0.034381
0.822077
0.633147
0.311715
0.991517
0.911401
0.460707
0.179501
0.817313
0.077135
0.746019
0.337336
0.956778
0.848969
0.864295
0.946018
0.115426
0.889622
0.505755
0.434210
0.737265
0.254106
0.238556
0.432632
0.986479
0.212544
0.207811
0.769330
0.505755
0.980370
0.143425
0.544664
0.457451
0.179501
0.080601
0.742524
0.599766
0.155930
0.566711
0.414711
0.592584
0.680175
0.229790
0.931893
0.199052
0.842965
0.757306
0.544664
0.605163
0.847476
0.279751
0.049861
0.005199
0.597969
0.018101
0.709801
0.069322
0.315565
0.929809
0.151542
0.929809
0.003234
0.765909
0.331965
0.337336
0.298504
0.083131
0.427915
0.477990
0.040782
0.087283
0.769330
0.141369
0.798679
0.459078
0.354497
0.709801
0.362936
0.026664
0.986075
0.943239
0.517740
0.893513
0.969609
0.212544
0.867139
0.592584
0.977740
0.358700
0.491363
0.790407
0.742524
0.182013
0.407055
0.316856
0.314278
0.886994
0.568486
0.514304
0.968275
0.620492
0.460707
0.098855
0.289925
0.683781
0.848969
0.683781
0.355894
0.648533
0.311715
0.970910
0.507460
0.035346
0.324678
0.818905
0.198148
0.769330
0.890926
0.435792
0.049326
0.746019
0.716929
0.659394
0.681978
0.225754
0.017435
0.484655
0.977190
0.792070
0.687383
0.739020
0.894796
0.708015
0.708015
0.432632
0.003234
0.706227
0.410107
0.912577
0.489682
0.342765
0.711585
0.615076
0.708015
0.333302
0.624106
0.683781
0.025632
0.205941
0.978817
0.912577
0.817313
0.867139
0.871359
0.886994
0.769330
0.296034
0.181172
0.044141
0.291139
0.129242
0.507460
0.271573
0.319448
0.267552
0.535924
0.479652
0.818905
0.740773
0.460707
0.844474
0.156671
0.655774
0.594378
0.764195
0.038079
0.690982
0.486328
0.112599
0.841450
0.089999
0.868552
0.589000
0.907828
0.184553
0.716929
0.596173
0.338687
0.447756
0.945100
0.817313
0.823655
0.659394
0.118315
0.434210
0.028765
0.477990
0.225754
0.868552
0.597969
0.404016
0.009427
0.912577
0.871359
0.361520
0.940385
0.486328
0.153723
0.047883
0.573820
0.706227
0.486328
0.119194
0.968946
0.537668
0.263011
0.601564
0.364355
0.122165
0.706227
0.192792
0.135025
0.388289
0.539414
0.463975
0.411638
0.652154
0.655774
0.089999
0.848969
0.073996
0.683781
0.486328
0.929809
0.089086
0.225754
0.978283
0.253009
0.737265
0.093977
0.028927
0.115426
0.986479
0.597969
0.740773
0.924458
0.135681
0.434210
0.280934
0.337336
0.532443
0.223757
0.795382
0.156671
0.407055
0.235433
0.038289
0.105266
0.557860
0.907828
0.627721
0.735507
0.986875
0.481317
0.769330
0.959163
0.771035
0.678371
0.166194
0.037455
0.788742
0.135681
0.913746
0.318150
0.890926
0.429484
0.486328
0.272730
0.510878
0.429484
0.890926
0.713368
0.082705
0.573820
0.031195
0.507460
0.338687
0.596173
0.589000
0.028445
0.002902
0.871359
0.795382
0.429484
0.542912
0.968275
0.539414
0.927693
0.361520
0.746019
0.568486
0.429484
0.822077
0.957582
0.103695
0.032076
0.089999
0.011258
0.335988
0.634957
0.867139
0.277396
0.383866
0.413173
0.510878
0.792070
0.489682
0.291139
0.537668
0.344131
0.986075
0.544664
0.733747
0.319448
0.650344
0.405534
0.342765
0.023747
0.258529
0.653964
0.871359
0.822077
0.027118
0.122165
0.342765
0.716929
0.379474
0.793728
0.297267
0.174157
0.519462
0.238556
0.539414
0.083990
0.107394
0.652154
0.230808
0.435792
0.245968
0.716929
0.257418
0.338687
0.787072
0.652154
0.300989
0.222763
0.300989
0.765909
0.031195
0.354497
0.680175
0.080601
0.015218
0.386811
0.559627
0.814114
0.029582
0.462339
0.404016
0.620492
0.739020
0.438965
0.648533
0.892223
0.889622
0.890926
0.625913
0.678371
0.297267
0.211590
0.767621
0.088180
0.596173
0.681978
0.315565
0.795382
0.926623
0.683781
0.450976
0.627721
0.648533
0.907828
0.561396
0.848969
0.991810
0.978283
0.790407
0.848969
0.193676
0.463975
0.225754
0.911401
0.340043
0.437377
0.711585
0.575601
0.310439
0.655774
0.676566
0.740773
0.277396
0.872753
0.822077
0.941345
0.275056
0.006704
0.242770
0.575601
0.152993
0.765909
0.892223
0.718708
0.627721
0.124587
0.302237
0.986479
0.713368
0.432632
0.539414
0.912577
0.258529
0.765909
0.944174
0.110932
0.746019
0.357295
0.404016
0.872753
0.942296
0.404016
0.298504
0.986875
0.771035
0.844474
0.890926
0.911401
0.243832
0.945100
0.075160
0.242770
0.314278
0.864295
0.657584
0.388289
0.075944
0.797033
0.426349
0.771035
0.844474
0.886994
0.316856
0.943239
0.442151
0.341402
0.378017
0.083990
0.147613
0.314278
0.589000
0.357295
0.790407
0.744273
0.655774
0.181172
0.845978
0.041913
0.941345
0.133721
0.986479
0.970264
0.113160
0.131785
0.241711
0.166194
0.771035
0.739020
0.244898
0.624106
0.522911
0.629530
0.597969
0.954317
0.532443
0.942296
0.165415
0.177018
0.241711
0.929809
0.195455
0.296034
0.907828
0.226758
0.842965
0.570263
0.764195
0.361520
0.944174
0.823655
0.053613
0.944174
0.592584
0.294805
0.069686
0.868552
0.601564
0.424787
0.197247
0.594378
0.192792
0.817313
0.909027
0.772738
0.979343
0.535924
0.890926
0.123371
0.226758
0.210640
0.225754
0.361520
0.122767
0.652154
0.793728
0.168551
0.510878
0.596173
0.509168
0.517740
0.711585
0.739020
0.216392
0.460707
0.925544
0.435792
0.927693
0.590791
0.867139
0.818905
0.106325
0.818905
0.009769
0.539414
0.334643
0.650344
0.035542
0.652154
0.238556
0.277396
0.108472
0.845978
0.440557
0.655774
0.205941
0.795382
0.071158
0.678371
0.045357
0.104216
0.792070
0.535924
0.096388
0.652154
0.986075
0.867139
0.798679
0.048797
0.845978
0.928755
0.261885
0.361520
0.360108
0.592584
0.661203
0.869959
0.169342
0.774437
0.208751
0.089086
0.008026
0.120969
0.850456
0.927693
0.735507
0.400991
0.482985
0.507460
0.826798
0.862864
0.011594
0.266411
0.744273
0.603363
0.510878
0.683781
0.820493
0.353103
0.742524
0.541162
0.263011
0.424787
0.842965
0.337336
0.842965
0.367205
0.739020
0.375114
0.230808
0.844474
0.029417
0.718708
0.687383
0.507460
0.625913
0.564938
0.793728
0.740773
0.622299
0.820493
0.622299
0.815715
0.140013
0.431056
0.031195
0.998018
0.122165
0.797033
0.298504
0.979343
0.765909
0.762477
0.683781
0.484655
0.594378
0.037870
0.136340
0.385337
0.926623
0.509168
0.795382
0.153723
0.629530
0.195455
0.867139
0.035542
0.360108
0.220787
0.509168
0.980370
0.391255
0.594378
0.747762
0.467254
0.357295
0.771035
0.742524
0.132428
0.386811
0.077135
0.408579
0.566711
0.910218
0.769330
0.452590
0.070051
0.653964
0.015306
0.489682
0.227765
0.076736
0.616881
0.844474
0.434210
0.657584
0.539414
0.455828
0.911401
0.943239
0.386811
0.817313
0.912577
0.045111
0.572041
0.822077
0.888312
0.463975
0.706227
0.222763
0.404016
0.437377
0.383866
0.648533
0.050130
0.315565
0.006032
0.081858
0.166194
0.709801
0.865720
0.324678
0.997787
0.325995
0.683781
0.109559
0.003602
0.102659
0.011324
0.400991
0.532443
0.905408
0.539414
0.771035
0.019674
0.081018
0.434210
0.245968
0.867139
0.991517
0.035542
0.144116
0.544664
0.489682
0.334643
0.928755
0.379474
0.264141
0.140013
0.214461
0.530705
0.512590
0.402502
0.005137
0.261885
0.054190
0.742524
0.890926
0.826798
0.737265
0.353103
0.411638
0.411638
0.592584
0.237511
0.716929
0.358700
0.762477
0.380934
0.258529
0.300989
0.627721
0.800322
0.482985
0.145506
0.886994
0.568486
0.925544
0.133073
0.334643
0.822077
0.514304
0.509168
0.650344
0.088180
0.380934
0.486328
0.316856
0.889622
0.603363
0.509168
0.657584
0.911401
0.652154
0.225754
0.388289
0.767621
0.277396
0.570263
0.256310
0.297267
0.657584
0.062561
0.510878
0.121565
0.155191
0.944174
0.488004
0.535924
0.340043
0.275056
0.631338
0.099355
0.687383
0.386811
0.144116
0.767621
0.016745
0.769330
0.333302
0.825229
0.465613
0.771035
0.427915
0.566711
0.793728
0.275056
0.006388
0.801960
0.034191
0.318150
0.871359
0.740773
0.648533
0.122165
0.055362
0.544664
0.411638
0.102659
0.991517
0.507460
0.627721
0.042605
0.068599
0.742524
0.704438
0.177018
0.740773
0.196349
0.564938
0.867139
0.034957
0.482985
0.000000
0.380934
0.227765
0.052757
0.653964
0.090459
0.930855
0.037870
0.716929
0.680175
0.158914
0.716929
0.040782
0.739020
0.115999
0.311715
0.180335
0.045357
0.847476
0.454207
0.945100
0.411638
0.197247
0.534183
0.572041
0.139339
0.064235
0.270419
0.841450
0.455828
0.772738
0.019394
0.539414
0.133721
0.929809
0.386811
0.979861
0.892223
0.505755
0.928755
0.735507
0.005924
0.845978
0.537668
0.841450
0.037662
0.730221
0.024989
0.245968
0.172540
0.618686
0.167762
0.364355
0.657584
0.196349
0.943239
0.094455
0.001472
0.196349
0.797033
0.687383
0.746019
0.061903
0.504053
0.258529
0.223757
0.592584
0.926623
0.620492
0.265274
0.970264
0.512590
0.342765
0.316856
0.568486
0.025273
0.024291
0.385337
0.244898
0.404016
0.488004
0.708015
0.715150
0.479652
0.063226
0.517740
0.486328
0.507460
0.397980
0.672955
0.968275
0.315565
0.772738
0.077536
0.155930
0.817313
0.028445
0.193676
0.258529
0.653964
0.625913
0.715150
0.023882
0.014150
0.544664
0.167762
0.241711
0.196349
0.120969
0.193676
0.979861
0.944174
0.818905
0.120375
0.769330
0.405534
0.028605
0.570263
0.429484
0.890926
0.191033
0.260763
0.199052
0.706227
0.956778
0.455828
0.680175
0.931893
0.616881
0.871359
0.603363
0.002086
0.491363
0.788742
0.454207
0.892223
0.431056
0.798679
0.570263
0.334643
0.652154
0.050401
0.028927
0.653964
0.564938
0.189287
0.361520
0.652154
0.685583
0.711585
0.968275
0.764195
0.825229
0.519462
0.872753
0.957582
0.946928
0.742524
0.713368
0.254106
0.221774
0.034191
0.184553
0.005168
0.000642
0.823655
0.959163
0.995534
0.484655
0.427915
0.147613
0.740773
0.015395
0.011061
0.434210
0.599766
0.224754
0.361520
0.050130
0.744273
0.315565
0.037455
0.180335
0.193676
0.969609
0.868552
0.355894
0.622299
0.798679
0.402502
0.797033
0.144116
0.653964
0.455828
0.716929
0.924458
0.034381
0.842965
0.570263
0.432632
0.382398
0.071531
0.715150
0.255206
0.603363
0.429484
0.564938
0.358700
0.925544
0.970264
0.946018
0.414711
0.354497
0.798679
0.018101
0.534183
0.212544
0.193676
0.713368
0.316856
0.774437
0.266411
0.709801
0.844474
0.182856
0.314278
0.206874
0.969609
0.767621
0.275056
0.839930
0.979343
0.713368
0.289925
0.596173
0.243832
0.408579
0.687383
0.865720
0.007141
0.797033
0.622299
0.657584
0.597969
0.450976
0.320750
0.716929
0.769330
0.133073
0.978283
0.624106
0.622299
0.361520
0.943239
0.535924
0.379474
0.769330
0.715150
0.969609
0.546417
0.272730
0.001075
0.113723
0.865720
0.592584
0.243832
0.477990
0.514304
0.769330
0.414711
0.970264
0.872753
0.199960
0.152993
0.620492
0.625913
0.135025
0.624106
0.076339
0.337336
0.946928
0.739020
0.191033
0.514304
0.661203
0.504053
0.355894
0.535924
0.850456
0.226758
0.822077
0.509168
0.310439
0.405534
0.959163
0.683781
0.491363
0.514304
0.892223
0.687383
0.913746
0.088180
0.715150
0.708015
0.742524
0.018629
0.739020
0.926623
0.746019
0.771035
0.353103
0.517740
0.986479
0.661203
0.653964
0.315565
0.257418
0.945100
0.424787
0.417796
0.342765
0.537668
0.191911
0.624106
0.911401
0.539414
0.561396
0.847476
0.259644
0.355894
0.070788
0.715150
0.013986
0.534183
0.572041
0.842965
0.165415
0.930855
0.659394
0.316856
0.820493
0.618686
0.477990
0.942296
0.657584
0.385337
0.380934
0.847476
0.825229
0.207811
0.516021
0.432632
0.337336
0.457451
0.103695
0.437377
0.841450
0.596173
0.212544
0.041231
0.945100
0.465613
0.740773
0.868552
0.680175
0.676566
0.407055
0.625913
0.379474
0.227765
0.178670
0.713368
0.744273
0.509168
0.930855
0.112599
0.706227
0.868552
0.180335
0.400991
0.709801
0.844474
0.708015
0.845978
0.795382
0.459078
0.316856
0.467254
0.278571
0.661203
0.454207
0.912577
0.146205
0.537668
0.572041
0.652154
0.943239
0.926623
0.519462
0.566711
0.512590
0.361520
0.956778
0.795382
0.911401
0.820493
0.012699
0.956778
0.097368
0.624106
0.410107
0.685583
0.385337
0.941345
0.624106
0.455828
0.407055
0.152993
0.081858
0.275056
0.413173
0.622299
0.625913
0.765909
0.207811
0.592584
0.620492
0.681978
0.379474
0.625913
0.358700
0.322056
0.263011
0.541162
0.037249
0.848969
0.064235
0.928755
0.911401
0.960711
0.457451
0.275056
0.814114
0.049861
0.625913
0.022499
0.823655
0.045111
0.742524
0.534183
0.383866
0.152266
0.367205
0.509168
0.793728
0.512590
0.111485
0.514304
0.568486
0.341402
0.008494
0.659394
0.589000
0.432632
0.744273
0.302237
0.955966
0.222763
0.747762
0.315565
0.479652
0.946018
0.316856
0.402502
0.746019
0.154455
0.227765
0.486328
0.193676
0.820493
