0.554865
0.913832
0.463278
0.230456
0.596019
0.189631
0.891448
0.968500
0.842713
0.409193
0.889905
0.533753
0.195731
0.764089
0.688062
0.522113
0.195378
0.276954
0.583279
0.213661
0.162490
0.024847
0.230456
0.607742
0.976335
0.789164
0.426910
0.652378
0.106905
0.643438
0.032560
0.474000
0.011437
0.273038
0.863660
0.486825
0.091053
0.194850
0.455879
0.112852
0.309788
0.469112
0.886268
0.968099
0.779890
0.209898
0.336970
0.341520
0.788176
0.682369
0.176922
0.030378
0.835784
0.870652
0.349105
0.436556
0.352940
0.349925
0.424133
0.362368
0.580104
0.239235
0.627711
0.460376
0.361530
0.597083
0.672387
0.690195
0.691260
0.592829
0.429388
0.327471
0.474981
0.078604
0.554865
0.265331
0.809921
0.895009
0.251485
0.112299
0.218440
0.359857
0.465543
0.023051
0.782551
0.442526
0.730364
0.459410
0.983128
0.492133
0.223892
0.844205
0.301328
0.101740
0.075218
0.240688
0.942798
0.785534
0.086575
0.020319
0.367426
0.304791
0.677380
0.836694
0.006453
0.478257
0.050239
0.289910
0.344487
0.851582
0.799948
0.167704
0.523136
0.689128
0.624854
0.878837
0.151182
0.757286
0.554865
0.089238
0.713897
0.865914
0.619857
0.740093
0.130937
0.867594
0.084324
0.675241
0.168015
0.365172
0.066937
0.950675
0.373098
0.459410
0.860536
0.232070
0.906562
0.699065
0.266004
0.521431
0.270527
0.339374
0.855653
0.979654
0.125132
0.805436
0.083642
0.078604
0.865352
0.437182
0.453319
0.073916
0.532722
0.163856
0.671316
0.184696
0.087013
0.396046
0.428768
0.338571
0.385192
0.523136
0.556608
0.217285
0.570604
0.241940
0.626996
0.035155
0.873679
0.567446
0.109573
0.618787
0.489476
0.829979
0.387523
0.504169
0.811514
0.558701
0.884956
0.811832
0.551038
0.359857
0.391917
0.774207
0.326948
0.571306
0.007692
0.388399
0.658456
0.104294
0.670602
0.146405
0.100333
0.559399
0.040405
0.808003
0.797999
0.979346
0.897769
0.094879
0.700127
0.876676
0.165233
0.542372
0.386939
0.837602
0.347743
0.386939
0.583986
0.048040
0.782551
0.172580
0.451404
0.582926
0.507198
0.349925
0.427220
0.642723
0.166465
0.367708
0.797349
0.048091
0.865352
0.348287
0.942238
0.765783
0.152755
0.947884
0.132583
0.688417
0.657384
0.019092
0.930218
0.575173
0.439064
0.265555
0.120485
0.030445
0.363768
0.420752
0.276260
0.747688
0.842713
0.263541
0.492465
0.863660
0.237995
0.286571
0.690195
0.357634
0.518368
0.944278
0.758309
0.697293
0.786195
0.132075
0.723726
0.626639
0.323827
0.277418
0.172421
0.598857
0.469437
0.896268
0.665246
0.318159
0.741131
0.004338
0.067565
0.582220
0.146128
0.894251
0.292072
0.072335
0.592829
0.270299
0.219987
0.234916
0.570604
0.343136
0.666318
0.005943
0.313320
0.591058
0.006058
0.629497
0.359857
0.856520
0.870652
0.954044
0.045148
0.867594
0.945917
0.428768
0.441896
0.048091
0.051428
0.279977
0.812468
0.776217
0.047784
0.780889
0.631641
0.397527
0.903187
0.017532
0.247846
0.420139
0.580104
0.110439
0.793759
0.109897
0.591058
0.295458
0.112299
0.487487
0.046374
0.571306
0.230456
0.455879
0.350745
0.391623
0.579399
0.221737
0.219405
0.284675
0.107752
0.237788
0.845097
0.805436
0.680588
0.372529
0.171152
0.716711
0.780889
0.159188
0.637717
0.987298
0.287046
0.202896
0.998771
0.836694
0.603830
0.149199
0.076384
0.130560
0.249553
0.736278
0.543410
0.765106
0.599922
0.394273
0.273726
0.305040
0.574469
0.882578
0.195378
0.372244
0.876676
0.070276
0.999520
0.008375
0.526894
0.320984
0.399308
0.050400
0.583986
0.241313
0.094310
0.981825
0.051428
0.888612
0.977002
0.997721
0.357634
0.816900
0.979654
0.223303
0.619501
0.043062
0.564643
0.672387
0.269164
0.612727
0.838207
0.935288
0.616648
0.216709
0.672387
0.423517
0.799948
0.745966
0.551733
0.808963
0.809921
0.672387
0.232678
0.087543
0.297405
0.391623
0.698356
0.244247
0.647729
0.309034
0.526894
0.560796
0.758309
0.877488
0.571306
0.487487
0.895765
0.363768
0.161283
0.049919
0.626639
0.621641
0.381134
0.696229
0.434992
0.704019
0.151182
0.678450
0.617717
0.023051
0.816900
0.225470
0.353765
0.768825
0.469437
0.770510
0.160982
0.056863
0.805436
0.863660
0.178717
0.792777
0.660601
0.294003
0.825656
0.393388
0.207296
0.374811
0.076540
0.981825
0.591058
0.673457
0.110656
0.539264
0.003895
0.040405
0.305040
0.084581
0.214800
0.038149
0.798974
0.812468
0.840015
0.729666
0.470413
0.353765
0.855653
0.565694
0.183520
0.454278
0.626639
0.205270
0.959774
0.302068
0.967017
0.655596
0.647729
0.392505
0.643438
0.121190
0.765106
0.849236
0.520409
0.177410
0.582926
0.406783
0.615934
0.883373
0.793759
0.433119
0.937456
0.492133
0.382580
0.357634
0.598857
0.359022
0.399011
0.413429
0.027345
0.976335
0.674527
0.026596
0.043294
0.015549
0.101942
0.513617
0.995365
0.810559
0.735236
0.602053
0.626639
0.494130
0.690195
0.806400
0.168015
0.668460
0.994920
0.578342
0.900495
0.104294
0.544102
0.369122
0.915662
0.094594
0.591058
0.118622
0.131315
0.377102
0.993114
0.979036
0.765783
0.809921
0.671316
0.620571
0.944827
0.853332
0.509221
0.342328
0.245512
0.340983
0.168015
0.728619
0.582220
0.287284
0.141487
0.663460
0.771520
0.000134
0.182518
0.926656
0.340983
0.365453
0.084068
0.135151
0.567446
0.883373
0.479242
0.212526
0.597792
0.920594
0.503497
0.078363
0.392505
0.779890
0.969942
0.231666
0.504505
0.656311
0.753525
0.725825
0.655596
0.884166
0.050722
0.592120
0.800920
0.599922
0.172103
0.739053
0.158446
0.784541
0.905844
0.220569
0.476618
0.600988
0.326166
0.487487
0.167239
0.367708
0.893489
0.776886
0.728619
0.145713
0.177899
0.951189
0.755578
0.127821
0.021865
0.094594
0.431251
0.738013
0.859680
0.228252
0.520409
0.809921
0.346112
0.664531
0.565694
0.549996
0.476618
0.270527
0.438123
0.750782
0.756261
0.990045
0.577285
0.923656
0.083388
0.986205
0.025722
0.151609
0.168951
0.726524
0.440951
0.988334
0.169421
0.579047
0.080799
0.203807
0.699065
0.181188
0.466515
0.047428
0.795393
0.130937
0.454918
0.811514
0.446320
0.636644
0.607031
0.155069
0.514972
0.283260
0.553821
0.713897
0.701189
0.960989
0.065903
0.183353
0.016334
0.955355
0.677380
0.638432
0.040668
0.265331
0.351293
0.470087
0.106905
0.459732
0.918147
0.563593
0.933082
0.390156
0.051922
0.788176
0.904640
0.007839
0.376529
0.415253
0.566395
0.469437
0.527921
0.790809
0.431251
0.931862
0.024216
0.157559
0.977002
0.485833
0.849236
0.826276
0.081959
0.251916
0.367708
0.469437
0.191011
0.782551
0.999983
0.712841
0.891448
0.790151
0.075682
0.852458
0.735236
0.782551
0.479242
0.246571
0.791793
0.161734
0.605964
0.262205
0.233286
0.522113
0.137498
0.450449
0.628782
0.887052
0.159934
0.577285
0.129683
0.114747
0.292554
0.754552
0.876676
0.769499
0.372529
0.979036
0.328255
0.266004
0.173377
0.027013
0.348287
0.648444
0.194323
0.942238
0.348287
0.967017
0.626639
0.091420
0.989108
0.437182
0.289910
0.972829
0.821296
0.515651
0.350745
0.339374
0.247633
0.177410
0.901233
0.443473
0.021450
0.346112
0.885744
0.728619
0.536506
0.777888
0.684505
0.298138
0.603830
0.973792
0.387815
0.782551
0.308283
0.879106
0.860536
0.645584
0.123446
0.399903
0.483191
0.415862
0.029161
0.364610
0.700127
0.880446
0.385192
0.918147
0.546180
0.481873
0.806079
0.134247
0.016185
0.052698
0.040187
0.453958
0.599922
0.077487
0.147936
0.625568
0.957122
0.312560
0.654524
0.667389
0.289192
0.096989
0.330616
0.430319
0.200905
0.923656
0.537540
0.205454
0.460376
0.096989
0.525185
0.313320
0.320984
0.901233
0.016769
0.421059
0.877488
0.594955
0.285859
0.288475
0.151039
0.740093
0.486825
0.944827
0.933687
0.367426
0.892726
0.848353
0.101437
0.663460
0.707199
0.059243
0.040274
0.160532
0.310290
0.288475
0.028365
0.678450
0.684505
0.334312
0.733498
0.924949
0.667389
0.432185
0.999252
0.778890
0.307032
0.407385
0.789164
0.989108
0.835784
0.278114
0.427838
0.903187
0.208408
0.355144
0.548260
0.270527
0.777888
0.264658
0.986444
0.768487
0.440951
0.356802
0.687351
0.889905
0.101942
0.250196
0.768825
0.469437
0.421059
0.909881
0.227653
0.782551
0.725475
0.431251
0.051428
0.150755
0.465866
0.888612
0.488481
0.969291
0.364610
0.285148
0.079249
0.975083
0.712841
0.562894
0.712841
0.046275
0.157854
0.283260
0.727572
0.957597
0.801890
0.005761
0.840015
0.131315
0.244668
0.663460
0.050884
0.281381
0.842713
0.048763
0.517348
0.681300
0.412519
0.521431
0.575173
0.714953
0.128191
0.678450
0.903915
0.594955
0.326166
0.002890
0.411610
0.858821
0.711784
0.223892
0.479242
0.088699
0.764089
0.845097
0.210647
0.913141
0.947352
0.366861
0.645584
0.997444
0.010516
0.640577
0.944278
0.201808
0.189116
0.702251
0.056983
0.541336
0.809921
0.523136
0.355144
0.669531
0.245512
0.254948
0.607742
0.724426
0.285148
0.373098
0.934090
0.348560
0.395750
0.241940
0.643438
0.380556
0.652736
0.191011
0.086400
0.912447
0.378827
0.860536
0.105749
0.010827
0.865914
0.125738
0.708258
0.188944
0.539609
0.195378
0.611659
0.848353
0.369122
0.112520
0.695165
0.957122
0.159784
0.973792
0.900495
0.609878
0.578342
0.187576
0.108285
0.545140
0.038565
0.349925
0.883373
0.843311
0.903915
0.800920
0.320469
0.040668
0.249553
0.558701
0.330616
0.845988
0.395159
0.211585
0.321500
0.237170
0.328779
0.789822
0.592829
0.067705
0.389277
0.173697
0.777220
0.297405
0.069123
0.617717
0.579047
0.317391
0.415862
0.305537
0.890678
0.011160
0.598857
0.077487
0.281381
0.070276
0.687351
0.140816
0.926018
0.885481
0.377102
0.017612
0.688062
0.331406
0.213093
0.087543
0.232880
0.070348
0.291831
0.384610
0.282789
0.090232
0.182018
0.757286
0.012608
0.335108
0.570253
0.879643
0.149481
0.858821
0.312308
0.134634
0.799948
0.084324
0.497801
0.508209
0.000008
0.119434
0.326166
0.658456
0.637717
0.897769
0.503497
0.903915
0.407385
0.987069
0.385192
0.843311
0.164162
0.579047
0.508884
0.741131
0.752497
0.988900
0.638432
0.409193
0.999604
0.153908
0.274186
0.777888
0.150755
0.168015
0.210459
0.296674
0.939585
0.580457
0.682369
0.214230
0.684149
0.769499
0.625568
0.486825
0.757286
0.446003
0.625568
0.393978
0.926656
0.965495
0.475635
0.268711
0.708964
0.743896
0.036924
0.392505
0.192923
0.455879
0.216901
0.258447
0.033908
0.389277
0.162187
0.538574
0.826585
0.228252
0.486825
0.605964
0.164162
0.337770
0.258667
0.931862
0.821296
0.652378
0.564643
0.455879
0.748720
0.779890
0.298138
0.281850
0.199287
0.741131
0.204903
0.233286
0.335639
0.133862
0.860536
0.078123
0.891448
0.682369
0.990045
0.520409
0.039884
0.014200
0.164162
0.517688
0.804471
0.130937
0.970328
0.279977
0.096121
0.320469
0.418608
0.025636
0.789822
0.369122
0.645584
0.002961
0.224877
0.187576
0.987525
0.321758
0.385192
0.349925
0.293761
0.865352
0.317391
0.498469
0.348287
0.528949
0.546180
0.411610
0.808003
0.577285
0.928553
0.206005
0.051101
0.924304
0.860536
0.778890
0.228252
0.605964
0.554865
0.147936
0.496798
0.159934
0.095929
0.995783
0.559748
0.342328
0.360693
0.328255
0.822233
0.399011
0.072410
0.472042
0.565694
0.493131
0.191011
0.803505
0.315351
0.431251
0.951700
0.283967
0.251916
0.429698
0.211961
0.645584
0.649517
0.840015
0.989313
0.532722
0.616648
0.654524
0.724776
0.832432
0.593892
0.014200
0.276723
0.136712
0.549996
0.361530
0.337770
0.235529
0.540299
0.651663
0.440951
0.493131
0.520409
0.716008
0.983128
0.784541
0.700127
0.300836
0.805436
0.533753
0.965073
0.884166
0.286571
0.901233
0.799948
0.243616
0.487487
0.215181
0.926018
0.576229
0.425983
0.478585
0.880446
0.107222
0.690195
0.734541
0.373954
0.121426
0.583986
0.004054
0.780889
0.078363
0.165540
0.681300
0.129184
0.029355
0.247208
0.353765
0.632713
0.755578
0.708964
0.373098
0.681300
0.324865
0.915662
0.771520
0.147656
0.418303
0.640577
0.382001
0.739053
0.518368
0.769499
0.239649
0.015983
0.088699
0.338037
0.463925
0.094689
0.887052
0.052032
0.280912
0.336437
0.495130
0.196792
0.840916
0.276723
0.939585
0.771520
0.475635
0.789164
0.693391
0.155214
0.344487
0.774207
0.357356
0.149481
0.373954
0.854204
0.079492
0.037942
0.507198
0.190493
0.316115
0.711784
0.305537
0.267806
0.281381
0.178717
0.223892
0.919486
0.955841
0.029258
0.894251
0.230054
0.329041
0.870652
0.317391
0.642723
0.255601
0.995892
0.822857
0.765783
0.158002
0.370255
0.186216
0.003738
0.507872
0.577285
0.585045
0.720572
0.176111
0.454278
0.223303
0.121190
0.199825
0.854785
0.103163
0.752497
0.251270
0.874500
0.109897
0.630569
0.890678
0.990239
0.896268
0.186386
0.311046
0.239028
0.096410
0.937456
0.608810
0.432185
0.028208
0.986205
0.771520
0.403185
0.416776
0.244879
0.840916
0.635572
0.811514
0.312560
0.659529
0.558701
0.116329
0.387523
0.085097
0.790809
0.942238
0.969291
0.672387
0.583986
0.627711
0.095737
0.223892
0.894251
0.558701
0.517348
0.947884
0.136320
0.064411
0.233286
0.563593
0.762053
0.372529
0.752497
0.087543
0.210085
0.340177
0.605964
0.763750
0.622712
0.566395
0.218825
0.063016
0.776217
0.259769
0.742168
0.251916
0.431251
0.286571
0.852458
0.613796
0.468462
0.454918
0.074909
0.349105
0.960687
0.534785
0.467488
0.128935
0.804471
0.806400
0.899755
0.203260
0.554865
0.955355
0.333518
0.780889
0.972092
0.559748
0.442526
0.664531
0.439064
0.882047
0.880446
0.513617
0.153908
0.757286
0.322274
0.698356
0.097572
0.390156
0.635572
0.757286
0.202352
0.453319
0.064613
0.607742
0.655596
0.107434
0.672387
0.151467
0.955841
0.167239
0.745966
0.887052
0.946816
0.300836
0.107434
0.668460
0.536506
0.959774
0.174338
0.863660
0.522113
0.808003
0.019887
0.623783
0.921255
0.659529
0.515651
0.088520
0.591058
0.120837
0.087013
0.211021
0.347471
0.932473
0.272352
0.608810
0.864507
0.442842
0.392505
0.861391
0.798325
0.568498
0.256038
0.190493
0.500478
0.145713
0.625568
0.352116
0.592120
0.026272
0.351293
0.577285
0.231060
0.452361
0.331933
0.294730
0.601698
0.796372
0.939009
0.498804
0.198393
0.433743
0.098158
0.215371
0.482862
0.659529
0.039711
0.541336
0.552777
0.272580
0.743896
0.390156
0.187065
0.652378
0.620571
0.466515
0.762053
0.652378
0.616648
0.679163
0.052309
0.230456
0.306284
0.466515
0.992374
0.186216
0.817845
0.610590
0.639505
0.242986
0.450449
0.444421
0.457803
0.483851
0.048919
0.418608
0.390742
0.404083
0.196792
0.366861
0.627711
0.473021
0.949290
0.427838
0.219987
0.546180
0.693391
0.066937
0.801890
0.860536
0.167704
0.411610
0.961439
0.997059
0.648444
0.842713
0.876676
0.953547
0.305040
0.868987
0.660601
0.979346
0.544102
0.030011
0.936869
0.073992
0.384320
0.274186
0.188430
0.958069
0.287522
0.367708
0.271666
0.988116
0.619857
0.742168
0.708964
0.588934
0.113517
0.334843
0.533753
0.884956
0.211021
0.763072
0.402587
0.116443
0.240065
0.945736
0.192226
0.959774
0.917022
0.141757
0.305537
0.283260
0.022973
0.800920
0.776886
0.198751
0.075682
0.036683
0.263988
0.904640
0.268484
0.220569
0.430319
0.404982
0.300098
0.711079
0.070859
0.734194
0.816900
0.487487
0.453319
0.486494
0.267355
0.972092
0.857384
0.083642
0.757286
0.706846
0.261095
0.846580
0.862811
0.555911
0.607742
0.914978
0.287284
0.697293
0.373098
0.671316
0.212526
0.689128
0.819416
0.408288
0.527921
0.344757
0.142703
0.554865
0.267806
0.696229
0.019775
0.682369
0.508884
0.000848
0.601698
0.198393
0.707199
0.254513
0.387523
0.002890
0.463925
0.011083
0.610590
0.025636
0.403185
0.345299
0.953547
0.057890
0.076227
0.116443
0.459410
0.848353
0.463925
0.936869
0.846580
0.982109
0.586105
0.819416
0.337770
0.912447
0.631641
0.767812
0.980758
0.233286
0.987525
0.521431
0.727572
0.660601
0.346112
0.869821
0.096217
0.726524
0.180031
0.554865
0.643795
0.361530
0.324086
0.013023
0.545140
0.745966
0.157854
0.981825
0.434679
0.301574
0.949812
0.309788
0.854785
0.758309
0.233896
0.728619
0.342597
0.365172
0.696229
0.282084
0.237376
0.985555
0.541336
0.822857
0.770510
0.909881
0.500478
0.678450
0.994313
0.218440
0.541336
0.197858
0.952208
0.711079
0.666318
0.851582
0.788176
0.291831
0.413429
0.008595
0.464895
0.988548
0.391036
0.403185
0.002626
0.324865
0.965495
0.238407
0.395750
0.939585
0.459410
0.407385
0.568498
0.503497
0.181520
0.913141
0.656669
0.190493
0.990239
0.291831
0.631641
0.591766
0.495130
0.856520
0.946278
0.798325
0.295944
0.476618
0.157559
0.780889
0.881248
0.329041
0.953547
0.432808
0.364610
0.404083
0.078283
0.694101
0.595310
0.865914
0.581162
0.803505
0.545140
0.129933
0.071152
0.131063
0.923005
0.797349
0.313827
0.106273
0.824725
0.022262
0.501483
0.465866
0.375383
0.090232
0.988334
0.005538
0.689484
0.284675
0.701189
0.588227
0.995365
0.797349
0.472042
0.553821
0.937456
0.920594
0.391623
0.783546
0.793759
0.073159
0.792777
0.553821
0.287284
0.573063
0.906562
0.813421
0.204720
0.713897
0.701189
0.479242
0.319698
0.939585
0.255601
0.053034
0.245935
0.019114
0.984110
0.501483
0.073992
0.580104
0.265331
0.406483
0.012637
0.199825
0.119202
0.253212
0.660601
0.886268
0.879106
0.339909
0.160382
0.603830
0.221153
0.686284
0.055854
0.148356
0.043294
0.149199
0.369405
0.927924
0.697293
0.249982
0.463278
0.322533
0.105436
0.972462
0.646656
0.400796
0.135929
0.122373
0.216901
0.134892
0.001721
0.501483
0.672387
0.125738
0.147238
0.019266
0.048503
0.037206
0.857960
0.201446
0.912447
0.576229
0.132711
0.752497
0.269844
0.397527
0.267355
0.236759
0.743896
0.166774
0.385192
0.081959
0.314588
0.425366
0.508884
0.186725
0.151467
0.437495
0.040013
0.406483
0.011747
0.160083
0.204720
0.179702
0.255601
0.507198
0.015675
0.516669
0.649517
0.437182
0.552081
0.674527
0.703312
0.663460
0.430319
0.576229
0.099142
0.223892
0.936279
0.008190
0.220569
0.732454
0.272352
0.291350
0.022615
0.408288
0.303551
0.035464
0.414037
0.951700
0.025070
0.279278
0.006719
0.740093
0.835784
0.149199
0.706140
0.882047
0.719871
0.878298
0.564643
0.611659
0.126837
0.160982
0.829056
0.518368
0.468462
0.537540
0.270527
0.635572
0.239649
0.653451
0.393094
0.406783
0.844205
0.412519
0.882047
0.391036
0.099935
0.085011
0.017413
0.127821
0.288714
0.697293
0.734194
0.941675
0.905844
0.043062
0.085270
0.149481
0.527236
0.937456
0.658456
0.025981
0.075140
0.635572
0.780889
0.179702
0.781886
0.935884
0.219599
0.834263
0.047682
0.776217
0.699065
0.108713
0.390156
0.087013
0.381134
0.219019
0.534441
0.420752
0.167704
0.555911
0.900495
0.133221
0.573414
0.070421
0.046077
0.765106
0.024243
0.067846
0.957122
0.548954
0.686284
0.589996
0.032883
0.403484
0.873679
0.766798
0.338571
0.797349
0.467488
0.209525
0.337770
0.291831
0.576229
0.930218
0.407385
0.526894
0.926018
0.545140
0.185201
0.171152
0.867594
0.556956
0.390742
0.817845
0.174820
0.408288
0.751468
0.199825
0.057707
0.549996
0.666675
0.200185
0.183856
0.156383
0.155214
0.304295
0.552777
0.130560
0.000698
0.870652
0.900495
0.997145
0.878837
0.414341
0.498804
0.805436
0.695165
0.041646
0.781886
0.858821
0.888612
0.126837
0.201808
0.321242
0.473021
0.919930
0.883373
0.446954
0.049233
0.019641
0.019955
0.101639
0.641650
0.524843
0.965495
0.561495
0.093557
0.489476
0.144201
0.918147
0.305786
0.266004
0.760353
0.924304
0.078283
0.342328
0.161132
0.027345
0.792777
0.108606
0.206742
0.763072
0.246147
0.651663
0.014665
0.063346
0.411610
0.343676
0.749751
0.404083
0.045929
0.066177
0.280912
0.800920
0.485833
0.588934
0.466515
0.719871
0.783546
0.993660
0.975429
0.337236
0.984110
0.372244
0.245512
0.655596
0.786526
0.428768
0.726524
0.386939
0.221737
0.484842
0.089418
0.344757
0.840015
0.921255
0.392505
0.834263
0.231060
0.639505
0.082713
0.041646
0.312308
0.672387
0.490139
0.573414
0.373098
0.129558
0.735236
0.124166
0.745966
0.805436
0.524843
0.290629
0.632713
0.632713
0.076149
0.305040
0.636644
0.048919
0.872856
0.321242
0.026983
0.742860
0.159188
0.013008
0.580104
0.166774
0.480228
0.067705
0.490471
0.742860
0.743205
0.343946
0.467488
0.102857
0.588227
0.387523
0.750782
0.909881
0.153043
0.294487
0.776217
0.764089
0.208966
0.231666
0.451404
0.747688
0.598857
0.918147
0.955841
0.274876
0.242986
0.487487
0.230054
0.813421
0.961886
0.522113
0.528949
0.178881
0.704019
0.040756
0.980758
0.624854
0.984110
0.662388
0.941675
0.493131
0.901233
0.630569
0.388399
0.804471
0.542372
0.362928
0.807362
0.227056
0.312308
0.090323
0.855653
0.069841
0.087454
0.924304
0.753525
0.608810
0.695165
0.011265
0.289192
0.037695
0.581162
0.111092
0.392799
0.036246
0.505178
0.670245
0.027589
0.961439
0.036564
0.554865
0.607742
0.787186
0.231060
0.263764
0.300836
0.655596
0.092066
0.343676
0.267355
0.932473
0.105958
0.044474
0.588934
0.868987
0.329041
0.921914
0.930837
0.419220
0.790809
0.096989
0.990743
0.287998
0.044046
0.722675
0.562894
0.686284
0.925592
0.794413
0.294003
0.208408
0.047074
0.532722
0.985055
0.454278
0.378827
0.386648
0.311046
0.335108
0.571657
0.882047
0.556608
0.662388
0.083897
0.240065
0.676311
0.058563
0.605608
0.302809
0.847468
0.843311
0.407385
0.227056
0.148777
0.088253
0.396638
0.817845
0.158743
0.940159
0.155214
0.832432
0.990239
0.794413
0.520409
0.945736
0.040143
0.222323
0.918147
0.682369
0.985555
0.435617
0.675241
0.334047
0.471064
0.118276
0.661316
0.176111
0.438123
0.199825
0.275568
0.366016
0.635572
0.655596
0.049338
0.292072
0.787186
0.447905
0.365453
0.346655
0.139215
0.474000
0.568498
0.130685
0.771520
0.488481
0.514633
0.361530
0.204354
0.658456
0.823792
0.166310
0.424441
0.512601
0.335639
0.433119
0.440951
0.812468
0.363208
0.877488
0.951189
0.786195
0.191358
0.537540
0.783546
0.066937
0.262205
0.141757
0.900495
0.011557
0.360693
0.444421
0.124407
0.112299
0.593892
0.499473
0.102857
0.582220
0.120837
0.377102
0.975083
0.299362
0.181023
0.562544
0.000437
0.299362
0.577285
0.871480
0.064478
0.551038
0.895513
0.559748
0.311046
0.627711
0.203442
0.690195
0.760353
0.225470
0.552777
0.275337
0.741823
0.164314
0.910584
0.342328
0.656311
0.297893
0.076619
0.695165
0.371391
0.246147
0.000327
0.478585
0.238614
0.127574
0.596728
0.723726
0.015041
0.580104
0.763072
0.381422
0.557654
0.779890
0.342328
0.840015
0.173377
0.677380
0.821296
0.211021
0.191358
0.177899
0.630569
0.105749
0.918818
0.409193
0.634500
0.275568
0.687351
0.741131
0.642365
0.957122
0.834263
0.003604
0.240272
0.567446
0.667389
0.710022
0.123805
0.492465
0.479242
0.099537
0.989108
0.582220
