0.394282
0.623259
0.224785
0.986087
0.623259
0.855662
0.623259
0.986087
0.623259
0.855662
0.394282
0.855662
0.986087
0.855662
0.855662
0.855662
0.623259
0.986087
0.623259
0.006931
0.224785
0.394282
0.394282
0.855662
0.855662
0.986087
0.394282
0.855662
0.855662
0.855662
0.033540
0.623259
0.855662
0.855662
0.623259
0.855662
0.623259
0.855662
0.855662
0.015488
0.855662
0.394282
0.033540
0.623259
0.623259
0.623259
0.986087
0.623259
0.855662
0.623259
0.855662
0.855662
0.986087
0.623259
0.986087
0.623259
0.855662
0.623259
0.623259
0.855662
0.069880
0.623259
0.623259
0.394282
0.394282
0.986087
0.623259
0.033540
0.855662
0.623259
0.855662
0.986087
0.855662
0.986087
0.394282
0.623259
0.623259
0.855662
0.015488
0.394282
0.623259
0.224785
0.033540
0.015488
0.986087
0.986087
0.623259
0.986087
0.986087
0.986087
0.855662
0.006931
0.623259
0.623259
0.069880
0.855662
0.394282
0.855662
0.986087
0.855662
0.224785
0.855662
0.623259
0.069880
0.224785
0.986087
0.623259
0.855662
0.224785
0.855662
0.855662
0.623259
0.623259
0.855662
0.623259
0.623259
0.623259
0.855662
0.006931
0.855662
0.623259
0.623259
0.855662
0.069880
0.855662
0.855662
0.623259
0.394282
0.855662
0.623259
0.855662
0.855662
0.224785
0.015488
0.623259
0.855662
0.986087
0.855662
0.623259
0.623259
0.855662
0.015488
0.855662
0.855662
0.033540
0.986087
0.623259
0.855662
0.855662
0.855662
0.224785
0.855662
0.855662
0.623259
0.855662
0.394282
0.623259
0.986087
0.006931
0.855662
0.623259
0.033540
0.986087
0.033540
0.855662
0.224785
0.623259
0.855662
0.623259
0.623259
0.623259
0.033540
0.394282
0.986087
0.986087
0.986087
0.069880
0.855662
0.986087
0.855662
0.986087
0.855662
0.623259
0.623259
0.623259
0.394282
0.855662
0.855662
0.855662
0.855662
0.986087
0.855662
0.623259
0.623259
0.986087
0.986087
0.855662
0.069880
0.855662
0.623259
0.623259
0.986087
0.855662
0.986087
0.000009
0.224785
0.394282
0.855662
0.069880
0.855662
0.623259
0.623259
0.623259
0.855662
0.986087
0.623259
0.623259
0.986087
0.069880
0.986087
0.855662
0.623259
0.855662
0.855662
0.394282
0.623259
0.623259
0.855662
0.986087
0.394282
0.394282
0.623259
0.394282
0.623259
0.394282
0.033540
0.224785
0.986087
0.069880
0.986087
0.015488
0.224785
0.623259
0.855662
0.855662
0.224785
0.118626
0.986087
0.855662
0.855662
0.623259
0.986087
0.986087
0.855662
0.855662
0.006931
0.015488
0.986087
0.855662
0.986087
0.118626
0.623259
0.855662
0.623259
0.224785
0.623259
0.986087
0.855662
0.986087
0.855662
0.623259
0.855662
0.986087
0.986087
0.394282
0.623259
0.986087
0.394282
0.855662
0.855662
0.623259
0.855662
0.394282
0.623259
0.623259
0.069880
0.855662
0.623259
0.623259
0.623259
0.623259
0.986087
0.986087
0.623259
0.623259
0.623259
0.855662
0.623259
0.394282
0.855662
0.623259
0.394282
0.855662
0.855662
0.855662
0.986087
0.394282
0.855662
0.855662
0.623259
0.855662
0.069880
0.855662
0.033540
0.394282
0.623259
0.394282
0.855662
0.623259
0.855662
0.394282
0.986087
0.394282
0.623259
0.623259
0.623259
0.986087
0.623259
0.623259
0.069880
0.623259
0.855662
0.986087
0.394282
0.623259
0.855662
0.033540
0.006931
0.224785
0.986087
0.623259
0.855662
0.623259
0.986087
0.623259
0.623259
0.855662
0.855662
0.986087
0.855662
0.623259
0.623259
0.855662
0.033540
0.855662
0.855662
0.069880
0.855662
0.623259
0.855662
0.006931
0.623259
0.855662
0.015488
0.855662
0.623259
0.394282
0.623259
0.623259
0.623259
0.855662
0.855662
0.623259
0.623259
0.855662
0.623259
0.855662
0.623259
0.855662
0.623259
0.069880
0.069880
0.855662
0.623259
0.855662
0.855662
0.986087
0.986087
0.623259
0.623259
0.006931
0.623259
0.394282
0.033540
0.986087
0.855662
0.623259
0.623259
0.855662
0.855662
0.855662
0.855662
0.986087
0.855662
0.623259
0.855662
0.855662
0.986087
0.986087
0.623259
0.855662
0.855662
0.986087
0.394282
0.394282
0.986087
0.006931
0.033540
0.394282
0.033540
0.623259
0.855662
0.623259
0.623259
0.986087
0.986087
0.855662
0.855662
0.394282
0.006931
0.224785
0.855662
0.623259
0.855662
0.855662
0.855662
0.855662
0.224785
0.855662
0.986087
0.006931
0.986087
0.059028
0.623259
0.033540
0.033540
0.986087
0.000112
0.623259
0.986087
0.855662
0.855662
0.015488
0.986087
0.394282
0.986087
0.033540
0.855662
0.000003
0.855662
0.003022
0.118626
0.394282
0.623259
0.623259
0.986087
0.986087
0.986087
0.623259
0.855662
0.855662
0.000663
0.033540
0.855662
0.623259
0.623259
0.001289
0.394282
0.986087
0.001289
0.855662
0.623259
0.855662
0.855662
0.855662
0.623259
0.855662
0.986087
0.986087
0.986087
0.986087
0.394282
0.069880
0.069880
0.006931
0.033540
0.015488
0.623259
0.623259
0.001289
0.224785
0.623259
0.394282
0.015488
0.986087
0.986087
0.855662
0.855662
0.855662
0.986087
0.855662
0.623259
0.394282
0.986087
0.986087
0.986087
0.394282
0.623259
0.033540
0.855662
0.623259
0.394282
0.855662
0.855662
0.855662
0.006931
0.394282
0.855662
0.224785
0.394282
0.394282
0.986087
0.986087
0.855662
0.033540
0.986087
0.623259
0.623259
0.623259
0.986087
0.623259
0.118626
0.015488
0.623259
0.623259
0.394282
0.855662
0.986087
0.986087
0.986087
0.015488
0.394282
0.118626
0.855662
0.623259
0.623259
0.855662
0.986087
0.623259
0.033540
0.623259
0.623259
0.006931
0.623259
0.033540
0.986087
0.015488
0.986087
0.986087
0.033540
0.006931
0.986087
0.394282
0.623259
0.855662
0.015488
0.006931
0.855662
0.015488
0.986087
0.006931
0.986087
0.855662
0.000274
0.006931
0.623259
0.015488
0.855662
0.855662
0.855662
0.623259
0.623259
