0.855662
0.986087
0.623259
0.986087
0.623259
0.394282
0.986087
0.986087
0.623259
0.623259
0.118626
0.000663
0.394282
0.394282
0.986087
0.855662
0.033540
0.394282
0.986087
0.855662
0.623259
0.855662
0.015488
0.855662
0.855662
0.118626
0.623259
0.855662
0.855662
0.986087
0.855662
0.623259
0.855662
0.623259
0.855662
0.623259
0.855662
0.623259
0.394282
0.623259
0.224785
0.623259
0.224785
0.224785
0.394282
0.855662
0.623259
0.069880
0.855662
0.986087
0.986087
0.986087
0.855662
0.033540
0.855662
0.855662
0.623259
0.986087
0.623259
0.986087
0.855662
0.855662
0.623259
0.118626
0.855662
0.394282
0.015488
0.394282
0.623259
0.623259
0.855662
0.623259
0.069880
0.855662
0.855662
0.855662
0.623259
0.855662
0.000274
0.394282
0.986087
0.855662
0.986087
0.855662
0.623259
0.855662
0.986087
0.855662
0.623259
0.394282
0.986087
0.855662
0.623259
0.623259
0.000001
0.623259
0.623259
0.006931
0.224785
0.394282
0.855662
0.015488
0.986087
0.855662
0.033540
0.855662
0.986087
0.986087
0.986087
0.855662
0.855662
0.623259
0.623259
0.986087
0.986087
0.224785
0.394282
0.224785
0.855662
0.015488
0.015488
0.003022
0.069880
0.986087
0.006931
0.986087
0.623259
0.855662
0.224785
0.394282
0.986087
0.394282
0.033540
0.033540
0.394282
0.394282
0.986087
0.855662
0.855662
0.855662
0.855662
0.394282
0.986087
0.986087
0.855662
0.623259
0.855662
0.855662
0.033540
0.623259
0.224785
0.855662
0.623259
0.986087
0.855662
0.986087
0.986087
0.623259
0.224785
0.986087
0.033540
0.855662
0.855662
0.986087
0.855662
0.394282
0.986087
0.015488
0.394282
0.986087
0.855662
0.623259
0.986087
0.986087
0.003022
0.855662
0.855662
0.623259
0.855662
0.623259
0.855662
0.006931
0.623259
0.986087
0.623259
0.623259
0.855662
0.986087
0.118626
0.394282
0.000022
0.623259
0.855662
0.986087
0.986087
0.033540
0.986087
0.623259
0.623259
0.623259
0.003022
0.855662
0.623259
0.855662
0.855662
0.118626
0.623259
0.394282
0.855662
0.623259
0.394282
0.855662
0.855662
0.623259
0.623259
0.986087
0.224785
0.855662
0.623259
0.855662
0.623259
0.855662
0.033540
0.394282
0.394282
0.224785
0.855662
0.394282
0.394282
0.394282
0.006931
0.623259
0.986087
0.855662
0.855662
0.015488
0.986087
0.986087
0.986087
0.394282
0.986087
0.623259
0.224785
0.855662
0.855662
0.623259
0.623259
0.623259
0.623259
0.855662
0.986087
0.224785
0.855662
0.855662
0.623259
0.394282
0.006931
0.986087
0.623259
0.855662
0.623259
0.986087
0.855662
0.986087
0.623259
0.623259
0.623259
0.986087
0.069880
0.855662
0.986087
0.394282
0.394282
0.394282
0.394282
0.986087
0.623259
0.855662
0.855662
0.623259
0.855662
0.033540
0.986087
0.986087
0.623259
0.986087
0.623259
0.394282
0.986087
0.623259
0.015488
0.623259
0.855662
0.855662
0.623259
0.855662
