0.145348
0.055037
0.760581
0.008984
0.320944
0.193254
0.190616
0.788989
0.409379
0.122329
0.932305
0.022375
0.318505
0.284982
0.201349
0.390918
0.713856
0.000021
0.090643
0.127377
0.808915
0.483441
0.197831
0.252487
0.963169
0.513916
0.939804
0.966836
0.478652
0.635452
0.631607
0.428932
0.961394
0.325038
0.653554
0.079065
0.061016
0.808510
0.584121
0.753019
0.452022
0.046264
0.459116
0.924347
0.351919
0.967525
0.619857
0.867880
0.718971
0.518426
0.599134
0.872612
0.245190
0.476162
0.551731
0.939318
0.257305
0.699778
0.778287
0.505157
0.960633
0.056791
0.950936
0.880336
0.808915
0.472233
0.988075
0.264734
0.639071
0.856017
0.480315
0.300396
0.371899
0.903756
0.145348
0.653101
0.114869
0.060573
0.431093
0.098804
0.712964
0.045025
0.440793
0.359789
0.951369
0.545801
0.900820
0.042205
0.423070
0.636809
0.730924
0.247604
0.572305
0.384267
0.740376
0.557019
0.040593
0.830346
0.183405
0.877955
0.473472
0.698209
0.667124
0.336524
0.618051
0.077696
0.363679
0.095247
0.154564
0.429914
0.744532
0.858930
0.309038
0.233393
0.639524
0.829957
0.741252
0.971325
0.347252
0.072668
0.745842
0.860919
0.215085
0.563429
0.789822
0.603630
0.372620
0.598685
0.693496
0.080248
0.252761
0.706493
0.866818
0.478236
0.676834
0.905892
0.900820
0.264450
0.537273
0.727613
0.729159
0.709843
0.354704
0.378233
0.313345
0.437613
0.805263
0.888342
0.071121
0.149048
0.909948
0.934729
0.974029
0.720304
0.545362
0.609708
0.727171
0.265869
0.342967
0.113243
0.499423
0.063401
0.007387
0.458302
0.647897
0.102156
0.909353
0.654459
0.968627
0.629798
0.189090
0.643371
0.459523
0.192371
0.265727
0.009282
0.395766
0.659662
0.398203
0.943730
0.260229
0.299153
0.723630
0.399708
0.927718
0.979093
0.589266
0.409188
0.610159
0.895942
0.909353
0.966836
0.959669
0.820134
0.192371
0.136934
0.251805
0.835950
0.899258
0.637714
0.862718
0.688551
0.962614
0.944891
0.754319
0.554373
0.107072
0.449603
0.603180
0.928250
0.891281
0.569416
0.441790
0.375329
0.273482
0.806889
0.886198
0.315273
0.336693
0.199413
0.854551
0.935234
0.071121
0.670287
0.450006
0.996374
0.512202
0.293455
0.704257
0.122254
0.406330
0.369743
0.858204
0.871915
0.711181
0.216415
0.747150
0.412249
0.502817
0.283190
0.711181
0.365990
0.914789
0.752585
0.216657
0.731365
0.916230
0.178586
0.003136
0.134959
0.271167
0.900820
0.862359
0.991889
0.933587
0.825854
0.207013
0.184148
0.837867
0.044237
0.448597
0.894345
0.845262
0.607456
0.083195
0.076200
0.800155
0.969460
0.198960
0.786066
0.882528
0.149315
0.264875
0.809724
0.926648
0.497307
0.332164
0.660567
0.331830
0.086294
0.678413
0.362261
0.642465
0.472646
0.768943
0.572305
0.753019
0.954023
0.691923
0.110945
0.339396
0.013546
0.487834
0.632059
0.980697
0.935234
0.254544
0.692148
0.037280
0.433063
0.927984
0.566309
0.660115
0.362615
0.505582
0.891281
0.054634
0.950065
0.232879
0.955679
0.049599
0.822509
0.684724
0.767234
0.643371
0.262897
0.268150
0.817749
0.729601
0.683823
0.980946
0.161964
0.010229
0.319154
0.765093
0.591058
0.793352
0.990801
0.393524
0.315273
0.717194
0.453234
0.237666
0.981193
0.300551
0.919779
0.367060
0.501756
0.315918
0.833832
0.999093
0.831511
0.417446
0.281703
0.340075
0.311585
0.377869
0.742565
0.831511
0.795008
0.862718
0.013555
0.884203
0.615795
0.984227
0.510918
0.986186
0.559006
0.851047
0.021105
0.410908
0.632964
0.498153
0.695966
0.626860
0.460745
0.493086
0.737745
0.664185
0.966138
0.254544
0.587475
0.455866
0.356802
0.405950
0.662829
0.289801
0.883869
0.165823
0.918369
0.974625
0.637261
0.314148
0.291016
0.553932
0.321107
0.529661
0.497730
0.043847
0.638619
0.323232
0.629346
0.774689
0.257444
0.367417
0.126214
0.414554
0.923527
0.160158
0.003427
0.619406
0.026276
0.758426
0.757131
0.313345
0.643823
0.778710
0.468319
0.857112
0.297605
0.914209
0.038452
0.941008
0.880336
0.148959
0.604080
0.019341
0.723630
0.668932
0.685625
0.450409
0.232109
0.732688
0.117311
0.519287
0.695068
0.772990
0.013300
0.120908
0.615795
0.676383
0.026932
0.151018
0.032939
0.830735
0.036066
0.118475
0.562544
0.205847
0.316886
0.527276
0.140621
0.325861
0.966138
0.122856
0.573639
0.368489
0.545362
0.787320
0.686525
0.022375
0.843755
0.900509
0.795421
0.266011
0.748892
0.205382
0.945122
0.223283
0.613991
0.684274
0.214724
0.652649
0.986488
0.058091
0.580101
0.878637
0.227284
0.381334
0.396140
0.099429
0.031308
0.884869
0.584791
0.279188
0.223656
0.711181
0.138349
0.471408
0.561659
0.444586
0.908756
0.436225
0.242265
0.664637
0.316563
0.703809
0.577648
0.877613
0.989453
0.886529
0.303518
0.436027
0.874691
0.105940
0.275083
0.568528
0.022873
0.652649
0.890306
0.950936
0.257444
0.528143
0.682922
0.119208
0.991033
0.100500
0.666672
0.027332
0.313185
0.654912
0.709396
0.170454
0.230960
0.631607
0.192261
0.972581
0.207130
0.122856
0.134061
0.000531
0.541859
0.983272
0.190725
0.199187
0.721857
0.003687
0.850306
0.146397
0.524680
0.022582
0.361554
0.101389
0.018997
0.821718
0.708503
0.079116
0.742128
0.195699
0.366346
0.103253
0.480731
0.692148
0.280370
0.294067
0.041918
0.818147
0.876242
0.154198
0.430307
0.678639
0.238973
0.195030
0.006644
0.118329
0.007873
0.188439
0.189307
0.747586
0.896260
0.800565
0.422097
0.463808
0.023616
0.830735
0.047695
0.414554
0.417060
0.365990
0.914209
0.304459
0.740376
0.470995
0.719416
0.768943
0.490352
0.529661
0.200892
0.799334
0.727171
0.396140
0.719416
0.218604
0.561216
0.067006
0.740814
0.004614
0.310310
0.037126
0.983272
0.264734
0.207130
0.791693
0.909055
0.058323
0.448798
0.932562
0.360847
0.130047
0.794594
0.913918
0.431487
0.001567
0.028131
0.413401
0.713856
0.927984
0.365990
0.124984
0.292538
0.949406
0.392592
0.790446
0.710735
0.209008
0.683373
0.422680
0.115511
0.270446
0.927451
0.269871
0.861280
0.954441
0.175704
0.889980
0.480940
0.508994
0.205382
0.619857
0.527926
0.656269
0.472233
0.693496
0.913918
0.775537
0.066262
0.264309
0.184042
0.980697
0.058440
0.924074
0.761442
0.006190
0.140960
0.135368
0.587475
0.889653
0.626860
0.013845
0.416674
0.596215
0.034362
0.767234
0.845262
0.358381
0.843378
0.111568
0.359437
0.246663
0.971800
0.004188
0.406330
0.645634
0.662376
0.198734
0.328008
0.791693
0.575420
0.949846
0.439599
0.894985
0.313506
0.582333
0.000602
0.448396
0.288138
0.493086
0.318667
0.922702
0.857112
0.991961
0.250308
0.268723
0.545801
0.697761
0.280370
0.883869
0.939804
0.770862
0.441989
0.459930
0.795008
0.936237
0.404431
0.967181
0.489512
0.224527
0.939804
0.032058
0.055814
0.976995
0.085853
0.707610
0.217142
0.678639
0.437613
0.796659
0.768089
0.279188
0.198734
0.096278
0.316563
0.136273
0.878978
0.052446
0.121355
0.953604
0.045889
0.885867
0.126060
0.166897
0.327016
0.992689
0.982340
0.893704
0.645181
0.806076
0.090355
0.592851
0.145959
0.315273
0.778287
0.159874
0.747150
0.327677
0.843755
0.607906
0.546678
0.322904
0.328008
0.940046
0.997133
0.333836
0.857112
0.234165
0.279778
0.358206
0.537709
0.349666
0.983042
0.298224
0.872612
0.865398
0.225152
0.062942
0.004159
0.590609
0.270446
0.278599
0.786066
0.488043
0.024123
0.333836
0.408424
0.102671
0.901752
0.326850
0.016070
0.208537
0.131800
0.098431
0.205150
0.527276
0.648349
0.445787
0.271456
0.621889
0.741252
0.876070
0.535094
0.354355
0.038717
0.559448
0.606555
0.307296
0.434445
0.316240
0.026668
0.682021
0.347596
0.102478
0.053548
0.808105
0.479483
0.869289
0.823495
0.575420
0.285132
0.343309
0.778710
0.500059
0.673223
0.764878
0.547555
0.559006
0.293608
0.488043
0.347596
0.188439
0.424238
0.719860
0.408806
0.718971
0.139944
0.940046
0.645181
0.652649
0.858204
0.081394
0.147364
0.676383
0.023004
0.814352
0.419768
0.920899
0.022906
0.189961
0.787738
0.542515
0.696863
0.224777
0.261210
0.997460
0.532701
0.609708
0.106205
0.635678
0.576757
0.940046
0.825462
0.592851
0.164948
0.257444
0.038136
0.549312
0.613991
0.482607
0.622793
0.071680
0.738623
0.145348
0.050069
0.951369
0.366703
0.102607
0.839013
0.302110
0.652649
0.171254
0.966138
0.049666
0.380786
0.213643
0.910838
0.813549
0.353309
0.920060
0.938831
0.936237
0.736867
0.287836
0.449603
0.697761
0.642692
0.713633
0.152374
0.476162
0.903449
0.143269
0.617600
0.688551
0.761872
0.411100
0.159308
0.608357
0.085523
0.862359
0.154106
0.727171
0.559890
0.253720
0.222539
0.709843
0.096644
0.775537
0.096034
0.740814
0.249766
0.620534
0.512630
0.343480
0.223531
0.472646
0.047181
0.803020
0.732247
0.071121
0.768943
0.189852
0.595766
0.602281
0.310469
0.327677
0.281110
0.700227
0.273773
0.483859
0.259670
0.798512
0.146660
0.681119
0.010924
0.943963
0.111845
0.214123
0.516276
0.359437
0.639071
0.614216
0.543172
0.677285
0.600258
0.246932
0.595318
0.580994
0.644276
0.320129
0.318505
0.954023
0.075022
0.913918
0.341604
0.081815
0.802203
0.187143
0.556798
0.915367
0.207950
0.642465
0.734889
0.701571
0.049466
0.918934
0.974029
0.986084
0.823889
0.885202
0.428932
0.115941
0.759720
0.493718
0.195030
0.727171
0.602731
0.236105
0.901131
0.475748
0.983272
0.498153
0.912458
0.151018
0.145348
0.732688
0.086294
0.699106
0.552171
0.555916
0.224652
0.851047
0.928515
0.957800
0.048968
0.476577
0.874691
0.129652
0.651744
0.642918
0.107005
0.518856
0.339396
0.124831
0.367060
0.778710
0.760581
0.716749
0.483859
0.294527
0.508354
0.696415
0.693496
0.744969
0.591506
0.566753
0.862000
0.248953
0.338381
0.758426
0.890631
0.164367
0.469759
0.686300
0.367417
0.872264
0.346564
0.531397
0.543610
0.148249
0.904674
0.492455
0.685625
0.218360
0.982810
0.616697
0.223407
0.200664
0.433853
0.762302
0.400838
0.212327
0.547117
0.035942
0.883199
0.961205
0.123385
0.119649
0.195030
0.523816
0.060492
0.947288
0.377869
0.251805
0.732247
0.230195
0.459319
0.954441
0.393524
0.439599
0.710289
0.864864
0.910838
0.209480
0.248413
0.909055
0.888999
0.085304
0.048051
0.668480
0.123083
0.966488
0.261210
0.237405
0.280370
0.668480
0.761012
0.481356
0.513487
0.775537
0.145610
0.869289
0.879997
0.355402
0.052446
0.815753
0.024676
0.856747
0.074053
0.817350
0.069285
0.756482
0.854184
0.246663
0.244390
0.650612
0.623696
0.197043
0.513273
0.898630
0.967696
0.689900
0.047953
0.356627
0.125906
0.643823
0.738623
0.391104
0.153466
0.587923
0.634999
0.242265
0.815553
0.022153
0.005488
0.079065
0.814352
0.314790
0.953183
0.091048
0.983500
0.648802
0.590609
0.523816
0.553932
0.224527
0.078759
0.494773
0.249766
0.395392
0.732247
0.976291
0.347940
0.218848
0.001054
0.422097
0.111429
0.815953
0.766378
0.059973
0.553932
0.681570
0.759289
0.957200
0.750197
0.461765
0.772140
0.993864
0.625956
0.183088
0.889653
0.094406
0.111429
0.517996
0.302423
0.277717
0.539455
0.753452
0.323232
0.000008
0.366346
0.764235
0.904674
0.192482
0.289044
0.170454
0.022216
0.152555
0.253171
0.227536
0.364922
0.288289
0.571860
0.562986
0.472646
0.383533
0.976433
0.444586
0.100500
0.936735
0.929308
0.023902
0.420543
0.305088
0.080924
0.909055
0.381334
0.501331
0.302423
0.385371
0.589266
0.886198
0.813549
0.966313
0.678188
0.208185
0.590609
0.115654
0.402160
0.967009
0.478236
0.995635
0.277717
0.017488
0.904369
0.506434
0.946609
0.579655
0.100753
0.653554
0.143097
0.190506
0.531397
0.638166
0.878978
0.166995
0.495195
0.179625
0.689900
0.227284
0.581887
0.307770
0.022438
0.022906
0.506008
0.345362
0.564093
0.194807
0.562322
0.368489
0.655817
0.139523
0.021902
0.774264
0.927984
0.539892
0.600932
0.377143
0.435038
0.944660
0.186821
0.336693
0.027973
0.420155
0.661019
0.005911
0.464218
0.127533
0.333167
0.260369
0.250580
0.821323
0.843378
0.109027
0.955884
0.114160
0.126756
0.823889
0.084922
0.919779
0.272034
0.662376
0.207481
0.662376
0.720304
0.618051
0.910246
0.339058
0.230195
0.604530
0.214604
0.115654
0.579209
0.473885
0.456272
0.288138
0.078708
0.354006
0.319967
0.999293
0.493718
0.002777
0.863076
0.066918
0.120092
0.523816
0.878637
0.098679
0.319641
0.394644
0.215327
0.586580
0.622793
0.735988
0.957401
0.409379
0.109027
0.271023
0.900197
0.652649
0.282297
0.816752
0.319967
0.241471
0.814352
0.589266
0.199300
0.852157
0.166408
0.914789
0.852527
0.784390
0.171254
0.175806
0.993743
0.575420
0.429521
0.155208
0.931529
0.757131
0.431487
0.929834
0.484694
0.436027
0.572750
0.107608
0.970116
0.184042
0.901131
0.495406
0.993923
0.792108
0.158462
0.241471
0.966662
0.355402
0.753886
0.690350
0.358733
0.877955
0.818545
0.345019
0.430307
0.006060
0.214604
0.217142
0.324709
0.820134
0.511346
0.341604
0.646086
0.204918
0.434643
0.223283
0.223531
0.114443
0.454043
0.822114
0.602731
0.800975
0.801794
0.597562
0.909353
0.555034
0.661924
0.748021
0.802816
0.600258
0.934982
0.167191
0.511346
0.295141
0.089324
0.614893
0.666220
0.825462
0.917801
0.281406
0.098245
0.152374
0.063150
0.607231
0.888999
0.299463
0.667576
0.697761
0.901752
0.858204
0.779554
0.793767
0.821323
0.064074
0.158650
0.642918
0.336356
0.234552
0.402727
0.623244
0.466266
0.901441
0.737745
0.919498
0.818943
0.176935
0.797689
0.966662
0.876414
0.757994
0.132363
0.188439
0.953394
0.384267
0.958198
0.536837
0.641334
0.470995
0.157900
0.730483
0.560774
0.152737
0.420155
0.617600
0.177346
0.136273
0.752151
0.177140
0.031395
0.704704
0.291016
0.122555
0.685175
0.028190
0.280665
0.109845
0.244790
0.779554
0.845262
0.461765
0.828983
0.034125
0.988168
0.042349
0.664411
0.143441
0.465446
0.778710
0.607456
0.499847
0.063695
0.689450
0.308562
0.757994
0.284384
0.960633
0.933075
0.705599
0.400084
0.078099
0.569194
0.718527
0.248953
0.378233
0.481356
0.248413
0.889980
0.205847
0.428540
0.934729
0.481148
0.364922
0.862359
0.699330
0.548434
0.007538
0.753452
0.067182
0.950719
0.285731
0.430700
0.153101
0.124144
0.883869
0.983386
0.540985
0.595318
0.879318
0.606330
0.347252
0.408043
0.170654
0.878296
0.242794
0.560774
0.394644
0.259670
0.877955
0.445387
0.650839
0.114018
0.339735
0.503030
0.178586
0.208302
0.600932
0.430307
0.432669
0.000214
0.190944
0.348975
0.766806
0.468114
0.165239
0.935234
0.728717
0.746714
0.143613
0.494562
0.397265
0.229180
0.691249
0.871217
0.382433
0.231342
0.537273
0.000038
0.363501
0.036643
0.705599
0.695068
0.708950
0.875726
0.179105
0.673223
0.872959
0.660567
0.279483
0.223407
0.797483
0.132927
0.568528
0.058323
0.995011
0.624148
0.485531
0.021226
0.782081
0.586133
0.126060
0.412633
0.924074
0.495617
0.347940
0.624148
0.001609
0.410334
0.815553
0.018339
0.763162
0.842243
0.892253
0.145522
0.390733
0.582333
0.011759
0.984665
0.698209
0.154840
0.394644
0.464627
0.643823
0.177552
0.589266
0.867880
0.683823
0.107608
0.901441
0.747150
0.925163
0.886198
0.540766
0.597113
0.836718
0.430307
0.483441
0.923252
0.792938
0.681570
0.116012
0.239366
0.830735
0.392034
0.715859
0.358381
0.522952
0.269440
0.682471
0.522952
0.567640
0.910246
0.275813
0.038346
0.998103
0.788572
0.863792
0.769370
0.119428
0.473885
0.380969
0.105147
0.171053
0.585015
0.457489
0.950502
0.052658
0.628216
0.400838
0.290105
0.778287
0.590161
0.469348
0.295448
0.951799
0.151469
0.172257
0.838631
0.262052
0.185106
0.404052
0.317533
0.659662
0.265159
0.634321
0.570971
0.060935
0.196931
0.625052
0.927718
0.175909
0.620309
0.077195
0.154840
0.909651
0.943496
0.924347
0.668480
0.555254
0.494773
0.539892
0.806889
0.527493
0.788155
0.980697
0.927718
0.541640
0.451619
0.099304
0.981193
0.695966
0.415324
0.774689
0.701123
0.532266
0.395018
0.928250
0.414170
0.611060
0.600482
0.308562
0.862359
0.923252
0.971957
0.055554
0.363147
0.351745
0.135697
0.298843
0.634999
0.913918
0.784810
0.315918
0.119649
0.813549
0.234681
0.383166
0.517566
0.683373
0.106072
0.461765
0.026165
0.732688
0.761012
0.109163
0.935987
0.360141
0.927184
0.588370
0.105411
0.917801
0.120834
0.345362
0.851788
0.035818
0.885535
0.280813
0.417446
0.652649
0.650839
0.918652
0.587027
0.648349
0.745842
0.450812
0.658305
0.935737
0.830735
0.909651
0.347596
0.924074
0.974773
0.601382
0.470583
0.477821
0.252487
0.276544
0.844886
0.984773
0.167191
0.838249
0.267579
0.248008
0.964084
0.130126
0.883534
0.517566
0.653101
0.327016
0.330331
0.739938
0.769797
0.601382
0.227662
0.210189
0.402349
0.950502
0.894985
0.759720
0.133736
0.132121
0.496884
0.941487
0.932562
0.295448
0.698209
0.814352
0.221180
0.636809
0.395766
0.993085
0.095247
0.545362
0.585685
0.115797
0.412633
0.186821
0.411100
0.908756
0.559890
0.577648
0.731365
0.483441
0.989367
0.360141
0.251941
0.104556
0.792523
0.918652
0.140282
0.446188
0.352613
0.291016
0.582780
0.161773
0.927984
0.292844
0.731806
0.054197
0.800565
0.462582
0.798512
0.148781
0.598011
0.518856
0.486367
0.735548
0.479483
0.388509
0.453639
0.392779
0.997965
0.496039
0.507714
0.764235
0.589266
0.643823
0.239497
0.249224
0.935234
0.374605
0.489932
0.006644
0.740814
0.238188
0.056413
0.306664
0.745405
0.589266
0.106404
0.255094
0.180982
0.555916
0.670513
0.147364
0.845638
0.359437
0.179937
0.919779
0.428344
0.249224
0.027179
0.591506
0.156503
0.675029
0.056715
0.595318
0.597113
0.933841
0.982810
0.674126
0.483441
0.771075
0.417060
0.244256
0.401593
0.003561
0.811942
0.772565
0.055000
0.568972
0.340924
0.158838
0.523816
0.068562
0.248143
0.936984
0.976433
0.755618
0.385924
0.366703
0.109436
0.752151
0.455055
0.659662
0.429914
0.148781
0.333167
0.922702
0.106938
0.914789
0.209244
0.080871
0.133899
0.646539
0.786902
0.052658
0.943963
0.312225
0.964266
0.256889
0.954232
0.111498
0.915078
0.861280
0.936735
0.300396
0.191163
0.834603
0.007448
0.108012
0.190944
0.899571
0.805263
0.546678
0.643823
0.148426
0.239235
0.632964
0.669383
0.082821
0.103642
0.416867
0.457489
0.682471
0.555254
0.669383
0.968627
0.562101
0.485949
0.918934
0.656269
0.067006
0.010343
0.607456
0.375329
0.062404
0.160252
0.966836
0.213164
0.170156
0.439201
0.388509
0.310628
0.489932
0.064074
0.783551
0.127299
0.018366
0.132202
0.603630
0.844509
0.691699
0.644728
0.003451
0.211018
0.555475
0.243724
0.392406
0.529661
0.844133
0.562544
0.577648
0.574085
0.829762
0.488882
0.151198
0.423459
0.231598
0.504731
0.382066
0.827421
0.130126
0.098866
0.687651
0.576534
0.969128
0.386108
0.862718
0.598910
0.315273
0.163787
0.680668
0.839394
0.502605
0.131001
0.909055
0.359085
0.915943
0.643371
0.782081
0.096278
0.770862
0.159969
0.101644
0.986687
0.568972
0.568528
0.361730
0.188439
0.334171
0.268723
0.095428
0.860919
0.893060
0.232750
0.158368
0.697312
0.319641
0.890957
0.251124
0.544048
0.591730
0.927184
0.453841
0.381334
0.831899
0.390362
0.644276
0.660115
0.177346
0.439599
0.566753
0.418606
0.444586
0.456677
0.113877
0.987983
0.246932
0.674577
0.293302
0.508140
0.507927
0.054197
0.844133
0.127845
0.300240
0.960633
0.405570
0.227284
0.158556
0.693721
0.834218
0.465037
0.684274
0.869289
0.364566
0.513487
0.991671
0.425800
0.542515
0.173265
0.800155
0.986388
0.264875
0.458302
0.780397
0.106338
0.958395
0.524248
0.677285
0.262052
0.807294
0.039740
0.825854
0.974625
0.576311
0.709396
0.200322
0.924892
0.667576
0.724073
0.946381
0.831511
0.870342
0.826247
0.095368
0.789406
0.701123
0.474092
0.146309
0.944660
0.049800
0.049332
0.818943
0.764664
0.161964
0.530529
0.650839
0.825069
0.644276
0.399331
0.057629
0.730924
0.034220
0.265869
0.818545
0.673675
0.773840
0.347252
0.788155
0.361200
0.723630
0.565423
0.108417
0.327346
0.090355
0.054197
0.584568
0.395392
0.471820
0.867880
0.868937
0.748021
0.819737
0.244923
0.227159
0.578763
0.682021
0.995635
0.555695
0.182982
0.793767
0.195699
0.791693
0.576534
0.708503
0.216415
0.995587
0.371899
0.683373
0.980946
0.174990
0.086073
0.289650
0.138683
0.430307
0.533136
0.508781
0.665768
0.383533
0.037563
0.426191
0.568528
0.629346
0.621438
0.445787
0.286632
0.866818
0.867880
0.720747
0.939561
0.692148
0.465856
0.373702
0.718971
0.867526
0.908156
0.703809
0.673675
0.513916
0.993085
0.154106
0.017589
0.150658
0.614893
0.112124
0.229180
0.474506
0.223531
0.686750
0.856017
0.270879
0.377143
0.868233
0.833446
0.136026
0.703362
0.260229
0.540329
0.641334
0.292844
0.584568
0.750848
0.631607
0.013088
0.940528
0.928515
0.954648
0.333167
0.038241
0.667124
0.168767
0.753886
0.248953
0.614442
0.950502
0.660115
0.406330
0.378597
0.957200
0.525545
0.336187
0.474092
0.088247
0.992955
0.455461
0.673675
0.888342
0.709396
0.580994
0.186928
0.781239
0.799745
0.928780
0.377143
0.292538
0.044417
0.704704
0.602731
0.959279
0.144826
0.161201
0.788155
0.772565
0.569416
0.401593
0.866464
0.252351
0.670287
0.572305
0.063737
0.776384
0.761442
0.278893
0.555916
0.138015
0.039468
0.788989
0.851418
0.173467
0.155208
0.626408
0.450006
0.216536
0.934982
0.214724
0.200322
0.595766
0.339396
0.706940
0.947288
0.905892
0.256474
0.099806
0.260229
0.844133
0.407472
0.408424
0.329334
0.048051
0.436027
0.542953
0.472646
0.389249
0.429128
0.690800
0.454650
0.397265
0.574975
0.228800
0.648349
0.808105
0.003550
0.158275
0.615344
0.641787
0.985776
0.731365
0.057975
0.227033
0.969460
0.407853
0.411674
0.080871
0.656269
0.924892
0.331496
0.190616
0.186498
0.976574
0.006355
0.005018
0.102865
0.695966
0.805263
0.646086
0.878296
0.984556
0.039740
0.022074
0.225027
0.528143
0.901131
0.041377
0.904979
0.511774
0.196706
0.997965
0.598910
0.614442
0.851418
0.351224
0.042349
0.562544
0.715859
0.682471
0.152919
0.262333
0.143613
0.964266
0.316240
0.119061
0.456272
0.909948
0.293914
0.411866
0.272902
0.187036
0.034505
0.844133
0.384635
0.127533
0.284533
0.862718
0.363147
0.851788
0.773840
0.961205
0.862359
0.455866
0.099617
0.271456
0.533136
0.390733
0.240944
0.039876
0.407472
0.909948
0.779976
0.239891
0.656269
0.744532
0.651744
0.661472
0.496884
0.404242
0.550411
0.494773
0.791693
0.056791
0.710735
0.520148
0.602731
0.359085
0.123234
0.273337
0.801385
0.563872
0.309356
0.153283
0.788572
0.545801
0.471408
0.694619
0.234423
0.451619
0.857840
0.927984
0.455461
0.155024
0.588818
0.923252
0.647444
0.434643
0.351398
0.926916
0.328008
0.515847
0.851418
0.462173
0.304302
0.410717
0.163114
0.450409
0.115297
0.748892
0.379144
0.102994
0.222291
0.513487
0.302735
0.951584
0.034505
