0.587166
0.015983
0.288714
0.231666
0.070130
0.531006
0.907992
0.737320
0.753525
0.158002
0.707905
0.785534
0.983128
0.147238
0.690195
0.401691
0.777220
0.047937
0.714953
0.800920
0.232678
0.344487
0.285385
0.256912
0.293278
0.014431
0.341520
0.152612
0.171627
0.023495
0.089779
0.338571
0.990928
0.924949
0.797349
0.484181
0.482203
0.450449
0.764767
0.369971
0.520409
0.437495
0.127205
0.965495
0.944827
0.486825
0.526210
0.631641
0.246571
0.355144
0.048194
0.686284
0.432185
0.282789
0.942238
0.806400
0.551733
0.868987
0.874500
0.407385
0.481215
0.367708
0.334047
0.834872
0.124527
0.795393
0.203260
0.880446
0.176111
0.475635
0.576229
0.593183
0.065153
0.577285
0.587166
0.483851
0.280912
0.185708
0.610946
0.229853
0.903187
0.187576
0.305040
0.809921
0.313827
0.913141
0.954044
0.899755
0.974148
0.217477
0.608810
0.612727
0.455879
0.995481
0.117242
0.474654
0.170836
0.361530
0.517348
0.656669
0.548954
0.760353
0.250196
0.530663
0.706140
0.618787
0.714953
0.110765
0.791793
0.016846
0.968897
0.341789
0.716008
0.163856
0.861391
0.063478
0.423517
0.384320
0.270527
0.506187
0.800920
0.108072
0.955841
0.221542
0.290629
0.384610
0.968897
0.250625
0.387815
0.940730
0.428768
0.259769
0.398417
0.360693
0.142162
0.762053
0.050884
0.084495
0.440007
0.698002
0.365453
0.259107
0.555911
0.131695
0.004720
0.490471
0.476618
0.682369
0.813421
0.527921
0.913141
0.808963
0.547220
0.770510
0.268032
0.713897
0.505178
0.761033
0.981053
0.778222
0.424441
0.110765
0.702958
0.110439
0.467488
0.440951
0.557654
0.975083
0.673457
0.999285
0.523477
0.547220
0.710022
0.469437
0.462310
0.694101
0.959774
0.334843
0.253645
0.463925
0.451404
0.979346
0.693391
0.351293
0.104501
0.264658
0.780889
0.777888
0.270527
0.811832
0.980758
0.915662
0.081543
0.843311
0.844205
0.872856
0.992959
0.903915
0.452361
0.151467
0.629854
0.851582
0.903187
0.573414
0.614509
0.644511
0.854785
0.292554
0.267355
0.502490
0.772192
0.672387
0.763072
0.879643
0.033100
0.728619
0.879643
0.797349
0.949812
0.409193
0.222323
0.972462
0.805436
0.496798
0.607742
0.192574
0.201266
0.115875
0.603830
0.078604
0.729317
0.379691
0.889905
0.944278
0.613796
0.559748
0.230054
0.076305
0.793759
0.510910
0.687351
0.705080
0.939009
0.547220
0.691260
0.643795
0.847468
0.958849
0.814372
0.851582
0.432808
0.666318
0.623783
0.656669
0.369405
0.052978
0.130183
0.598857
0.548954
0.036246
0.005727
0.798974
0.701897
0.636644
0.967426
0.295215
0.495130
0.500478
0.722675
0.942238
0.486825
0.286096
0.985964
0.693391
0.453000
0.624854
0.293278
0.166002
0.944827
0.497801
0.773536
0.161283
0.298627
0.345299
0.274876
0.876676
0.032883
0.628782
0.246147
0.514633
0.751468
0.290629
0.053147
0.816900
0.375669
0.972462
0.585045
0.311046
0.634500
0.281850
0.609878
0.850704
0.699065
0.340714
0.523136
0.840015
0.103985
0.382001
0.790809
0.373383
0.957597
0.232678
0.217477
0.827204
0.164162
0.652378
0.095641
0.618787
0.408288
0.615578
0.117356
0.937456
0.524160
0.409796
0.283495
0.473674
0.850118
0.314588
0.832432
0.291350
0.933082
0.147936
0.778890
0.423517
0.924304
0.346112
0.899755
0.255601
0.681300
0.424441
0.014767
0.816900
0.910584
0.389277
0.406483
0.041781
0.497801
0.653451
0.498804
0.327732
0.021306
0.933082
0.934090
0.560796
0.990743
0.853332
0.187235
0.155944
0.419220
0.474000
0.234916
0.090505
0.250625
0.083473
0.032169
0.120134
0.915662
0.547220
0.299853
0.509221
0.585045
0.611659
0.839413
0.794413
0.887052
0.626639
0.724426
0.335639
0.640577
0.060625
0.982109
0.702251
0.611659
0.439064
0.759331
0.520409
0.340177
0.361530
0.864507
0.252563
0.647372
0.601698
0.881248
0.840015
0.558701
0.859680
0.460376
0.160083
0.428768
0.890678
0.983400
0.106905
0.502490
0.557654
0.574118
0.778222
0.516669
0.369971
0.284675
0.391917
0.895009
0.525185
0.018265
0.509896
0.557654
0.732454
0.458446
0.880446
0.730364
0.947352
0.243196
0.668460
0.031852
0.890678
0.117585
0.453958
0.567446
0.256912
0.405582
0.471064
0.623783
0.060625
0.406483
0.696229
0.162187
0.062688
0.732454
0.407385
0.168951
0.059243
0.123446
0.283967
0.345299
0.509221
0.733498
0.602764
0.982854
0.273497
0.131948
0.966606
0.992959
0.109789
0.094310
0.471064
0.304791
0.304295
0.582220
0.350745
0.827204
0.461020
0.062950
0.146821
0.661316
0.340983
0.931862
0.924304
0.012579
0.304791
0.092529
0.247208
0.362928
0.442526
0.946278
0.226064
0.355972
0.065971
0.338571
0.762053
0.678450
0.204903
0.128191
0.065425
0.168639
0.633427
0.078363
0.748032
0.106905
0.847468
0.428768
0.667389
0.801890
0.453958
0.134119
0.929596
0.718818
0.835784
0.039884
0.153043
0.397527
0.900495
0.475963
0.391917
0.949290
0.427838
0.065561
0.777888
0.880446
0.100633
0.437495
0.486494
0.502490
0.002154
0.343136
0.666318
0.220569
0.494796
0.023839
0.909881
0.733498
0.833348
0.708964
0.377102
0.176111
0.787186
0.646299
0.545140
0.303551
0.138949
0.729666
0.014903
0.381134
0.206005
0.378539
0.715656
0.808003
0.698002
0.211021
0.307532
0.453319
0.974384
0.364330
0.818474
0.143383
0.754552
0.480228
0.685216
0.208966
0.497801
0.860536
0.212715
0.603830
0.403185
0.343946
0.935884
0.174659
0.201808
0.451404
0.662388
0.870652
0.313066
0.443473
0.561844
0.516329
0.434055
0.823792
0.414037
0.882047
0.485833
0.048815
0.394273
0.140816
0.336437
0.760012
0.053769
0.631641
0.923005
0.807042
0.400796
0.910584
0.674527
0.664531
0.174338
0.741131
0.859680
0.802536
0.294487
0.043857
0.523136
0.991585
0.029290
0.927291
0.909881
0.492133
0.512601
0.704019
0.134763
0.470087
0.123446
0.403185
0.429388
0.654524
0.485833
0.646299
0.591058
0.928971
0.780889
0.255383
0.439064
0.538574
0.833348
0.867594
0.438123
0.747688
0.337770
0.409193
0.736278
0.536506
0.862811
0.196438
0.302562
0.039326
0.165540
0.607031
0.106483
0.907278
0.172103
0.556956
0.121780
0.894251
0.236759
0.758991
0.562544
0.264882
0.594955
0.794413
0.906562
0.061713
0.924949
0.713897
0.186725
0.447905
0.011557
0.706846
0.559748
0.989849
0.106905
0.622712
0.276260
0.023627
0.812468
0.080635
0.232678
0.739053
0.975998
0.243196
0.654524
0.118160
0.020342
0.032381
0.524160
0.820357
0.335374
0.421059
0.552081
0.298138
0.236759
0.492133
0.968500
0.449494
0.251916
0.793759
0.427838
0.535473
0.460376
0.464572
0.453958
0.864507
0.378827
0.292554
0.370823
0.099438
0.297405
0.613796
0.419220
0.016038
0.356802
0.440007
0.900495
0.183353
0.625568
0.102348
0.979346
0.657384
0.278812
0.123207
0.183353
0.107116
0.458767
0.474654
0.425366
0.656669
0.341520
0.000420
0.217285
0.221153
0.144612
0.096217
0.003245
0.641650
0.411610
0.151467
0.657741
0.336437
0.609878
0.284675
0.450449
0.691260
0.848353
0.086050
0.605608
0.968500
0.304047
0.306284
0.082965
0.446003
0.192923
0.018558
0.322533
0.149199
0.222323
0.654524
0.376529
0.449494
0.025070
0.167704
0.640577
0.279977
0.129933
0.250840
0.236759
0.440951
0.444421
0.831513
0.757286
0.329565
0.534441
0.824725
0.897020
0.163856
0.262872
0.155944
0.558701
0.479571
0.866755
0.903187
0.439064
0.511924
0.370823
0.306284
0.276954
0.953047
0.634500
0.538229
0.773536
0.390156
0.686284
0.091789
0.497801
0.187235
0.816900
0.697293
0.118622
0.144475
0.386065
0.431251
0.887833
0.486825
0.818788
0.039668
0.224877
0.233286
0.693036
0.158446
0.845988
0.316115
0.162490
0.450449
0.313320
0.013718
0.706140
0.159635
0.287284
0.589996
0.871480
0.494130
0.523136
0.295215
0.194850
0.302809
0.460376
0.943725
0.612727
0.845097
0.290629
0.135540
0.594955
0.031677
0.184696
0.613796
0.510910
0.613796
0.418303
0.396638
0.534441
0.440951
0.909881
0.215181
0.438123
0.285385
0.706140
0.639505
0.565694
0.974148
0.211021
0.043201
0.112299
0.157559
0.157559
0.381134
0.465866
0.744931
0.605608
0.304791
0.133477
0.718818
0.585045
0.090505
0.373954
0.547220
0.867594
0.335639
0.801890
0.529634
0.105958
0.809921
0.849236
0.701897
0.116671
0.657384
0.708964
0.175626
0.166310
0.148777
0.672387
0.353765
0.500478
0.175626
0.555911
0.313827
0.833348
0.460376
0.441896
0.749751
0.731409
0.996730
0.792777
0.239028
0.884956
0.452042
0.048503
0.126837
0.475635
0.794413
0.912447
0.983400
0.710022
0.395750
0.266679
0.663460
0.545140
0.836694
0.173377
0.851582
0.931862
0.804471
0.413126
0.619857
0.534441
0.219019
0.803505
0.000679
0.715656
0.397527
0.302809
0.660601
0.835784
0.253862
0.122017
0.798325
0.698002
0.349378
0.455879
0.808963
0.668460
0.263541
0.167239
0.610590
0.323309
0.815321
0.395159
0.634500
0.271210
0.561844
0.095069
0.316115
0.350745
0.064815
0.254948
0.394273
0.439064
0.723726
0.116329
0.574118
0.782551
0.015443
0.752497
0.796372
0.239028
0.769499
0.192923
0.513617
0.066177
0.826585
0.769499
0.408891
0.588934
0.989313
0.847468
0.715656
0.460376
0.428768
0.681300
0.346112
0.254948
0.189116
0.535818
0.220375
0.867594
0.467488
0.610946
0.970328
0.665246
0.480228
0.165540
0.670602
0.551038
0.147936
0.667389
0.058256
0.865914
0.907992
0.427838
0.219019
0.840916
0.012696
0.173857
0.046126
0.241313
0.371675
0.601698
0.712841
0.597792
0.459410
0.323050
0.849236
0.951700
0.101135
0.973434
0.581162
0.549996
0.675241
0.820357
0.267806
0.438436
0.479242
0.428768
0.862811
0.843311
0.548954
0.271894
0.157264
0.555911
0.333518
0.706846
0.968099
0.392505
0.587166
0.327471
0.402288
0.702958
0.567446
0.536506
0.384320
0.804471
0.766798
0.194850
0.959774
0.356802
0.543064
0.658456
0.344757
0.736278
0.069266
0.651305
0.019641
0.756261
0.525868
0.995671
0.209898
0.346927
0.486825
0.389862
0.007013
0.000426
0.670245
0.791793
0.332461
0.827513
0.208594
0.212715
0.178717
0.367426
0.600988
0.379403
0.368556
0.427838
0.179209
0.321758
0.954866
0.740093
0.240688
0.532722
0.854785
0.999285
0.912447
0.518368
0.929596
0.446320
0.979959
0.678093
0.707905
0.863660
0.760353
0.172580
0.592120
0.468462
0.823792
0.401691
0.333518
0.767812
0.117242
0.851582
0.771520
0.409193
0.662388
0.882047
0.409796
0.944827
0.442526
0.324605
0.678450
0.159188
0.563593
0.382869
0.390742
0.406783
0.343136
0.543410
0.391036
0.474000
0.112189
0.706846
0.031296
0.563593
0.562894
0.312560
0.168483
0.296674
0.033064
0.112852
0.970712
0.704019
0.097280
0.728619
0.233896
0.432808
0.108713
0.686284
0.910584
0.516329
0.012740
0.526210
0.942798
0.577285
0.204354
0.449812
0.149904
0.155652
0.806400
0.750782
0.179209
0.227653
0.686284
0.340177
0.026272
0.247846
0.010652
0.012696
0.465543
0.925592
0.434679
0.275568
0.525868
0.651305
0.923656
0.935288
0.618787
0.179702
0.256256
0.133477
0.177899
0.577285
0.880446
0.717765
0.471064
0.103676
0.938041
0.414341
0.025693
0.524160
0.546180
0.530663
0.360693
0.066729
0.868987
0.435617
0.833348
0.509896
0.337770
0.933082
0.939585
0.401691
0.586105
0.251916
0.198751
0.913141
0.090505
0.944827
0.114411
0.736278
0.627711
0.197325
0.330353
0.407385
0.133093
0.304047
0.993804
0.859680
0.192923
0.160083
0.090688
0.934690
0.161734
0.048452
0.032955
0.475635
0.542372
0.160083
0.878298
0.416776
0.537540
0.691260
0.328517
0.750782
0.812468
0.803505
0.706846
0.320984
0.338037
0.503161
0.424441
0.973434
0.607031
0.892215
0.470413
0.547913
0.517348
0.313320
0.366016
0.967017
0.052198
0.094405
0.416776
0.130685
0.911751
0.180196
0.259107
0.048607
0.099142
0.049654
0.260431
0.580104
0.019932
0.283967
0.868987
0.432808
0.582220
0.231262
0.061584
0.728619
0.131442
0.025238
0.847468
0.057707
0.212526
0.819416
0.211585
0.034508
0.165080
0.048659
0.090505
0.686284
0.367426
0.205270
0.019574
0.377102
0.447905
0.708964
0.388399
0.984630
0.264882
0.608098
0.284203
0.421979
0.270527
0.220181
0.326166
0.210459
0.866755
0.423517
0.229853
0.231464
0.815953
0.723726
0.721624
0.387815
0.061135
0.112189
0.812468
0.239442
0.519388
0.061007
0.030244
0.681300
0.691260
0.909881
0.484842
0.766798
0.349105
0.719871
0.885481
0.507198
0.418303
0.227255
0.793759
0.528949
0.799299
0.541336
0.639505
0.692326
0.808963
0.803505
0.222911
0.404682
0.002146
0.753525
0.864507
0.166002
0.844205
0.415862
0.660601
0.834263
0.329828
0.531692
0.531692
0.542027
0.571306
0.350745
0.992374
0.428768
0.589996
0.327471
0.232272
0.238614
0.216327
0.383449
0.994794
0.465866
0.589996
0.697293
0.221153
0.763072
0.706846
0.949290
0.924949
0.583986
0.923656
0.727572
0.960232
0.893489
0.518368
0.227056
0.884166
0.893489
0.791793
0.848353
0.369405
0.120134
0.682369
0.375669
0.267806
0.112189
0.882047
0.826585
0.917473
0.927291
0.205821
0.626639
0.754552
0.000175
0.739053
0.827204
0.994313
0.315351
0.567446
0.391623
0.868431
0.311046
0.238407
0.188601
0.399011
0.894251
0.840916
0.151039
0.226064
0.081047
0.809921
0.503497
0.279977
0.145299
0.313320
0.914978
0.881248
0.155798
0.641650
0.236759
0.645584
0.393978
0.876676
0.654524
0.604897
0.149481
0.860536
0.735236
0.667389
0.373954
0.765783
0.168015
0.731409
0.368556
0.162187
0.122135
0.565694
0.315860
0.460376
0.320469
0.735236
0.078363
0.800920
0.382001
0.687351
0.566395
0.746999
0.918147
0.770510
0.663460
0.605964
0.274186
0.000278
0.355972
0.283495
0.784541
0.176922
0.787186
0.431251
0.426910
0.882047
0.523136
0.405582
0.556956
0.362089
0.456840
0.857384
0.764767
0.509896
0.365172
0.320469
0.023051
0.480228
0.019266
0.998936
0.865914
0.130560
0.023786
0.645584
0.206373
0.484842
0.138024
0.376242
0.835784
0.702958
0.099438
0.454278
0.115310
0.660243
0.399903
0.280678
0.380267
0.903915
0.421672
0.159337
0.121544
0.297405
0.313320
0.757286
0.814372
0.234507
0.384610
0.261095
0.820357
0.352116
0.731409
0.588934
0.227853
0.493131
0.493131
0.783546
0.591058
0.144612
0.548260
0.942798
0.942238
0.370823
0.597083
0.570253
0.914978
0.579047
0.369122
0.667389
0.864507
0.683437
0.849236
0.264658
0.744931
0.813421
0.722675
0.589996
0.327732
0.579047
0.426910
0.592829
0.999900
0.887052
0.267806
0.112630
0.024736
0.695165
0.083303
0.081543
0.055560
0.901233
0.486494
0.297405
0.117242
0.561495
0.925378
0.085616
0.914521
0.167239
0.363208
0.539264
0.471064
0.161283
0.863660
0.617717
0.762053
0.979036
0.567446
0.861107
0.653451
0.171152
0.031399
0.311298
0.298138
0.003462
0.720923
0.327732
0.697293
0.229853
0.496798
0.645584
0.121426
0.237788
0.878298
0.792777
0.270982
0.855653
0.650590
0.372244
0.984110
0.532722
0.152755
0.798974
0.973434
0.435617
0.088253
0.933082
0.183019
0.192052
0.653808
0.766798
0.247208
0.960232
0.778890
0.592829
0.820357
0.395750
0.701897
0.085270
0.967426
0.313320
0.799948
0.689128
0.813421
0.592829
0.436556
0.848353
0.251270
0.384320
0.621641
0.969942
0.042280
0.102857
0.533753
0.526210
0.262427
0.606675
0.405582
0.756261
0.706140
0.481873
0.779890
0.905123
0.935288
0.735236
0.993114
0.892726
0.193447
0.211397
0.135280
0.949812
0.374811
0.201266
0.895009
0.775213
0.748720
0.122730
0.032098
0.027528
0.201808
0.372529
0.775213
0.263988
0.402587
0.455879
0.604897
0.394273
0.543064
0.234916
0.336970
0.042923
0.926018
0.465866
0.552777
0.942238
0.828131
0.804471
0.811514
0.402587
0.433743
0.501483
0.880446
0.933486
0.554865
0.582220
0.736278
0.094121
0.698002
0.774207
0.241940
0.110114
0.461987
0.278812
0.963500
0.537540
0.592120
0.527921
0.813421
0.401393
0.917473
0.245301
0.334047
0.963500
0.859680
0.461342
0.698002
0.220181
0.551038
0.507872
0.334843
0.346655
0.929596
0.222911
0.640577
0.154342
0.367708
0.737320
0.829056
0.705080
0.753525
0.098354
0.095355
0.772528
0.469112
0.562544
0.895009
0.739053
0.245935
0.334843
0.156090
0.852458
0.683437
0.470413
0.098354
0.565694
0.918147
0.939585
0.421059
0.082713
0.128439
0.046923
0.955355
0.533753
0.021523
0.716711
0.409193
0.111969
0.547913
0.081793
0.897769
0.901968
0.305040
0.615934
0.621641
0.717765
0.583986
0.012948
0.453319
0.608810
0.805436
0.913141
0.787186
0.310542
0.569551
0.577285
0.911052
0.608810
0.353765
0.640577
0.244247
0.039113
0.645584
0.401393
0.568498
0.422594
0.249553
0.942798
0.948765
0.890678
0.840015
0.356802
0.985555
0.565694
0.954866
0.332725
0.621641
0.970712
0.061713
0.323309
0.386065
0.787186
0.684149
0.527236
0.845988
0.982854
0.446003
0.422901
0.286096
0.922569
0.643438
0.805436
0.431251
0.071299
0.927291
0.484842
0.971720
0.483191
0.992537
0.472042
0.253212
0.692326
0.519388
0.141622
0.743896
0.299362
0.598147
0.894251
0.981053
0.935288
0.917022
0.226064
0.422594
0.197858
0.122373
0.687351
0.672387
0.408288
0.083642
0.882047
0.800920
0.516669
0.649517
0.038986
0.297405
0.575173
0.248272
0.321758
0.063346
0.669531
0.587166
0.996730
0.791793
0.763072
0.252347
0.848353
0.645584
0.271666
0.604897
0.340714
0.479242
0.597792
0.454918
0.929596
0.961439
0.335639
0.547913
0.573414
0.477601
0.785534
0.237376
0.118276
0.058563
0.312560
0.825656
0.274186
0.811514
0.960989
0.597792
0.821296
0.794413
0.365172
0.469437
0.129933
0.016923
0.972462
0.881248
0.246147
0.626639
0.306284
0.675241
0.815005
0.240065
0.031782
0.421059
0.177410
0.062819
0.258008
0.513617
0.104294
0.665603
0.990045
0.481215
0.052364
0.757286
0.721624
0.655596
0.729666
0.776217
0.677380
0.033612
0.610946
0.339374
0.583986
0.642365
0.638432
0.712841
0.251270
0.215181
0.984110
0.216135
0.367708
0.657741
0.416776
0.695165
0.114411
0.895009
0.741131
0.005355
0.415862
0.300836
0.271666
0.861960
0.071446
0.808003
0.876676
0.991929
0.857960
0.340714
0.783546
0.668460
0.155506
0.048194
0.414341
0.145162
0.103985
0.264211
0.360693
0.710022
0.497801
0.705080
0.865914
0.748720
0.036246
0.349925
0.498804
0.727572
0.415862
0.705080
0.577285
0.615578
0.414037
0.631641
0.944278
0.800920
0.387523
0.320212
0.200725
0.602053
0.032488
0.941675
0.525185
0.776217
0.506187
0.236143
0.098944
0.342328
0.720572
0.246995
0.044093
0.902456
0.682369
0.663460
0.914978
0.999625
0.386939
0.032098
0.111420
0.515651
0.261095
0.651305
0.761033
0.852458
0.322533
0.651663
0.081793
0.552081
0.771520
0.493131
0.965073
0.768825
0.699065
0.990743
0.980758
0.300836
0.320469
0.389277
0.690550
0.213093
0.907992
0.155214
0.130309
0.002858
0.958069
0.053656
0.568498
0.673457
0.601698
0.897769
0.915662
0.003198
0.652736
0.110765
0.879106
0.798974
0.373954
0.594955
0.377102
0.909174
0.336970
0.463278
0.477601
0.597792
0.884166
0.339374
0.672387
0.939009
0.494130
0.148496
0.468462
0.984630
0.214610
0.787186
0.254296
0.261095
0.446954
0.333253
0.355144
0.377102
0.801567
0.540645
0.107540
0.694101
0.571306
0.449494
0.381134
0.636644
0.473021
0.740093
0.675241
0.506187
0.494130
0.954044
0.835176
0.486825
0.498804
0.445370
0.570253
0.787186
0.530663
0.706846
0.961439
0.461987
0.653451
0.320212
0.596728
0.247208
0.727572
0.532722
0.320469
0.859680
0.338571
0.860536
0.082965
0.928553
0.259990
0.754552
0.361251
0.325385
0.130309
0.968897
0.280678
0.244668
0.901233
0.974148
0.482203
0.130560
0.080799
0.481215
0.034020
0.562544
0.649517
0.449812
0.020995
0.677380
0.631641
0.752497
0.285385
0.194850
0.934690
0.934690
0.101437
0.485833
0.673457
0.840916
0.883373
0.250625
0.492133
0.850118
0.281381
0.967831
0.385192
0.058073
0.415862
0.491136
0.791793
0.598147
0.753525
0.439064
0.249553
0.862811
0.163400
0.054284
0.244668
0.215753
0.068837
0.663460
0.993266
0.526210
0.227056
0.340714
0.828131
0.256912
0.990928
0.069481
0.377102
0.630569
0.603830
0.744931
0.406483
0.666318
0.139613
0.532722
0.801890
0.678450
0.969942
0.592120
0.481215
0.874500
0.275568
0.346112
0.473021
0.536506
0.654524
0.714953
0.841816
0.042008
0.859680
0.099935
0.696229
0.631641
0.720572
0.820357
0.872307
0.517348
0.056208
0.836694
0.204903
0.076384
0.387815
0.551038
0.735236
0.457482
0.287760
0.043575
0.269844
0.850704
0.320469
0.825656
0.780889
0.835784
0.874500
0.386065
0.326687
0.686284
0.596019
0.414341
0.068482
0.462310
0.062297
0.326948
0.254296
0.191011
0.101639
0.652378
0.376242
0.420752
0.258667
0.012948
0.170206
0.220958
0.638789
0.596019
0.130685
0.583279
0.583986
0.945373
0.231060
0.559748
0.506187
0.796372
0.763072
0.781886
0.567446
0.437495
0.592829
0.339374
0.801890
0.917473
0.399903
0.710022
0.231666
0.421672
0.995044
0.536506
0.244036
0.668460
0.166002
0.863660
0.645584
0.227653
0.350745
0.432185
0.520409
0.874500
0.045831
0.057043
0.026360
0.976670
0.769499
0.869265
0.635572
0.007459
0.456840
0.771520
0.685216
0.775213
0.706846
0.658456
0.820357
0.915662
0.110656
0.018920
0.594955
0.195378
0.359857
0.603830
0.707905
0.271666
0.139347
0.064680
0.657384
0.003458
0.145713
0.990743
0.071963
0.464895
0.697293
0.482862
0.358189
0.800920
0.851582
0.189975
0.968500
0.837602
0.453319
0.823169
0.408288
0.581162
0.385192
0.062427
0.802859
0.710022
0.791137
0.061907
0.350472
0.063876
0.845988
0.425983
0.552777
0.339374
0.323309
0.756261
0.107540
0.577989
0.471390
0.539609
0.054284
0.101942
0.177410
0.895009
0.274876
0.972829
0.751811
0.279511
0.909174
0.092437
0.404083
0.762053
0.998978
0.699065
0.735236
0.402288
0.784541
0.206373
0.278812
0.274876
0.591058
0.889130
0.109573
0.131948
0.969291
0.794413
0.206558
0.721624
0.699065
0.872856
0.839112
0.118160
0.359300
0.587166
0.113852
0.376242
0.516669
0.017753
0.284675
0.441581
0.054398
0.639505
0.516329
0.083812
0.501483
0.961886
0.242567
0.476618
0.700127
0.001864
0.986205
0.242358
0.531692
0.110765
0.676311
0.303056
0.193797
0.687351
0.489476
0.756261
0.145299
0.621641
0.658456
0.092529
0.713897
0.083134
0.742860
0.952544
0.323309
0.049813
0.447271
0.794740
0.241313
0.495130
0.286571
0.566395
0.050561
0.531692
0.564643
0.432185
0.381134
0.976335
0.429698
0.612727
0.239442
0.323309
0.825656
0.923656
0.314588
0.284675
0.091973
0.858821
0.835176
0.428768
0.402288
0.052087
0.993514
0.613796
0.926018
0.897020
0.294487
0.011517
0.544448
0.689128
0.979654
0.387523
0.905363
0.809921
0.450449
0.863660
0.223892
0.359022
0.878298
0.827513
0.441581
0.569551
0.332725
0.587166
0.967831
0.599922
0.298627
0.169108
0.234916
0.186216
0.887052
0.492133
0.702251
0.776886
0.488481
0.287284
0.837602
0.855653
0.407385
0.623783
0.970712
0.084068
0.984371
0.033983
0.987069
0.919486
0.939585
0.952544
