0.819220
0.819220
0.943425
0.889227
0.270840
0.819220
0.176496
0.889227
0.030257
0.819220
0.738490
0.738490
0.219672
0.652512
0.889227
0.000134
0.219672
0.889227
0.176496
0.652512
0.943425
0.819220
0.738490
0.111133
0.652512
0.819220
0.943425
0.005448
0.219672
0.004066
0.004066
0.219672
0.819220
0.943425
0.819220
0.023086
0.819220
0.738490
0.889227
0.889227
0.889227
0.738490
0.738490
0.738490
0.652512
0.738490
0.819220
0.819220
0.140598
0.000019
0.140598
0.819220
0.738490
0.140598
0.738490
0.738490
0.738490
0.943425
0.819220
0.219672
0.943425
0.738490
0.738490
0.889227
0.566176
0.889227
0.819220
0.819220
0.023086
0.819220
0.176496
0.738490
0.652512
0.889227
0.819220
0.270840
0.270840
0.176496
0.889227
0.819220
0.889227
0.219672
0.819220
0.889227
0.140598
0.819220
0.219672
0.819220
0.652512
0.219672
0.013272
0.738490
0.819220
0.889227
0.566176
0.219672
0.738490
0.111133
0.889227
0.819220
0.889227
0.819220
0.819220
0.889227
0.819220
0.738490
0.889227
0.738490
0.819220
0.219672
0.819220
0.140598
0.017539
0.219672
0.819220
0.176496
0.176496
0.652512
0.889227
0.738490
0.819220
0.087223
0.819220
0.819220
0.943425
0.889227
0.943425
0.219672
0.819220
0.176496
0.819220
0.738490
0.738490
0.652512
0.140598
0.943425
0.566176
0.819220
0.023086
0.738490
0.652512
0.111133
0.819220
0.176496
0.219672
0.889227
0.819220
0.889227
0.889227
0.889227
0.819220
0.889227
0.819220
0.819220
0.140598
0.819220
0.889227
0.738490
0.652512
0.219672
0.176496
0.111133
0.270840
0.889227
0.819220
0.889227
0.889227
0.819220
0.111133
0.738490
0.819220
0.176496
0.889227
0.140598
0.819220
0.176496
0.819220
0.023086
0.176496
0.652512
0.270840
0.738490
0.023086
0.819220
0.943425
0.566176
0.738490
0.819220
0.738490
0.738490
0.176496
0.819220
0.889227
0.000184
0.013272
0.889227
0.738490
0.819220
0.819220
0.219672
0.111133
0.889227
0.819220
0.819220
0.176496
0.219672
0.819220
0.219672
0.652512
0.943425
0.738490
0.652512
0.017539
0.270840
0.889227
0.738490
0.176496
0.270840
0.819220
0.111133
0.652512
0.738490
0.889227
0.738490
0.819220
0.176496
0.819220
0.738490
0.889227
0.140598
0.566176
0.738490
0.819220
0.652512
0.566176
0.819220
0.738490
0.566176
0.819220
0.140598
0.176496
0.819220
0.738490
0.819220
0.819220
0.819220
0.738490
0.219672
0.738490
0.819220
0.140598
0.819220
0.176496
0.003025
0.819220
0.738490
0.819220
0.023086
0.819220
0.738490
0.738490
0.017539
0.219672
0.030257
0.819220
0.176496
0.889227
0.738490
0.943425
0.000001
0.889227
0.943425
0.738490
0.889227
0.819220
0.819220
0.819220
0.140598
0.819220
0.219672
0.819220
0.889227
0.819220
0.738490
0.738490
0.219672
0.140598
0.652512
0.943425
0.889227
0.889227
0.652512
0.270840
0.030257
0.270840
0.738490
