0.887046
0.626989
0.655589
0.666072
0.198866
0.545133
0.181406
0.474102
0.702126
0.128024
0.439058
0.619374
0.305781
0.235116
0.712481
0.173161
0.702126
0.213594
0.399104
0.865346
0.439058
0.981504
0.305781
0.020007
0.887046
0.025351
0.817523
0.608921
0.730240
0.552538
0.432386
0.138241
0.156429
0.189972
0.118466
0.326161
0.912056
0.293353
0.801344
0.730240
0.850796
0.239507
0.856994
0.730240
0.384217
0.464565
0.929661
0.507752
0.339547
0.580567
0.552538
0.497905
0.423305
0.326161
0.552538
0.464565
0.014359
0.339547
0.164006
0.204168
0.608921
0.598495
0.339547
0.740432
0.562770
0.856994
0.673688
0.497905
0.608921
0.954041
0.423305
0.791787
0.091449
0.189972
0.887046
0.801344
0.361431
0.784755
0.887046
0.399104
0.981504
0.195081
0.507752
0.899915
0.448322
0.490796
0.673688
0.774982
0.423305
0.826682
0.573056
0.361431
0.966189
0.432386
0.912056
0.655589
0.626989
0.464565
0.229181
0.655589
0.923434
0.865346
0.817523
0.929661
0.107255
0.694566
0.767805
0.384217
0.267801
0.517681
0.256543
0.801344
0.817523
0.865346
0.535007
0.774982
0.033846
0.918739
0.375759
0.535007
0.730240
0.879279
0.892551
0.423305
0.369682
0.865346
0.730240
0.121896
0.384217
0.684141
0.712481
0.099074
0.580567
0.535007
0.899915
0.416770
0.598495
0.637471
0.384217
0.490796
0.399104
0.339547
0.025961
0.176594
0.008793
0.017672
0.318580
0.189972
0.320635
0.378054
0.535007
0.747795
0.517681
0.305781
0.626989
0.817523
0.066474
0.168531
0.590932
0.774982
0.086894
0.439058
0.535007
0.026823
0.826682
0.865346
0.128024
0.131692
0.507752
0.464565
0.598495
0.429899
0.384217
0.507752
0.719980
0.347465
0.524950
0.423305
0.189972
0.817523
0.094182
0.500582
0.684141
0.121896
0.801344
0.535007
0.219208
0.107255
0.879279
0.213594
0.626989
0.004284
0.195081
0.784755
0.149149
0.164006
0.326161
0.229181
0.116024
0.892551
0.712481
0.080114
0.765099
0.637471
0.305781
0.517681
0.929661
0.842109
0.981504
0.500582
0.817523
0.209583
0.691727
0.598495
0.637471
0.439058
0.198866
0.318580
0.407880
0.562770
0.757847
0.774982
0.320635
0.842109
0.293353
0.497905
0.666072
0.608921
0.637471
0.912056
0.912056
0.015220
0.774982
0.204168
0.001681
0.929661
0.000604
0.887046
0.474102
0.125412
0.039027
0.655589
0.865346
0.918739
0.850796
0.369682
0.490796
0.740432
0.423305
0.086894
0.912056
0.028375
0.730240
0.384217
0.333865
0.608921
0.062534
0.204168
0.626989
0.719980
0.121896
0.094182
0.801344
0.455125
0.801344
0.747795
0.361431
0.552538
0.500582
0.263016
0.608921
0.747795
0.293353
0.590932
0.118466
0.407880
0.118466
0.712481
0.384217
0.879279
0.580567
0.966189
0.189972
0.958742
0.842109
0.030277
0.637471
0.562770
0.747795
0.580567
0.141081
0.757847
0.817523
0.025961
0.856994
0.774982
0.281298
0.432386
0.219208
0.826682
0.274488
0.826682
0.209583
0.929661
0.573056
0.339547
0.545133
0.507752
0.791787
0.369682
0.274488
0.879279
0.229181
0.281298
0.626989
0.326161
0.887046
0.305781
0.684141
0.011251
0.423305
0.439058
0.939773
0.637471
0.030998
0.991544
0.455125
0.245649
0.407880
0.121896
0.176594
0.010249
0.423305
0.474102
0.918739
0.765099
0.423305
0.842109
0.112739
0.598495
0.842109
0.719980
0.361431
0.239507
0.865346
0.439058
0.810765
0.423305
0.195081
0.145067
0.791787
0.263016
0.481098
0.153328
0.298540
0.626989
0.286328
0.730240
0.507752
0.801344
0.142159
0.256543
0.865346
0.666072
0.392793
0.747795
0.945248
0.399104
0.552538
0.655589
0.281298
0.474102
0.384217
0.448322
0.245649
0.455125
0.842109
0.339547
0.145067
0.562770
0.757847
0.086894
0.817523
0.981504
0.500582
0.326161
0.666072
0.598495
0.966189
0.399104
0.655589
0.267801
0.842109
0.009101
0.655589
0.080114
0.432386
0.300503
0.281298
0.856994
0.361431
0.626989
0.945248
0.954041
0.691727
0.954041
0.032774
0.439058
0.020681
0.730240
0.666072
0.281298
0.160779
0.580567
0.339547
0.399104
0.423305
0.286328
0.590932
0.099074
0.339547
0.954041
0.939773
0.153328
0.061155
0.757847
0.590932
0.251912
0.580567
0.384217
0.066474
0.423305
0.598495
0.300503
0.619374
0.407880
0.399104
0.086894
0.286328
0.666072
0.918739
0.121896
0.263016
0.655589
0.801344
0.448322
0.099074
0.281298
0.189972
0.156429
0.826682
0.474102
0.256543
0.017247
0.939773
0.817523
0.912056
0.637471
0.369682
0.545133
0.213594
0.423305
0.099074
0.912056
0.407880
0.361431
0.375759
0.229181
0.626989
0.801344
0.757847
0.423305
0.474102
0.619374
0.637471
0.655589
0.011251
0.305781
0.801344
0.562770
0.293353
0.988236
0.361431
0.918739
0.481098
0.439058
0.645099
0.112739
0.712481
0.050506
0.219208
0.104189
0.086894
0.333865
0.999889
0.637471
0.235116
0.740432
0.684141
0.712481
0.774982
0.856994
0.719980
0.939773
0.107255
0.562770
0.912056
0.887046
0.719980
0.684141
0.073813
0.245649
0.474102
0.003889
0.339547
0.339547
0.949054
0.125412
0.801344
0.590932
0.774982
0.524950
0.784755
0.879279
0.507752
0.535007
0.954041
0.313146
0.070057
0.300503
0.810765
0.801344
0.899915
0.552538
0.053296
0.784755
0.817523
0.128024
0.801344
0.384217
0.801344
0.899915
0.712481
0.757847
0.842109
0.879279
0.407880
0.326161
0.281298
0.545133
0.608921
0.347465
0.107255
0.005520
0.684141
0.457689
0.181406
0.655589
0.384217
0.991544
0.145067
0.774982
0.245649
0.801344
0.899915
0.507752
0.091449
0.826682
0.407880
0.256543
0.545133
0.002564
0.432386
0.131692
0.833240
0.059304
0.826682
0.034950
0.702126
0.757847
0.747795
0.637471
0.131692
0.833240
0.712481
0.757847
0.313146
0.655589
0.384217
0.281298
0.730240
0.125412
0.791787
0.865346
0.954041
0.945248
0.213594
0.432386
0.213594
0.879279
0.198866
0.032015
0.939773
0.757847
0.702126
0.580567
0.833240
0.235116
0.128024
0.318580
0.945248
0.673688
0.507752
0.189972
0.740432
0.856994
0.666072
0.892551
0.899915
0.128024
0.134416
0.945248
0.552538
0.961982
0.791787
0.326161
0.318580
0.712481
0.972786
0.131692
0.339547
0.985989
0.899915
0.865346
0.305781
0.339547
0.517681
0.535007
0.134416
0.580567
0.061155
0.747795
0.229181
0.050506
0.645099
0.945248
0.817523
0.666072
0.826682
0.694566
0.156429
0.580567
0.527686
0.912056
0.195081
0.801344
0.879279
0.842109
0.384217
0.647960
0.842109
0.423305
0.160779
0.645099
0.016130
0.448322
0.791787
0.011251
0.018891
0.887046
0.702126
0.029311
0.121896
0.053296
0.128024
0.326161
0.000093
0.817523
0.673688
0.096215
0.407880
0.423305
0.747795
0.369682
0.684141
0.153328
0.017672
0.067962
0.399104
0.580567
0.774982
0.016680
0.929661
0.195081
0.573056
0.573056
0.116024
0.580567
0.057990
0.184973
0.064477
0.038134
0.293353
0.626989
0.702126
0.647960
0.099074
0.801344
0.500582
0.005663
0.004284
0.573056
0.808210
0.918739
0.245649
0.153328
0.712481
0.590932
0.507752
0.195081
0.988236
0.774982
0.730240
0.966189
0.023180
0.702126
0.021897
0.958742
0.923434
0.423305
0.258296
0.464565
0.063059
0.088787
0.099074
0.712481
0.000694
0.432386
0.012774
0.448322
0.107255
0.655589
0.856994
0.023955
0.899915
0.263016
0.399104
0.637471
0.939773
0.972786
0.027711
0.608921
0.307777
0.375759
0.361431
0.801344
0.899915
0.747795
0.691727
0.256543
0.535007
0.339547
0.517681
0.590932
0.507752
0.464565
0.263016
0.313146
0.339547
0.637471
0.110401
0.981504
0.318580
0.455125
0.448322
0.871290
0.107255
0.355506
0.655589
0.286328
0.673688
0.598495
0.347465
0.256543
0.256543
0.645099
0.274488
0.099074
0.313146
0.361431
0.010249
0.000330
0.774982
0.209583
0.801344
0.208095
0.245649
0.198866
0.856994
0.059304
0.107255
0.464565
0.251912
0.407880
0.339547
0.747795
0.448322
0.945248
0.448322
0.000025
0.879279
0.235116
0.545133
0.313146
0.107255
0.637471
0.637471
0.826682
0.740432
0.598495
0.326161
0.608921
0.072210
0.326161
0.747795
0.619374
0.361431
0.361431
0.655589
0.490796
0.507752
0.022429
0.037804
0.972786
0.945248
0.066474
0.067962
0.189972
0.608921
0.784755
0.619374
0.608921
0.774982
0.545133
0.590932
0.842109
0.293353
0.517681
0.046373
0.616521
0.826682
0.064477
0.464565
0.791787
0.655589
0.091449
0.655589
0.619374
0.054512
0.204168
0.256543
0.204168
0.176594
0.407880
0.712481
0.490796
0.524950
0.118466
0.305781
0.181406
0.474102
0.353301
0.879279
0.099074
0.245649
0.879279
0.608921
0.399104
0.414334
0.000110
0.439058
0.879279
0.145067
0.256543
0.817523
0.774982
0.204168
0.313146
0.879279
0.432386
0.994176
0.300503
0.842109
0.702126
0.286328
0.029311
0.061155
0.619374
0.305781
0.842109
0.333865
0.128024
0.399104
0.535007
0.684141
0.918739
0.483734
0.918739
0.562770
0.912056
0.490796
0.608921
0.213594
0.590932
0.666072
0.131692
0.490796
0.156429
0.318580
0.637471
0.972786
0.981504
0.673688
0.423305
0.954041
0.229181
0.474102
0.892551
0.326161
0.791787
0.619374
0.991544
0.051664
0.039027
0.448322
0.474102
0.441574
0.865346
0.765099
0.524950
0.598495
0.791787
0.339547
0.091449
0.134416
0.712481
0.985989
0.608921
0.991544
0.899915
0.036936
0.842109
0.655589
0.121896
0.138241
0.044937
0.580567
0.134416
0.626989
0.464565
0.712481
0.375759
0.879279
0.856994
0.457689
0.507752
0.619374
0.899915
0.448322
0.086894
0.945248
0.887046
0.981504
0.009659
0.810765
0.361431
0.527686
0.912056
0.439058
0.439058
0.084351
0.684141
0.500582
0.842109
0.562770
0.545133
0.474102
0.500582
0.740432
0.580567
0.448322
0.865346
0.545133
0.598495
0.507752
0.229181
0.954041
0.176594
0.039027
0.392793
0.712481
0.001293
0.747795
0.464565
0.339547
0.865346
0.598495
0.939773
0.929661
0.842109
0.899915
0.474102
0.173161
0.817523
0.608921
0.181406
0.740432
0.392793
0.988236
0.966189
0.318580
0.887046
0.414334
0.014359
0.318580
0.481098
0.972786
0.929661
0.059304
0.318580
0.833240
0.981504
0.028375
0.118466
0.274488
0.375759
0.887046
0.774982
0.320635
0.918739
0.239507
0.981504
0.580567
0.684141
0.457689
0.432386
0.474102
0.774982
0.507752
0.833240
0.865346
0.250191
0.102007
0.001429
0.474102
0.856994
0.608921
0.850796
0.474102
0.041228
0.168531
0.817523
0.608921
0.369682
0.235116
0.176594
0.954041
0.235116
0.801344
0.774982
0.598495
0.347465
0.041228
0.517681
0.384217
0.464565
0.645099
0.712481
0.712481
0.164006
0.080114
0.298540
0.774982
0.245649
0.517681
0.608921
0.552538
0.384217
0.339547
0.128024
0.712481
0.702126
0.339547
0.899915
0.645099
0.666072
0.355506
0.039027
0.361431
0.552538
0.041228
0.020007
0.645099
0.590932
0.213594
0.507752
0.774982
0.131692
0.702126
0.082543
0.887046
0.791787
0.500582
0.286328
0.626989
0.464565
0.918739
0.384217
0.464565
0.730240
0.817523
0.333865
0.865346
0.899915
0.757847
0.053296
0.899915
0.517681
0.483734
0.730240
0.757847
0.464565
0.263016
0.972786
0.139300
0.091449
0.817523
0.939773
0.313146
0.455125
0.817523
0.842109
0.684141
0.608921
0.673688
0.204168
0.384217
0.176594
0.842109
0.086894
0.981504
0.500582
0.375759
0.086894
0.300503
0.573056
0.076069
0.164006
0.507752
0.051664
0.168531
0.817523
0.267801
0.474102
0.507752
0.104189
0.061155
0.483734
0.517681
0.048953
0.774982
0.138241
0.213594
0.050506
0.817523
0.918739
0.842109
0.608921
0.286328
0.966189
0.168531
0.684141
0.131692
0.082543
0.189972
0.399104
0.361431
0.464565
0.274488
0.186326
0.712481
0.432386
0.176594
0.251912
0.004396
0.801344
0.730240
0.966189
0.189972
0.256543
0.156429
0.300503
0.590932
0.810765
0.000233
0.817523
0.457689
0.423305
0.517681
0.655589
0.865346
0.048953
0.439058
0.326161
0.730240
0.562770
0.423305
0.826682
0.774982
0.954041
0.826682
0.747795
0.353301
0.497905
0.464565
0.562770
0.590932
0.684141
0.684141
0.195081
0.121896
0.991544
0.774982
0.474102
0.757847
0.164006
0.673688
0.507752
0.562770
0.517681
0.826682
0.361431
0.808210
0.490796
0.740432
0.856994
0.801344
0.619374
0.407880
0.747795
0.245649
0.464565
0.712481
0.929661
0.239507
0.899915
0.128024
0.384217
0.189972
0.318580
0.448322
0.399104
0.887046
0.168531
0.842109
0.619374
0.702126
0.757847
0.912056
0.774982
0.213594
0.006231
0.361431
0.229181
0.879279
0.730240
0.747795
0.865346
0.702126
0.954041
0.256543
0.094182
0.300503
0.552538
0.375759
0.224939
0.305781
0.448322
0.666072
0.439058
0.879279
0.954041
0.939773
0.399104
0.712481
0.637471
0.801344
0.339547
0.535007
0.608921
0.774982
0.077750
0.774982
0.570245
0.923434
0.125412
0.702126
0.856994
0.590932
0.562770
0.286328
0.028375
0.918739
0.666072
0.684141
0.810765
0.637471
0.684141
0.892551
0.598495
0.994176
0.384217
0.091449
0.483734
0.439058
0.184973
0.856994
0.407880
0.245649
0.961982
0.791787
0.384217
0.791787
0.899915
0.286328
0.051664
0.263016
0.719980
0.712481
0.570245
0.747795
0.666072
0.850796
0.580567
0.757847
0.865346
0.263016
0.213594
0.527686
0.500582
0.784755
0.865346
0.256543
0.966189
0.300503
0.991544
0.918739
0.146171
0.145067
0.375759
0.017672
0.535007
0.414334
0.747795
0.879279
0.929661
0.263016
0.263016
0.939773
0.730240
0.102007
0.300503
0.414334
0.086894
0.156429
0.245649
0.125412
0.025351
0.856994
0.102007
0.256543
0.195081
0.573056
0.305781
0.121896
0.239507
0.865346
0.912056
0.899915
0.774982
0.961982
0.608921
0.833240
0.865346
0.135450
0.939773
0.002564
0.879279
0.626989
0.645099
0.598495
0.791787
0.655589
0.817523
0.826682
0.339547
0.791787
0.481098
0.030998
0.954041
0.204168
0.439058
0.879279
0.517681
0.032015
0.219208
0.160779
0.331752
0.423305
0.637471
0.318580
0.535007
0.300503
0.655589
0.573056
0.552538
0.229181
0.457689
0.856994
0.535007
0.694566
0.229181
0.339547
0.580567
0.712481
0.939773
0.318580
0.339547
0.448322
0.842109
0.091449
0.219208
0.091449
0.552538
0.747795
0.016680
0.384217
0.850796
0.000511
0.757847
0.842109
0.666072
0.552538
0.423305
0.149149
0.719980
0.239507
0.879279
0.507752
0.535007
0.535007
0.256543
0.015740
0.945248
0.580567
0.080114
0.034950
0.039940
0.347465
0.455125
0.598495
0.116024
0.545133
0.474102
0.590932
0.025961
0.580567
0.918739
0.481098
0.339547
0.619374
0.580567
0.573056
0.076069
0.135450
0.887046
0.972786
0.432386
0.018272
0.562770
0.784755
0.740432
0.138241
0.331752
0.128024
0.369682
0.464565
0.042554
0.399104
0.912056
0.684141
0.497905
0.384217
0.339547
0.981504
0.490796
0.552538
0.448322
0.842109
0.545133
0.673688
0.448322
0.384217
0.730240
0.747795
0.730240
0.562770
0.826682
0.347465
0.765099
0.608921
0.784755
0.375759
0.981504
0.464565
0.229181
0.507752
0.730240
0.094182
0.507752
0.833240
0.213594
0.850796
0.457689
0.879279
0.954041
0.730240
0.423305
0.189972
0.856994
0.801344
0.423305
0.826682
0.118466
0.865346
0.059304
0.300503
0.879279
0.801344
0.929661
0.535007
0.118466
0.347465
0.892551
0.619374
0.817523
0.432386
0.524950
0.017247
0.064477
0.552538
0.384217
0.647960
0.002658
0.966189
0.694566
0.981504
0.791787
0.608921
0.929661
0.757847
0.590932
0.490796
0.517681
0.121896
0.121896
0.305781
0.029311
0.702126
0.176594
0.099074
0.347465
0.719980
0.929661
0.012347
0.339547
0.545133
0.439058
0.258296
0.801344
0.500582
0.086894
0.774982
0.637471
0.573056
0.801344
0.138241
0.684141
0.517681
0.134416
0.865346
0.152178
0.684141
0.313146
0.256543
0.976221
0.288232
0.481098
0.026823
0.817523
0.457689
0.305781
0.361431
0.347465
0.448322
0.580567
0.842109
0.048953
0.865346
0.176594
0.035774
0.637471
0.791787
0.865346
0.702126
0.954041
0.189972
0.892551
0.149149
0.929661
0.326161
0.666072
0.580567
0.145067
0.464565
0.887046
0.333865
0.791787
0.015740
0.156429
0.774982
0.655589
0.195081
0.474102
0.320635
0.347465
0.184973
0.899915
0.318580
0.507752
0.251912
0.339547
0.923434
0.490796
0.626989
0.293353
0.608921
0.918739
0.073813
0.457689
0.580567
0.032015
0.517681
0.912056
0.892551
0.423305
0.817523
0.608921
0.067962
0.810765
0.608921
0.286328
0.712481
0.457689
0.608921
0.017247
0.245649
0.757847
0.208095
0.801344
0.972786
0.286328
0.590932
0.645099
0.774982
0.384217
0.481098
0.978544
0.972786
0.500582
0.339547
0.439058
0.817523
0.464565
0.517681
0.784755
0.048953
0.091449
0.378054
0.001030
0.608921
0.740432
0.149149
0.684141
0.189972
0.954041
0.871290
0.326161
0.666072
0.637471
0.027466
0.912056
0.774982
0.464565
0.655589
0.939773
0.204168
0.099074
0.011251
0.573056
0.637471
0.500582
0.361431
0.580567
0.012347
0.608921
0.138241
0.562770
0.073813
0.064477
0.500582
0.616521
0.995416
0.195081
0.801344
0.229181
0.286328
0.375759
0.719980
0.235116
0.229181
0.490796
0.666072
0.981504
0.666072
0.981504
0.305781
0.313146
0.149149
0.817523
0.326161
0.007536
0.817523
0.181406
0.070057
0.361431
0.517681
0.774982
0.517681
0.112739
0.899915
0.204168
0.347465
0.673688
0.865346
0.626989
0.730240
0.286328
0.562770
0.994176
0.020495
0.801344
0.666072
0.481098
0.945248
0.740432
0.702126
0.390443
0.923434
0.985989
0.001522
0.580567
0.250191
0.251912
0.490796
0.112739
0.702126
0.590932
0.213594
0.193676
0.856994
0.730240
0.535007
0.189972
0.208095
0.176594
0.966189
0.655589
0.826682
0.048953
0.047443
0.013093
0.281298
0.865346
0.590932
0.929661
0.929661
0.912056
0.645099
0.204168
0.626989
0.817523
0.892551
0.347465
0.432386
0.954041
0.865346
0.598495
0.208095
0.200301
0.099074
0.626989
0.791787
0.842109
0.407880
0.784755
0.842109
0.976221
0.176594
0.245649
0.307777
0.399104
0.757847
0.286328
0.808210
0.765099
0.305781
0.026823
0.333865
0.817523
0.757847
0.384217
0.712481
0.168531
0.918739
0.666072
0.001857
0.747795
0.300503
0.619374
0.702126
0.730240
0.524950
0.637471
0.608921
0.833240
0.552538
0.490796
0.524950
0.535007
0.096215
0.107255
0.850796
0.842109
0.929661
0.580567
0.598495
0.899915
0.842109
0.369682
0.879279
0.833240
0.390443
0.490796
0.281298
0.842109
0.448322
0.552538
0.826682
0.719980
0.239507
0.407880
0.507752
0.619374
0.490796
0.195081
0.347465
0.997116
0.757847
0.655589
0.361431
0.730240
0.013544
0.626989
0.879279
0.021897
0.047443
0.320635
0.039027
0.274488
0.439058
0.981504
0.160779
0.256543
0.361431
0.774982
0.899915
0.619374
0.392793
0.923434
0.608921
0.562770
0.887046
0.347465
0.784755
0.490796
0.481098
0.399104
0.817523
0.730240
0.673688
0.448322
0.918739
0.619374
0.712481
0.043543
0.341694
0.233485
0.432386
0.269613
0.181406
0.871290
0.740432
0.573056
0.204168
0.474102
0.464565
0.423305
0.939773
0.524950
0.527686
0.423305
0.945248
0.286328
0.817523
0.545133
0.712481
0.384217
0.439058
0.339547
0.747795
0.616521
0.958742
0.399104
0.177896
0.545133
0.527686
0.988236
0.801344
0.791787
0.552538
0.407880
0.747795
0.457689
0.879279
0.842109
0.945248
0.293353
0.842109
0.375759
0.507752
0.999889
0.655589
0.684141
0.842109
0.367420
0.213594
0.580567
0.457689
0.369682
0.552538
0.500582
0.899915
0.817523
0.524950
0.399104
0.784755
0.361431
0.384217
0.887046
0.448322
0.865346
0.361431
0.339547
0.439058
0.490796
0.007536
0.012656
0.712481
0.407880
0.375759
0.552538
0.455125
0.384217
0.399104
0.608921
0.229181
0.213594
0.552538
0.712481
0.757847
0.073813
0.517681
0.865346
0.043919
0.545133
0.517681
0.842109
0.801344
0.173161
0.535007
0.929661
0.416770
0.666072
0.966189
0.608921
0.879279
0.407880
0.375759
0.423305
0.655589
0.142159
0.580567
0.399104
0.740432
0.684141
0.694566
0.448322
0.423305
0.423305
0.879279
0.757847
0.448322
0.423305
0.535007
0.552538
0.432386
0.774982
0.375759
0.235116
0.879279
0.001907
0.865346
0.694566
0.517681
0.274488
0.826682
0.730240
0.209583
0.719980
0.929661
0.353301
0.552538
0.189972
0.274488
0.879279
0.481098
0.274488
0.684141
0.702126
0.047443
0.012656
0.991544
0.598495
0.527686
0.842109
0.003528
0.887046
0.694566
0.423305
0.747795
0.256543
0.899915
0.562770
0.020495
0.712481
0.801344
0.293353
0.616521
0.104189
0.899915
0.573056
0.012347
0.474102
0.954041
0.091449
0.972786
0.507752
0.810765
0.189972
0.112739
0.002828
0.998833
0.842109
0.481098
0.655589
0.507752
0.865346
0.500582
0.091449
0.865346
0.347465
0.423305
0.988236
0.552538
0.637471
0.997116
0.200301
0.817523
0.326161
0.747795
0.747795
0.274488
0.286328
0.865346
0.842109
0.318580
0.250191
0.116024
0.912056
0.219208
0.189972
0.176594
0.535007
0.517681
0.053296
0.176594
0.552538
0.826682
0.392793
0.156429
0.590932
0.432386
0.702126
0.791787
0.865346
0.991544
0.305781
0.464565
0.002409
0.865346
0.684141
0.747795
0.082543
0.801344
0.958742
0.008283
0.399104
0.535007
0.939773
0.507752
0.712481
0.774982
0.347465
0.562770
0.608921
0.590932
0.010606
0.423305
0.439058
0.066474
0.719980
0.018272
0.892551
0.801344
0.865346
0.375759
0.655589
0.730240
0.361431
0.879279
0.001097
0.740432
0.730240
0.361431
0.135450
0.517681
0.384217
0.991544
0.655589
0.619374
0.011642
0.545133
0.474102
0.326161
0.235116
0.164006
0.305781
0.032774
0.719980
0.399104
0.256543
0.165230
0.474102
0.200301
0.842109
0.070057
0.104189
0.673688
0.580567
0.580567
0.740432
0.010345
0.036936
0.001377
0.057990
0.191354
0.375759
0.407880
0.865346
0.375759
0.250191
0.929661
0.691727
0.655589
0.128024
0.288232
0.817523
0.817523
0.747795
0.490796
0.757847
0.784755
0.740432
0.061155
0.423305
0.626989
0.740432
0.524950
0.293353
0.865346
0.239507
0.945248
0.981504
0.361431
0.784755
0.552538
0.784755
0.524950
0.655589
0.791787
0.712481
0.972786
0.500582
0.842109
0.765099
0.392793
0.318580
0.774982
0.801344
0.712481
0.552538
0.015220
0.954041
0.887046
0.392793
0.535007
0.361431
0.842109
0.423305
0.842109
0.801344
0.694566
0.791787
0.481098
0.929661
0.978544
0.747795
0.535007
0.702126
0.507752
0.235116
0.347465
0.339547
0.626989
0.774982
0.865346
0.871290
0.023180
0.954041
0.281298
0.842109
0.590932
0.945248
0.375759
0.339547
0.712481
0.274488
0.801344
0.168531
0.535007
0.552538
0.826682
0.842109
0.817523
0.028375
0.355506
0.013544
0.507752
0.939773
0.856994
0.655589
0.044937
0.305781
0.527686
0.384217
0.923434
0.655589
0.251912
0.684141
0.833240
0.535007
0.181406
0.032015
0.995416
0.939773
0.865346
0.054512
0.500582
0.562770
0.245649
0.384217
0.552538
0.684141
0.500582
0.339547
0.256543
0.619374
0.213594
0.464565
0.842109
0.694566
0.298540
0.535007
0.684141
0.684141
0.899915
0.929661
0.637471
0.073813
0.981504
0.245649
0.517681
0.619374
0.018272
0.817523
0.384217
0.552538
0.000075
0.204168
0.730240
0.030998
0.288232
0.399104
0.293353
0.850796
0.719980
0.945248
