0.564883
0.627665
0.728400
0.624049
0.749449
0.039891
0.579111
0.465562
0.093486
0.212514
0.462288
0.616824
0.245934
0.893473
0.235400
0.080588
0.955120
0.319408
0.327274
0.397933
0.680119
0.888271
0.177817
0.627665
0.631282
0.564883
0.956753
0.978800
0.212514
0.459027
0.785346
0.609610
0.407007
0.058229
0.468846
0.372901
0.624049
0.893473
0.280897
0.241678
0.049853
0.361476
0.058229
0.237478
0.324637
0.462288
0.979845
0.023475
0.687327
0.276187
0.627665
0.280897
0.137645
0.000844
0.557805
0.929777
0.416203
0.416203
0.465562
0.285665
0.844427
0.571985
0.687327
0.792018
0.358656
0.564883
0.801909
0.687327
0.179475
0.510824
0.136319
0.620436
0.459027
0.206845
0.564883
0.510824
0.627665
0.016839
0.694521
0.634900
0.504000
0.324637
0.241678
0.627665
0.155168
0.561341
0.094440
0.413125
0.624049
0.888271
0.992087
0.609610
0.844427
0.510824
0.749449
0.841402
0.455777
0.452540
0.413125
0.888271
0.931861
0.847430
0.000574
0.182830
0.462288
0.322015
0.795331
0.280897
0.929777
0.407007
0.731930
0.927660
0.514251
0.792018
0.620436
0.620436
0.624049
0.631282
0.413125
0.571985
0.367160
0.459027
0.620436
0.749449
0.358656
0.128593
0.979845
0.462288
0.005326
0.745964
0.745964
0.927660
0.847430
0.135005
0.514251
0.452540
0.001602
0.243799
0.853368
0.155168
0.847430
0.931861
0.885628
0.959917
0.245934
0.853368
0.413125
0.206845
0.631282
0.407007
0.801909
0.210611
0.094440
0.214431
0.517687
0.243799
0.927660
0.047231
0.459027
0.927660
0.355850
0.745964
0.364311
0.455777
0.927660
0.452540
0.844427
0.500602
0.413125
0.416203
0.627665
0.735452
0.683725
0.465562
0.958352
0.575545
0.237478
0.024013
0.847430
0.524585
0.850410
0.795331
0.620436
0.893473
0.955120
0.462288
0.361476
0.571985
0.838356
0.507407
0.627665
0.927660
0.114838
0.795331
0.564883
0.925511
0.314238
0.568431
0.067872
0.510824
0.568431
0.069310
0.288072
0.557805
0.129854
0.309128
0.738965
0.361476
0.005198
0.888271
0.616824
0.731930
0.115981
0.890886
0.455777
0.407007
0.929777
0.788689
0.568431
0.579111
0.314238
0.206845
0.631282
0.040331
0.992641
0.000566
0.504000
0.742470
0.798628
0.465562
0.210611
0.455777
0.056397
0.057612
0.372901
0.958352
0.517687
0.521132
0.890886
0.850410
0.680119
0.844427
0.680119
0.850410
0.801909
0.096373
0.358656
0.564883
0.561341
0.358656
0.850410
0.000246
0.410059
0.416203
0.568431
0.575545
0.683725
0.788689
0.010929
0.745964
0.521132
0.890886
0.979845
0.801909
0.575545
0.129854
0.929777
0.400944
0.627665
0.687327
0.798628
0.056397
0.634900
0.241678
0.397933
0.057002
0.468846
0.735452
0.745964
0.410059
0.931861
0.311675
0.514251
0.745964
0.239571
0.000243
0.177817
0.853368
0.153700
0.452540
0.004410
0.561341
0.078940
0.058852
0.273855
0.206845
0.792018
0.446101
0.049853
0.276187
0.314238
0.465562
0.847430
0.314238
0.042135
0.517687
0.271537
0.694521
0.006662
0.397933
0.245934
0.579111
0.069310
0.358656
0.361476
0.245934
0.210611
0.853368
0.749449
0.070040
0.042135
0.306595
0.455777
0.690926
0.620436
0.059480
0.977723
0.959917
0.462288
0.745964
0.841402
0.400944
0.978800
0.731930
0.554276
0.749449
0.524585
0.978800
0.514251
0.745964
0.179475
0.015892
0.885628
0.212514
0.890886
0.314238
0.961448
0.564883
0.416203
0.452540
0.524585
0.452540
0.078940
0.278535
0.002363
0.801909
0.452540
0.627665
0.497214
0.847430
0.400944
0.072270
0.847430
0.680119
0.517687
0.455777
0.631282
0.738965
0.638520
0.893473
0.792018
0.455777
0.459027
0.627665
0.080588
0.624049
0.403969
0.364311
0.155168
0.355850
0.690926
0.416203
0.517687
0.455777
0.372901
0.694521
0.266945
0.959917
0.028280
0.208721
0.370024
0.049853
0.742470
0.620436
0.048264
0.923330
0.410059
0.738965
0.033997
0.575545
0.047231
0.455777
0.841402
0.416203
0.413125
0.579111
0.742470
0.631282
0.070040
0.210611
0.039025
0.023475
0.273855
0.893473
0.358656
0.355850
0.738965
0.795331
0.135005
0.571985
0.449314
0.980857
0.416203
0.978800
0.367160
0.208721
0.680119
0.676510
0.273855
0.416203
0.452540
0.624049
0.634900
0.978800
0.507407
0.978800
0.135005
0.687327
0.579111
0.683725
0.680119
0.888271
0.582682
0.893473
0.634900
0.422401
0.742470
0.694521
0.979845
0.896031
0.798628
0.084844
0.413125
0.888271
0.507407
0.853368
0.571985
0.057002
0.888271
0.896031
0.069310
0.465562
0.631282
0.397933
0.690926
0.792018
0.568431
0.285665
0.153700
0.011322
0.627665
0.738965
0.524585
0.991508
0.620436
0.564883
0.000072
0.631282
0.847430
0.925511
0.462288
0.152243
0.514251
0.273855
0.798628
0.838356
0.110364
0.510824
0.514251
0.792018
0.067872
0.627665
0.276187
0.115981
0.792018
0.353059
0.182830
0.177817
0.956753
0.455777
0.925511
0.624049
0.738965
0.788689
0.853368
0.210611
0.278535
0.687327
0.097353
0.364311
0.792018
0.177817
0.112582
0.850410
0.005262
0.616824
0.844427
0.011190
0.634900
0.956753
0.927660
0.403969
0.280897
0.841402
0.893473
0.927660
0.838356
0.694521
0.631282
0.835289
0.752924
0.309128
0.465562
0.465562
0.690926
0.961448
0.568431
0.003602
0.403969
0.452540
0.372901
0.694521
0.620436
0.680119
0.455777
0.459027
0.627665
0.358656
0.561341
0.680119
0.631282
0.990901
0.680119
0.524585
0.844427
0.521132
0.690926
0.023743
0.638520
0.683725
0.314238
0.978800
0.749449
0.011457
0.788689
0.010929
0.620436
0.243799
0.403969
0.624049
0.413125
0.582682
0.575545
0.795331
0.422401
0.413125
0.564883
0.237478
0.788689
0.400944
0.564883
0.745964
0.958352
0.890886
0.568431
0.067163
0.616824
0.353059
0.203134
0.841402
0.403969
0.011190
0.462288
0.564883
0.961448
0.991508
0.955120
0.416203
0.153700
0.888271
0.243799
0.055798
0.979845
0.524585
0.112582
0.850410
0.888271
0.844427
0.083118
0.795331
0.731930
0.575545
0.634900
0.239571
0.694521
0.204983
0.564883
0.801909
0.407007
0.397933
0.624049
0.462288
0.419295
0.329925
0.156648
0.620436
0.731930
0.991508
0.416203
0.561341
0.613216
0.690926
0.958352
0.465562
0.129854
0.355850
0.216362
0.738965
0.129854
0.738965
0.631282
0.683725
0.459027
0.276187
0.929777
0.838356
0.410059
0.459027
0.795331
0.564883
0.153700
0.795331
0.309128
0.419295
0.446101
0.400944
0.694521
0.452540
0.156648
0.361476
0.006504
0.893473
0.355850
0.728400
0.620436
0.093486
0.462288
0.992641
0.738965
0.888271
0.752924
0.280897
0.131126
0.241678
0.680119
0.358656
0.510824
0.410059
0.850410
0.000692
0.243799
0.745964
0.955120
0.798628
0.135005
0.690926
0.958352
0.153700
0.749449
0.206845
0.890886
0.627665
0.455777
0.841402
0.795331
0.805174
0.252428
0.314238
0.407007
0.893473
0.977723
0.504000
0.977723
0.893473
0.459027
0.327274
0.798628
0.472143
0.462288
0.888271
0.514251
0.735452
0.745964
0.631282
0.624049
0.694521
0.738965
0.459027
0.735452
0.455777
0.413125
0.925511
0.237478
0.524585
0.269234
0.459027
0.204983
0.561341
0.850410
0.276187
0.687327
0.853368
0.174538
0.850410
0.792018
0.850410
0.785346
0.455777
0.455777
0.093486
0.455777
0.850410
0.237478
0.319408
0.273855
0.676510
0.517687
0.798628
0.413125
0.273855
0.624049
0.449314
0.083118
0.896031
0.571985
0.184527
0.742470
0.204983
0.624049
0.738965
0.798628
0.683725
0.847430
0.890886
0.000162
0.419295
0.407007
0.413125
0.927660
0.568431
0.564883
0.364311
0.627665
0.206845
0.933913
0.206845
0.683725
0.992641
0.316815
0.742470
0.564883
0.564883
0.000024
0.579111
0.034375
0.979845
0.579111
0.687327
0.521132
0.620436
0.923330
0.023743
0.888271
0.472143
0.620436
0.507407
0.095402
0.455777
0.850410
0.005262
0.624049
0.795331
0.890886
0.361476
0.033621
0.795331
0.731930
0.212514
0.048264
0.243799
0.742470
0.638520
0.690926
0.204983
0.455777
0.690926
0.243799
0.956753
0.690926
0.176171
0.927660
0.319408
0.364311
0.557805
0.978800
0.568431
0.210611
0.683725
0.364311
0.184527
0.507407
0.933913
0.000001
0.465562
0.687327
0.410059
0.133701
0.977723
0.929777
0.896031
0.631282
0.278535
0.847430
0.017034
0.624049
0.510824
0.931861
0.278535
0.929777
0.785346
0.927660
0.239571
0.521132
0.749449
0.135005
0.001284
0.620436
0.893473
0.391952
0.841402
0.358656
0.579111
0.979845
0.745964
0.885628
0.627665
0.634900
0.397933
0.243799
0.327274
0.210611
0.080588
0.319408
0.177817
0.687327
0.082267
0.181146
0.397933
0.327274
0.000384
0.459027
0.847430
0.631282
0.524585
0.280897
0.959917
0.001947
0.204983
0.931861
0.455777
0.788689
0.847430
0.844427
0.631282
0.179475
0.798628
0.844427
0.403969
0.690926
0.517687
0.798628
0.893473
0.280897
0.931861
0.847430
0.575545
0.847430
0.271537
0.738965
0.034375
0.795331
0.690926
0.176171
0.977723
0.204983
0.521132
0.182830
0.683725
0.083977
0.978800
0.680119
0.013902
0.271537
0.462288
0.507407
0.634900
0.367160
0.006504
0.353059
0.888271
0.992087
0.931861
0.459027
0.627665
0.179475
0.890886
0.958352
0.082267
0.893473
0.248084
0.206845
0.243799
0.841402
0.742470
0.844427
0.882958
0.455777
0.627665
0.278535
0.150799
0.367160
0.690926
0.280897
0.929777
0.203134
0.979845
0.896031
0.680119
0.403969
0.355850
0.468846
0.135005
0.931861
0.738965
0.410059
0.795331
0.271537
0.361476
0.788689
0.893473
0.355850
0.844427
0.694521
0.890886
0.319408
0.114838
0.890886
0.006504
0.929777
0.561341
0.361476
0.083118
0.638520
0.575545
0.400944
0.731930
0.203134
0.214431
0.040775
0.561341
0.067872
0.634900
0.410059
0.016645
0.687327
0.683725
0.410059
0.416203
0.624049
0.627665
0.745964
0.844427
0.507407
0.019670
0.795331
0.407007
0.276187
0.735452
0.582682
0.358656
0.206845
0.571985
0.459027
0.364311
0.153700
0.998229
0.745964
0.745964
0.462288
0.080588
0.114838
0.745964
0.925511
0.094440
0.235400
0.850410
0.413125
0.514251
0.243799
0.683725
0.314238
0.283274
0.069310
0.280897
0.280897
0.135005
0.208721
0.278535
0.838356
0.627665
0.890886
0.620436
0.896031
0.403969
0.504000
0.792018
0.850410
0.687327
0.280897
0.929777
0.890886
0.149366
0.841402
0.749449
0.364311
0.749449
0.929777
0.510824
0.521132
0.455777
0.749449
0.742470
0.735452
0.627665
0.844427
0.008987
0.403969
0.243799
0.561341
0.407007
0.728400
0.792018
0.690926
0.798628
0.631282
0.176171
0.634900
0.627665
0.309128
0.407007
0.319408
0.452540
0.738965
0.931861
0.631282
0.613216
0.150799
0.024013
0.452540
0.109269
0.638520
0.000559
0.410059
0.462288
0.568431
0.795331
0.079761
0.465562
0.929777
0.042135
0.309128
0.847430
0.927660
0.627665
0.977723
0.057612
0.243799
0.041677
0.571985
0.158140
0.208721
0.680119
0.319408
0.237478
0.241678
0.850410
0.571985
0.680119
0.798628
0.888271
0.181146
0.208721
0.136319
0.245934
0.280897
0.093486
0.358656
0.177817
0.410059
0.422401
0.893473
0.959917
0.959917
0.455777
0.129854
0.931861
0.627665
0.048788
0.048788
0.620436
0.798628
0.955120
0.278535
0.358656
0.680119
0.096373
0.735452
0.510824
0.620436
0.019224
0.992641
0.208721
0.156648
0.465562
0.888271
0.407007
0.798628
0.958352
0.680119
0.683725
0.929777
0.070776
0.785346
0.517687
0.410059
0.237478
0.931861
0.358656
0.801909
0.745964
0.792018
0.410059
0.504000
0.028922
0.000045
0.882958
0.853368
0.273855
0.049318
0.002334
0.749449
0.680119
0.514251
0.158140
0.355850
0.407007
0.514251
0.992641
0.311675
0.241678
0.517687
0.510824
0.841402
0.400944
0.521132
0.893473
0.468846
0.156648
0.841402
0.564883
0.745964
0.156648
0.083977
0.316815
0.929777
0.355850
0.579111
0.568431
0.082267
0.616824
0.129854
0.805174
0.003514
0.203134
0.991508
0.459027
0.927660
0.568431
0.008024
0.133701
0.798628
0.979845
0.749449
0.136319
0.925511
0.472143
0.571985
0.616824
0.177817
0.131126
0.129854
0.350283
0.627665
0.510824
0.931861
0.233336
0.627665
0.888271
0.152243
0.624049
0.093486
0.738965
0.571985
0.005326
0.687327
0.850410
0.742470
0.575545
0.690926
0.081424
0.019670
0.801909
0.208721
0.683725
0.016264
0.243799
0.322015
0.033997
0.355850
0.245934
0.992641
0.620436
0.798628
0.888271
0.931861
0.521132
0.311675
0.992641
0.278535
0.687327
0.007835
0.978800
0.273855
0.844427
0.137645
0.049318
0.634900
0.978800
0.792018
0.798628
0.239571
0.455777
0.081424
0.690926
0.958352
0.992087
0.203134
0.235400
0.571985
0.634900
0.742470
0.364311
0.841402
0.024843
0.571985
0.273855
0.929777
0.353059
0.885628
0.035145
0.241678
0.676510
0.571985
0.132408
0.687327
0.094440
0.896031
0.792018
0.455777
0.888271
0.355850
0.407007
0.056397
0.367160
0.416203
0.002901
0.097353
0.958352
0.801909
0.798628
0.564883
0.355850
0.561341
0.034758
0.504000
0.372901
0.798628
0.953453
0.554276
0.978800
0.738965
0.033997
0.082267
0.235400
0.161160
0.355850
0.690926
0.579111
0.271537
0.057612
0.131126
0.517687
0.792018
0.468846
0.002305
0.152243
0.048264
0.403969
0.885628
0.571985
0.575545
0.931861
0.795331
0.208721
0.847430
0.206845
0.991508
0.006582
0.283274
0.002796
0.742470
0.795331
0.507407
0.510824
0.507407
0.676510
0.462288
0.844427
0.687327
0.735452
0.735452
0.885628
0.465562
0.514251
0.127343
0.468846
0.455777
0.627665
0.082267
0.847430
0.000302
0.795331
0.999828
0.680119
0.078940
0.241678
0.795331
0.847430
0.117134
0.159644
0.367160
0.517687
0.034375
0.182830
0.081424
0.153700
0.235400
0.687327
0.319408
0.561341
0.683725
0.571985
0.210611
0.316815
0.016077
0.514251
0.082267
0.013113
0.041224
0.620436
0.449314
0.568431
0.112582
0.004519
0.245934
0.358656
0.795331
0.283274
0.742470
0.931861
0.407007
0.955120
0.206845
0.397933
0.847430
0.801909
0.801909
0.801909
0.114838
0.745964
0.627665
0.040331
0.416203
0.131126
0.850410
0.273855
0.007649
0.624049
0.316815
0.081424
0.514251
0.888271
0.798628
0.929777
0.367160
0.507407
0.364311
0.370024
0.631282
0.009538
0.241678
0.687327
0.316815
0.459027
0.280897
0.931861
0.097353
0.735452
0.850410
0.672898
0.579111
0.367160
0.028600
0.184527
0.978800
0.058229
0.058852
0.841402
0.111468
0.616824
0.285665
0.329925
0.314238
0.690926
0.927660
0.627665
0.129854
0.216362
0.080588
0.514251
0.571985
0.795331
0.465562
0.627665
0.504000
0.958352
0.521132
0.358656
0.517687
0.016645
0.631282
0.098342
0.276187
0.992087
0.150799
0.212514
0.156648
0.557805
0.568431
0.237478
0.680119
0.801909
0.571985
0.627665
0.893473
0.850410
0.422401
0.129854
0.801909
0.361476
0.568431
0.156648
0.620436
0.000692
0.266945
0.735452
0.564883
0.978800
0.459027
0.372901
0.095402
0.620436
0.455777
0.627665
0.925511
0.462288
0.785346
0.631282
0.347520
0.571985
0.927660
0.153700
0.571985
0.850410
0.579111
0.446101
0.049853
0.047745
0.620436
0.311675
0.896031
0.680119
0.998229
0.410059
0.355850
0.372901
0.575545
0.248084
0.319408
0.616824
0.624049
0.095402
0.798628
0.507407
0.571985
0.410059
0.735452
0.358656
0.023743
0.980857
0.208721
0.888271
0.676510
0.245934
0.114838
0.980857
0.627665
0.991508
0.133701
0.361476
0.634900
0.672898
0.245934
0.792018
0.510824
0.009425
0.631282
0.510824
0.416203
0.070040
0.009538
0.239571
0.033621
0.316815
0.027965
0.893473
0.283274
0.990901
0.627665
0.158140
0.749449
0.958352
0.081424
0.687327
0.931861
0.801909
0.407007
0.407007
0.413125
0.285665
0.314238
0.410059
0.847430
0.890886
0.007649
0.850410
0.468846
0.314238
0.616824
0.742470
0.413125
0.620436
0.977723
0.397933
0.269234
0.347520
0.514251
0.355850
0.958352
0.452540
0.680119
0.006049
0.083977
0.620436
0.278535
0.407007
0.620436
0.507407
0.798628
0.888271
0.413125
0.850410
0.410059
0.367160
0.407007
0.731930
0.792018
0.117134
0.798628
0.634900
0.452540
0.745964
0.627665
0.620436
0.049853
0.613216
0.288072
0.627665
0.564883
0.212514
0.280897
0.311675
0.676510
0.847430
0.212514
0.358656
0.132408
0.853368
0.319408
0.609610
0.672898
0.241678
0.136319
0.058852
0.455777
0.206845
0.462288
0.324637
0.081424
0.156648
0.554276
0.042135
0.893473
0.156648
0.152243
0.557805
0.131126
0.208721
0.931861
0.311675
0.616824
0.521132
0.958352
0.676510
0.561341
0.034758
0.048788
0.048788
0.561341
0.241678
0.316815
0.687327
0.575545
0.927660
0.355850
0.001623
0.524585
0.020126
0.419295
0.683725
0.239571
0.129854
0.798628
0.521132
0.280897
0.013740
0.956753
0.419295
0.853368
0.958352
0.082267
0.510824
0.683725
0.738965
0.007741
0.798628
0.407007
0.620436
0.355850
0.927660
0.364311
0.068588
0.738965
0.472143
0.403969
0.181146
0.991508
0.517687
0.795331
0.276187
0.616824
0.355850
0.413125
0.468846
0.847430
0.850410
0.616824
0.959917
0.798628
0.001972
0.571985
0.798628
0.179475
0.283274
0.616824
0.452540
0.683725
0.416203
0.958352
0.468846
0.057612
0.314238
0.243799
0.634900
0.738965
0.680119
0.206845
0.980857
0.561341
0.620436
0.510824
0.153700
0.561341
0.687327
0.893473
0.738965
0.847430
0.276187
0.795331
0.400944
0.738965
0.243799
0.081424
0.978800
0.672898
0.129854
0.462288
0.001301
0.738965
0.992641
0.201299
0.792018
0.568431
0.805174
0.208721
0.616824
0.016264
0.329925
0.738965
0.735452
0.082267
0.798628
0.672898
0.132408
0.749449
0.459027
0.129854
0.033997
0.248084
0.459027
0.838356
0.927660
0.627665
0.358656
0.136319
0.524585
0.795331
0.080588
0.844427
0.237478
0.627665
0.958352
0.407007
0.015708
0.616824
0.500602
0.638520
0.370024
0.838356
0.798628
0.400944
0.158140
0.514251
0.745964
0.210611
0.465562
0.929777
0.468846
0.416203
0.280897
0.355850
0.358656
0.634900
0.355850
0.890886
0.355850
0.923330
0.885628
0.264672
0.683725
0.888271
0.269234
0.212514
0.422401
0.319408
0.152243
0.749449
0.788689
0.017034
0.459027
0.462288
0.575545
0.888271
0.801909
0.676510
0.992641
0.214431
0.798628
0.241678
0.327274
0.795331
0.958352
0.731930
0.841402
0.355850
0.001268
0.114838
0.410059
0.000249
0.634900
0.888271
0.631282
0.888271
0.669285
0.208721
0.245934
0.616824
0.322015
0.998229
0.979845
0.507407
0.361476
0.624049
0.517687
0.847430
0.280897
0.413125
0.616824
0.801909
0.233336
0.364311
0.680119
0.579111
0.397933
0.058229
0.452540
0.083977
0.028922
0.243799
0.355850
0.110364
0.977723
0.731930
0.745964
0.893473
0.243799
0.288072
0.582682
0.613216
0.155168
0.367160
0.034375
0.792018
0.571985
0.959917
0.324637
0.514251
0.801909
0.133701
0.082267
0.156648
0.322015
0.413125
0.459027
0.742470
0.735452
0.571985
0.798628
0.410059
0.627665
0.676510
0.455777
0.024013
0.844427
0.624049
0.400944
0.504000
0.888271
0.690926
0.206845
0.034375
0.745964
0.314238
0.888271
0.504000
0.208721
0.355850
0.557805
0.991508
0.620436
0.694521
0.749449
0.114838
0.283274
0.638520
0.112582
0.285665
0.355850
0.278535
0.579111
0.847430
0.850410
0.241678
0.690926
0.847430
0.152243
0.798628
0.925511
0.893473
0.792018
0.041224
0.350283
0.844427
0.403969
0.083118
0.364311
0.400944
0.925511
0.413125
0.327274
0.465562
0.507407
0.961448
0.575545
0.890886
0.407007
0.459027
0.239571
0.462288
0.184527
0.745964
0.070776
0.624049
0.631282
0.742470
0.000010
0.631282
0.241678
0.742470
0.731930
0.132408
0.568431
0.033997
0.028280
0.278535
0.311675
0.403969
0.152243
0.306595
0.687327
0.353059
0.210611
0.358656
0.208721
0.690926
0.627665
0.285665
0.208721
0.805174
0.112582
0.958352
0.888271
0.465562
0.683725
0.841402
0.179475
0.627665
0.896031
0.153700
0.241678
0.410059
0.239571
0.400944
0.057612
0.241678
0.131126
0.468846
0.400944
0.979845
0.413125
0.631282
0.191444
0.690926
0.324637
0.135005
0.554276
0.850410
0.524585
0.850410
0.568431
0.888271
0.271537
0.561341
0.245934
0.620436
0.241678
0.571985
0.319408
0.959917
0.933913
0.835289
0.798628
0.009425
0.186237
0.792018
0.850410
0.955120
0.358656
0.680119
0.002938
0.956753
0.241678
0.210611
0.847430
0.131126
0.929777
0.620436
0.177817
0.111468
0.992087
0.449314
0.850410
0.844427
0.208721
0.631282
0.680119
0.322015
0.687327
0.155168
0.174538
0.638520
0.927660
0.738965
0.133701
0.159644
0.521132
0.358656
0.745964
0.959917
0.683725
0.672898
0.925511
0.564883
0.410059
0.410059
0.557805
0.927660
0.690926
0.978800
0.554276
0.514251
0.239571
0.624049
0.465562
0.407007
0.355850
0.680119
0.745964
0.890886
0.958352
0.510824
0.153700
0.929777
0.174538
0.890886
0.571985
0.514251
0.896031
0.034375
0.896031
0.410059
0.624049
0.239571
0.361476
0.557805
0.853368
0.266945
0.079761
0.507407
0.524585
0.233336
0.109269
0.181146
0.627665
0.561341
0.067872
0.210611
0.991508
0.243799
0.283274
0.992087
0.979845
0.979845
0.838356
0.742470
0.083118
0.798628
0.204983
0.009204
0.276187
0.201299
0.579111
0.276187
0.795331
0.624049
0.959917
0.416203
0.627665
0.079761
0.893473
0.676510
0.003011
0.616824
0.575545
0.364311
0.278535
0.472143
0.403969
0.620436
0.999828
0.979845
0.364311
0.206845
0.067872
0.882958
0.370024
0.524585
0.452540
0.853368
0.991508
0.462288
0.927660
0.361476
0.235400
0.847430
0.153700
0.979845
0.557805
0.521132
0.634900
0.128593
0.241678
0.979845
0.557805
0.927660
0.367160
0.749449
0.446101
0.314238
0.801909
0.557805
0.978800
0.271537
0.468846
0.745964
0.112582
0.057612
0.517687
0.785346
0.067872
0.694521
0.853368
0.462288
0.745964
0.241678
0.690926
0.035145
0.361476
0.978800
0.133701
0.210611
0.634900
0.571985
0.017232
0.316815
0.694521
0.403969
0.400944
0.507407
0.009538
0.571985
0.452540
0.568431
0.620436
0.131126
0.844427
0.083118
0.927660
0.890886
0.634900
0.745964
0.177817
0.114838
0.792018
0.397933
0.353059
0.564883
0.058229
0.322015
0.507407
0.801909
0.624049
0.893473
0.285665
0.028280
0.095402
0.400944
0.416203
0.742470
0.728400
0.314238
0.801909
0.742470
0.956753
0.680119
0.367160
0.311675
0.358656
0.955120
0.568431
0.419295
0.792018
0.042135
0.455777
0.958352
0.742470
0.992641
0.358656
0.239571
0.248084
0.002334
0.620436
0.239571
0.400944
0.749449
0.579111
0.059480
0.735452
0.361476
0.410059
0.896031
0.568431
0.888271
0.521132
0.507407
0.792018
0.322015
0.624049
0.801909
0.159644
0.243799
0.676510
0.742470
0.959917
0.738965
0.925511
0.694521
0.521132
0.991508
0.742470
0.468846
0.364311
0.521132
0.627665
0.455777
0.510824
0.687327
0.844427
0.890886
0.927660
0.893473
0.927660
0.468846
0.634900
0.048788
0.850410
0.206845
0.314238
0.367160
0.568431
0.504000
0.243799
0.152243
0.958352
0.738965
0.683725
0.745964
0.690926
0.319408
0.314238
0.048788
0.455777
0.243799
0.929777
0.007649
0.893473
0.311675
0.358656
0.844427
0.557805
0.683725
0.000072
0.929777
0.316815
0.890886
0.853368
0.239571
0.400944
