0.299531
0.283657
0.120800
0.593072
0.528156
0.127290
0.710617
0.872771
0.424344
0.752390
0.682970
0.023992
0.752390
0.982080
0.890340
0.635818
0.528156
0.509791
0.635818
0.001131
0.663705
0.593072
0.242292
0.483748
0.347658
0.384810
0.687240
0.792675
0.316035
0.483748
0.127290
0.091945
0.710617
0.532272
0.271139
0.659417
0.099407
0.640108
0.854114
0.242292
0.876049
0.616536
0.574008
0.528156
0.365928
0.099407
0.710617
0.813956
0.546765
0.330008
0.774773
0.420656
0.774773
0.333171
0.774773
0.817746
0.369316
0.466089
0.550930
0.441167
0.933221
0.330008
0.142796
0.729557
0.142796
0.593072
0.528156
0.071129
0.203567
0.312987
0.663705
0.093059
0.813956
0.057871
0.299531
0.369316
0.966838
0.935624
0.574008
0.524053
0.550930
0.388308
0.774773
0.333171
0.528156
0.050976
0.191824
0.890340
0.687240
0.424344
0.111935
0.774773
0.935624
0.945860
0.316035
0.774773
0.444954
0.620816
0.271139
0.616536
0.462209
0.774773
0.193917
0.420656
0.817746
0.099407
0.528156
0.817746
0.597327
0.193917
0.161687
0.501714
0.817746
0.228789
0.906727
0.998549
0.706383
0.854114
0.597327
0.640108
0.546765
0.982080
0.834473
0.612260
0.283657
0.483748
0.041767
0.333171
0.569792
0.774773
0.945860
0.945860
0.857582
0.381332
0.466089
0.365928
0.569792
0.088136
0.792675
0.813956
0.729557
0.505746
0.687240
0.593072
0.312987
0.644399
0.041230
0.057871
0.099407
0.710617
0.296598
0.483748
0.027795
0.682970
0.365928
0.365928
0.687240
0.002704
0.333171
0.682970
0.466089
0.404288
0.161687
0.796596
0.444954
0.253794
0.444954
0.546765
0.620816
0.014195
0.616536
0.365928
0.483748
0.890340
0.384810
0.180640
0.015104
0.528156
0.813956
0.620816
0.935624
0.330008
0.256406
0.044269
0.316035
0.890340
0.550930
0.271139
0.706383
0.400703
0.796596
0.296598
0.890340
0.424344
0.182633
0.616536
0.007291
0.213602
0.933221
0.104883
0.796596
0.058605
0.906727
0.444954
0.890340
0.462209
0.033675
0.593072
0.834473
0.025484
0.640108
0.242292
0.001527
0.687240
0.125822
0.344402
0.706383
0.441167
0.041230
0.000169
0.127290
0.283657
0.099407
0.838112
0.906727
0.466089
0.528156
0.111935
0.316035
0.834473
0.242292
0.151993
0.550930
0.265709
0.593072
0.333171
0.729557
0.135629
0.424344
0.296598
0.458345
0.991271
0.682970
0.000016
0.640108
0.441167
0.616536
0.817746
0.919194
0.838112
0.036194
0.528156
0.834473
0.890340
0.369316
0.890340
0.424344
0.384810
0.748269
0.424344
0.834473
0.087074
0.593072
0.663705
0.640108
0.635818
0.890340
0.312987
0.550930
0.569792
0.333171
0.528156
0.098225
0.921845
0.444954
0.135629
0.384810
0.854114
0.890340
0.441167
0.945860
0.774773
0.002493
0.033675
0.935624
0.663705
0.118009
0.483748
0.253794
0.034120
0.659417
0.125822
0.706383
0.612260
0.076125
0.191824
0.182633
0.444954
0.000283
0.054669
0.253794
0.424344
0.682970
0.182633
0.505746
0.036194
0.299531
0.420656
0.384810
0.729557
0.593072
0.687240
0.077066
0.752390
0.296598
0.203567
0.994652
0.706383
0.330008
0.142796
0.441167
0.127290
0.817746
0.729557
0.462209
0.616536
0.384810
0.180640
0.640108
0.640108
0.483748
0.834473
0.242292
0.191824
0.333171
0.151993
0.420656
0.047513
0.774773
0.054669
0.729557
0.752390
0.144432
0.350934
0.838112
0.381332
0.796596
0.593072
0.384810
0.663705
0.369316
0.957072
0.729557
0.593072
0.921845
0.706383
0.935624
0.444954
0.127290
0.444954
0.644399
0.350934
0.834473
0.854114
0.054669
0.817746
0.817746
0.906727
0.663705
0.834473
0.182633
0.710617
0.975163
0.921845
0.774773
0.640108
0.286497
0.597327
0.011446
0.813956
0.663705
0.312987
0.854114
0.774773
0.640108
0.706383
0.483748
0.253794
0.682970
0.982080
0.215884
0.550930
0.087074
0.997021
0.483748
0.076125
0.546765
0.817746
0.524053
0.509791
0.663705
0.041230
0.528156
0.796596
0.388308
0.006838
0.528156
0.890340
0.813956
0.682970
0.151993
0.682970
0.687240
0.316035
0.051630
0.706383
0.640108
0.524053
0.710617
0.144432
0.388308
0.404288
0.316035
0.369316
0.505746
0.770741
0.299531
0.872771
0.857582
0.524053
0.362561
0.161687
0.151993
0.153719
0.635818
0.813956
0.710617
0.271139
0.462209
0.792675
0.957072
0.682970
0.994652
0.834473
0.593072
0.362561
0.365928
0.462209
0.388308
0.487715
0.729557
0.330008
0.817746
0.388308
0.593072
0.994652
0.142796
0.872771
0.616536
0.057871
0.710617
0.299531
0.935624
0.067264
0.424344
0.620816
0.706383
0.316035
0.312987
0.462209
0.710617
0.444954
0.682970
0.616536
0.104883
0.041767
0.350934
0.640108
0.710617
0.756496
0.834473
0.792675
0.333171
0.620816
0.550930
0.903839
0.462209
0.817746
0.813956
0.404288
0.424344
0.682970
0.906727
0.569792
0.072014
0.025484
0.945860
0.420656
0.191824
0.369316
0.528156
0.505746
0.710617
0.316035
0.528156
0.004987
0.813956
0.532272
0.906727
0.283657
0.268414
0.796596
0.424344
0.796596
0.081434
0.640108
0.256406
0.706383
0.593072
0.180640
0.687240
0.098225
0.091945
0.161687
0.616536
0.834473
0.015526
0.528156
0.612260
0.792675
0.982080
0.091945
0.424344
0.316035
0.640108
0.350934
0.051630
0.299531
0.316035
0.921845
0.420656
0.644399
0.906727
0.033675
0.330008
0.987651
0.687240
0.021980
0.009674
0.161687
0.663705
0.966838
0.644399
0.326867
0.682970
0.975163
0.774773
0.687240
0.945860
0.424344
0.280839
0.505746
0.706383
0.466089
0.215884
0.682970
0.687240
0.663705
0.682970
0.365928
0.006838
0.268414
0.369316
0.817746
0.817746
0.111935
0.033675
0.687240
0.817746
0.076125
0.142796
0.316035
0.271139
0.299531
0.635818
0.384810
0.857582
0.106135
0.770741
0.966838
0.706383
0.706383
0.054669
0.444954
0.505746
0.574008
0.854114
0.027064
0.044843
0.135629
0.528156
0.437397
0.239792
0.420656
0.170000
0.182633
0.299531
0.528156
0.710617
0.994652
0.347658
0.890340
0.854114
0.569792
0.663705
0.682970
0.400703
0.817746
0.483748
0.005842
0.365928
0.620816
0.813956
0.616536
0.302484
0.283657
0.774773
0.663705
0.384810
0.180640
0.483748
0.933221
0.796596
0.957072
0.792675
0.550930
0.792675
0.663705
0.424344
0.528156
0.299531
0.550930
0.710617
0.215884
0.036671
0.792675
0.796596
0.796596
0.550930
0.906727
0.935624
0.813956
0.528156
0.574008
0.872771
0.659417
0.466089
0.729557
0.299531
0.813956
0.616536
0.193917
0.945860
0.404288
0.171895
0.242292
0.054669
0.528156
0.524053
0.424344
0.945860
0.036671
0.966838
0.369316
0.588824
0.935624
0.854114
0.215884
0.659417
0.093059
0.215884
0.635818
0.796596
0.400703
0.444954
0.193917
0.400703
0.384810
0.228789
0.597327
0.792675
0.404288
0.752390
0.834473
0.612260
0.813956
0.975163
0.528156
0.009209
0.710617
0.872771
0.404288
0.316035
0.872771
0.466089
0.706383
0.733737
0.593072
0.228789
0.890340
0.031736
0.501714
0.796596
0.774773
0.462209
0.483748
0.151993
0.256406
0.935624
0.441167
0.466089
0.000158
0.333171
0.616536
0.550930
0.593072
0.987651
0.550930
0.796596
0.400703
0.640108
0.975163
0.752390
0.111935
0.051630
0.640108
0.706383
0.733737
0.706383
0.242292
0.218187
0.982080
0.528156
0.838112
0.487715
0.640108
0.774773
0.774773
0.253794
0.228789
0.550930
0.384810
0.752390
0.872771
0.796596
0.365928
0.569792
0.817746
0.099407
0.404288
0.161687
0.299531
0.921845
0.774773
0.550930
0.854114
0.299531
0.153719
0.462209
0.479797
0.505746
0.635818
0.933221
0.997021
0.966838
0.128772
0.093059
0.057871
0.001131
0.706383
0.682970
0.890340
0.050976
0.890340
0.906727
0.347658
0.524053
0.381332
0.051630
0.729557
0.163504
0.462209
0.569792
0.462209
0.957072
0.640108
0.256406
0.099407
0.659417
0.876049
0.286497
0.687240
0.002847
0.316035
0.127290
0.982080
0.640108
0.663705
0.546765
0.106135
0.706383
0.935624
0.034120
0.597327
0.218187
0.205764
0.903839
0.023992
0.062799
0.381332
0.509791
0.242292
0.253794
0.710617
0.441167
0.201390
0.854114
0.906727
0.906727
0.420656
0.550930
0.524053
0.663705
0.404288
0.296598
0.593072
0.948006
0.528156
0.087074
0.906727
0.000102
0.682970
0.333171
0.036671
0.444954
0.872771
0.597327
0.890340
0.706383
0.550930
0.501714
0.906727
0.479797
0.752390
0.998549
0.369316
0.161687
0.612260
0.796596
0.462209
0.813956
0.945860
0.616536
0.597327
0.733737
0.350934
0.044843
0.350934
0.813956
0.659417
0.796596
0.407893
0.752390
0.312987
0.796596
0.218187
0.817746
0.796596
0.975163
0.574008
0.462209
0.710617
0.682970
0.687240
0.593072
0.635818
0.574008
0.597327
0.919194
0.299531
0.872771
0.466089
0.706383
0.550930
0.796596
0.966838
0.813956
0.966838
0.483748
0.119398
0.093059
0.593072
0.483748
0.903839
0.729557
0.002704
0.462209
0.752390
0.945860
0.957072
0.752390
0.286497
0.444954
0.347658
0.111935
0.813956
0.682970
0.706383
0.142796
0.420656
0.834473
0.817746
0.365928
0.682970
0.365928
0.404288
0.462209
0.921845
0.365928
0.546765
0.752390
0.528156
0.134079
0.663705
0.933221
0.256406
0.111935
0.640108
0.903839
0.817746
0.834473
0.659417
0.404288
0.593072
0.524053
0.017807
0.975163
0.834473
0.369316
0.215884
0.687240
0.505746
0.640108
0.171895
0.687240
0.550930
0.663705
0.239792
0.462209
0.118009
0.044843
0.710617
0.919194
0.479797
0.466089
0.948006
0.319104
0.365928
0.299531
0.945860
0.113260
0.098225
0.834473
0.982080
0.729557
0.752390
0.706383
0.774773
0.593072
0.682970
0.125822
0.890340
0.906727
0.483748
0.640108
0.256406
0.872771
0.362561
0.733737
0.663705
0.203567
0.182633
0.144432
0.706383
0.574008
0.134079
0.682970
0.242292
0.710617
0.659417
0.872771
0.384810
0.191824
0.099407
0.051630
0.921845
0.574008
0.945860
0.384810
0.796596
0.239792
0.365928
0.093059
0.193917
0.441167
0.857582
0.462209
0.569792
0.347658
0.242292
0.029508
0.333171
0.682970
0.774773
0.550930
0.483748
0.817746
0.550930
0.384810
0.682970
0.817746
0.945860
0.872771
0.574008
0.569792
0.710617
0.729557
0.635818
0.933221
0.770741
0.872771
0.854114
0.774773
0.854114
0.144432
0.966838
0.242292
0.569792
0.640108
0.038888
0.796596
0.593072
0.365928
0.906727
0.640108
0.333171
0.271139
0.203567
0.134079
0.256406
0.706383
0.001799
0.813956
0.756496
0.890340
0.770741
0.044843
0.020682
0.640108
0.404288
0.193917
0.612260
0.016516
0.271139
0.817746
0.350934
0.483748
0.400703
0.014195
0.550930
0.834473
0.733737
0.796596
0.483748
0.283657
0.729557
0.663705
0.588824
0.616536
0.921845
0.058605
0.890340
0.483748
0.110622
0.466089
0.770741
0.151993
0.286497
0.994652
0.710617
0.729557
0.834473
0.127290
0.050976
0.362561
0.528156
0.574008
0.644399
0.256406
0.854114
0.729557
0.774773
0.966838
0.687240
0.687240
0.384810
0.890340
0.487715
0.330008
0.620816
0.019194
0.550930
0.384810
0.635818
0.226398
0.333171
0.104883
0.483748
0.483748
0.312987
0.118009
0.906727
0.253794
0.312987
0.025484
0.076125
0.350934
0.550930
0.524053
0.093059
0.125822
0.778785
0.774773
0.256406
0.659417
0.205764
0.682970
0.729557
0.854114
0.253794
0.834473
0.774773
0.020404
0.242292
0.242292
0.546765
0.027064
0.400703
0.752390
0.091945
0.774773
0.171895
0.997021
0.286497
0.774773
0.616536
0.333171
0.682970
0.009811
0.640108
0.268414
0.384810
0.466089
0.093059
0.813956
0.933221
0.000061
0.546765
0.528156
0.265709
0.046907
0.550930
0.057871
0.854114
0.203567
0.933221
0.029119
0.569792
0.253794
0.872771
0.256406
0.872771
0.151993
0.075194
0.081434
0.081434
0.813956
0.002704
0.019194
0.854114
0.838112
0.286497
0.441167
0.975163
0.003624
0.093059
0.384810
0.462209
0.501714
0.640108
0.424344
0.050976
0.682970
0.966838
0.682970
0.569792
0.792675
0.509791
0.834473
0.752390
0.957072
0.256406
0.365928
0.018052
0.640108
0.796596
0.834473
0.312987
0.640108
0.004987
0.796596
0.574008
0.729557
0.441167
0.706383
0.201390
0.369316
0.687240
0.441167
0.203567
0.505746
0.555105
0.687240
0.792675
0.127290
0.854114
0.982080
0.921845
0.365928
0.388308
0.774773
0.466089
0.834473
0.616536
0.774773
0.756496
0.524053
0.945860
0.203567
0.000024
0.640108
0.113260
0.663705
0.569792
0.031319
0.644399
0.854114
0.921845
0.153719
0.228789
0.593072
0.945860
0.854114
0.479797
0.994652
0.593072
0.945860
0.239792
0.135629
0.466089
0.381332
0.111935
0.215884
0.072014
0.663705
0.792675
0.336354
0.501714
0.487715
0.005060
0.253794
0.205764
0.706383
0.113260
0.142796
0.813956
0.872771
0.524053
0.161687
0.462209
0.813956
0.616536
0.706383
0.616536
0.752390
0.770741
0.546765
0.369316
0.000696
0.706383
0.550930
0.271139
0.612260
0.710617
0.659417
0.752390
0.347658
0.933221
0.706383
0.286497
0.710617
0.574008
0.640108
0.706383
0.239792
0.316035
0.854114
0.872771
0.524053
0.524053
0.546765
0.945860
0.058605
0.023992
0.682970
0.528156
0.663705
0.569792
0.933221
0.994652
0.919194
0.813956
0.729557
0.770741
0.050976
0.834473
0.424344
0.620816
0.729557
0.857582
0.180640
0.003131
0.018935
0.574008
0.483748
0.752390
0.706383
0.933221
0.682970
0.350934
0.524053
0.616536
0.593072
0.333171
0.268414
0.975163
0.025484
0.302484
0.528156
0.125822
0.796596
0.424344
0.524053
0.640108
0.127290
0.099407
0.906727
0.813956
0.483748
0.854114
0.706383
0.975163
0.550930
0.203567
0.424344
0.296598
0.299531
0.142796
0.640108
0.055366
0.111935
0.975163
0.770741
0.687240
0.134079
0.384810
0.350934
0.253794
0.945860
0.404288
0.054669
0.384810
0.193917
0.546765
0.706383
0.706383
0.058605
0.019194
0.027427
0.966838
0.659417
0.528156
0.774773
0.000505
0.444954
0.528156
0.458345
0.524053
0.935624
0.872771
0.347658
0.153719
0.228789
0.710617
0.593072
0.384810
0.509791
0.006741
0.528156
0.706383
0.834473
0.299531
0.231199
0.462209
0.921845
0.153719
0.991271
0.935624
0.921845
0.002704
0.635818
0.933221
0.546765
0.072014
0.466089
0.161687
0.640108
0.001504
0.466089
0.256406
0.682970
0.170000
0.774773
0.001315
0.593072
0.215884
0.872771
0.834473
0.682970
0.640108
0.982080
0.796596
0.099407
0.075194
0.792675
0.299531
0.550930
0.333171
0.752390
0.857582
0.854114
0.041230
0.224027
0.286497
0.966838
0.286497
0.792675
0.171895
0.118009
0.706383
0.444954
0.921845
0.203567
0.640108
0.890340
0.752390
0.067264
0.640108
0.333171
0.550930
0.593072
0.384810
0.890340
0.774773
0.546765
0.813956
0.616536
0.640108
0.505746
0.612260
0.299531
0.182633
0.023992
0.752390
0.462209
0.659417
0.569792
0.616536
0.029508
0.854114
0.528156
0.099407
0.296598
0.424344
0.091945
0.019194
0.441167
0.813956
0.365928
0.687240
0.388308
0.163504
0.135629
0.966838
0.986734
0.299531
0.635818
0.127290
0.381332
0.087074
0.466089
0.616536
0.268414
0.593072
0.218187
0.682970
0.774773
0.616536
0.087074
0.081434
0.774773
0.015104
0.710617
0.400703
0.134079
0.242292
0.205764
0.935624
0.119398
0.062799
0.444954
0.663705
0.268414
0.813956
0.444954
0.173807
0.854114
0.462209
0.817746
0.444954
0.369316
0.593072
0.550930
0.546765
0.817746
0.344402
0.834473
0.933221
0.729557
0.505746
0.687240
0.550930
0.872771
0.041767
0.659417
0.369316
0.854114
0.593072
0.256406
0.857582
0.142796
0.441167
0.381332
0.242292
0.004987
0.834473
0.031736
0.384810
0.002704
0.333171
0.752390
0.524053
0.729557
0.663705
0.574008
0.087074
0.957072
0.330008
0.659417
0.384810
0.027427
0.659417
0.792675
0.663705
0.796596
0.008521
0.935624
0.119398
0.986734
0.640108
0.193917
0.796596
0.659417
0.838112
0.890340
0.752390
0.316035
0.424344
0.817746
0.774773
0.483748
0.957072
0.966838
0.015526
0.854114
0.933221
0.752390
0.813956
0.002299
0.369316
0.616536
0.857582
0.528156
0.616536
0.957072
0.710617
0.593072
0.483748
0.253794
0.316035
0.546765
0.986734
0.982080
0.752390
0.813956
0.505746
0.271139
0.774773
0.119398
0.640108
0.087074
0.441167
0.312987
0.710617
0.752390
0.921845
0.687240
0.957072
0.890340
0.890340
0.770741
0.933221
0.774773
0.487715
0.597327
0.483748
0.316035
0.462209
0.663705
0.302484
0.142796
0.441167
0.239792
0.462209
0.000881
0.071129
0.982080
0.462209
0.890340
0.616536
0.025145
0.935624
0.524053
0.834473
0.044843
0.161687
0.935624
0.975163
0.890340
0.774773
0.906727
0.119398
0.588824
0.119398
0.640108
0.796596
0.098225
0.792675
0.191824
0.106135
0.350934
0.957072
0.002299
0.635818
0.813956
0.483748
0.854114
0.182633
0.191824
0.729557
0.501714
0.509791
0.444954
0.316035
0.752390
0.299531
0.616536
0.087074
0.022279
0.919194
0.182633
0.872771
0.620816
0.256406
0.044843
0.834473
0.268414
0.635818
0.854114
0.597327
0.299531
0.796596
0.817746
0.593072
0.524053
0.834473
0.569792
0.933221
0.733737
0.347658
0.462209
0.687240
0.047513
0.854114
0.347658
0.350934
0.005477
0.242292
0.872771
0.872771
0.170000
0.667992
0.369316
0.226398
0.004253
0.663705
0.000002
0.890340
0.796596
0.640108
0.271139
0.774773
0.921845
0.106135
0.213602
0.369316
0.966838
0.031319
0.330008
0.350934
0.796596
0.369316
0.616536
0.404288
0.333171
0.957072
0.834473
0.687240
0.682970
0.710617
0.906727
0.569792
0.268414
0.644399
0.706383
0.466089
0.462209
0.528156
0.640108
0.546765
0.729557
0.182633
0.441167
0.466089
0.017566
0.444954
0.462209
0.620816
0.404288
0.163504
0.134079
0.834473
0.135629
0.729557
0.005398
0.424344
0.036194
0.593072
0.813956
0.316035
0.058605
0.505746
0.205764
0.053979
0.458345
0.218187
0.161687
0.640108
0.792675
0.020682
0.099407
0.872771
0.854114
0.462209
0.550930
0.009080
0.550930
0.182633
0.001428
0.104883
0.171895
0.966838
0.203567
0.404288
0.384810
0.774773
0.593072
0.242292
0.501714
0.458345
0.966838
0.388308
0.441167
0.813956
0.271139
0.076125
0.921845
0.424344
0.047513
0.316035
0.834473
0.369316
0.597327
0.817746
0.994652
0.834473
0.546765
0.569792
0.817746
0.099407
0.058605
0.171895
0.813956
0.933221
0.569792
0.872771
0.574008
0.935624
0.919194
0.004253
0.706383
0.834473
0.369316
0.616536
0.203567
0.008521
0.687240
0.687240
0.838112
0.424344
0.256406
0.462209
0.283657
0.132544
0.933221
0.404288
0.774773
0.857582
0.038888
0.733737
0.316035
0.659417
0.302484
0.350934
0.906727
0.462209
0.546765
0.597327
0.550930
0.752390
0.796596
0.876049
0.365928
0.550930
0.774773
0.682970
0.706383
0.501714
0.872771
0.752390
0.205764
0.733737
0.020682
0.872771
0.365928
0.813956
0.483748
0.550930
0.228789
0.365928
0.010598
0.462209
0.242292
0.316035
0.444954
0.135629
0.687240
0.142796
0.945860
0.796596
0.407893
0.501714
0.299531
0.038888
0.854114
0.890340
0.420656
0.838112
0.890340
0.483748
0.593072
0.903839
0.710617
0.945860
0.381332
0.283657
0.945860
0.933221
0.058605
0.384810
0.994652
0.253794
0.612260
0.161687
0.025828
0.381332
0.792675
0.792675
0.299531
0.218187
0.834473
0.171895
0.505746
0.161687
0.796596
0.424344
0.127290
0.966838
0.404288
0.872771
0.350934
0.283657
0.933221
0.505746
0.151993
0.093059
0.616536
0.205764
0.659417
0.834473
0.574008
0.906727
0.271139
0.616536
0.792675
0.854114
0.906727
0.945860
0.528156
0.239792
0.906727
0.127290
0.283657
0.854114
0.161687
0.774773
0.706383
0.007291
0.444954
0.017807
0.906727
0.682970
0.569792
0.597327
0.182633
0.796596
0.994652
0.919194
0.161687
0.817746
0.381332
0.982080
0.966838
0.729557
0.890340
0.838112
0.919194
0.550930
0.640108
0.505746
0.119398
0.752390
0.050976
0.857582
0.903839
0.000279
0.682970
0.071129
0.283657
0.242292
0.774773
0.752390
0.271139
0.706383
0.774773
0.381332
0.640108
0.574008
0.407893
0.997021
0.774773
0.483748
0.007772
0.420656
0.876049
0.997021
0.854114
0.569792
0.597327
0.935624
0.834473
0.933221
0.706383
0.616536
0.487715
0.857582
0.384810
0.796596
0.682970
0.838112
0.027427
0.890340
0.834473
0.857582
0.872771
0.265709
0.003927
0.384810
0.906727
0.487715
0.792675
0.007291
0.706383
0.752390
0.242292
0.682970
0.966838
0.171895
0.752390
0.616536
0.752390
0.333171
0.872771
0.796596
0.616536
0.729557
0.170000
0.444954
0.466089
0.906727
0.933221
0.044843
0.945860
0.733737
0.296598
0.528156
0.000256
0.854114
0.546765
0.268414
0.253794
0.778785
0.384810
0.330008
0.424344
0.268414
0.706383
0.872771
0.369316
0.312987
0.316035
0.998549
0.796596
0.774773
0.906727
0.231199
0.302484
0.872771
0.616536
0.268414
0.817746
0.215884
0.663705
0.948006
0.752390
0.228789
0.400703
0.205764
0.111935
0.687240
0.593072
0.872771
0.597327
0.528156
0.813956
0.906727
0.228789
0.283657
0.316035
0.890340
0.286497
0.203567
0.106135
0.362561
0.299531
0.991271
0.729557
0.569792
0.733737
0.774773
0.813956
0.729557
0.316035
0.682970
0.242292
0.975163
0.752390
0.710617
0.635818
0.838112
0.253794
0.574008
0.161687
0.854114
0.729557
0.813956
0.171895
0.796596
0.466089
0.921845
0.076125
0.404288
0.228789
0.796596
0.729557
0.994652
0.857582
0.640108
0.483748
0.404288
0.125822
0.483748
0.987651
0.215884
0.817746
0.966838
0.111935
0.890340
0.597327
0.466089
0.957072
0.021980
0.528156
0.316035
0.817746
0.365928
0.205764
0.058605
0.400703
0.975163
0.729557
0.444954
0.316035
0.945860
0.462209
0.106135
0.574008
0.045424
0.009950
0.906727
0.118009
0.945860
0.054669
0.687240
0.817746
0.046907
0.087074
0.994652
0.620816
0.991271
0.906727
0.872771
0.404288
0.381332
0.347658
0.663705
0.228789
0.528156
0.528156
0.796596
0.986734
0.682970
0.142796
0.424344
0.813956
0.597327
0.834473
0.388308
0.834473
0.093059
0.682970
0.890340
0.640108
0.593072
0.933221
0.044843
0.640108
0.834473
0.729557
0.774773
0.872771
0.644399
0.593072
0.424344
0.093059
0.347658
0.093059
0.663705
0.050976
0.441167
0.004916
0.505746
0.441167
0.906727
0.834473
0.733737
0.975163
0.706383
0.048126
0.400703
0.144432
0.890340
0.682970
0.752390
0.796596
0.299531
0.347658
0.550930
0.205764
0.182633
0.687240
0.205764
0.792675
0.706383
0.228789
0.729557
0.616536
0.872771
0.752390
0.350934
0.505746
0.550930
0.082435
0.466089
0.906727
0.945860
0.142796
0.550930
0.228789
0.774773
0.593072
0.616536
0.792675
0.347658
0.244813
0.857582
0.854114
0.384810
0.550930
0.710617
0.524053
0.710617
0.796596
0.081434
0.268414
0.854114
0.404288
0.659417
0.574008
0.987651
0.616536
0.550930
0.659417
0.813956
0.424344
0.706383
0.458345
0.420656
0.706383
0.444954
0.593072
0.058605
0.620816
0.505746
0.706383
0.014195
0.127290
0.980925
0.616536
0.752390
0.333171
0.444954
0.201390
0.838112
0.509791
0.706383
0.466089
0.242292
0.505746
0.574008
0.813956
0.000182
0.752390
0.687240
0.890340
0.171895
0.890340
0.796596
0.424344
0.023671
0.569792
0.857582
0.752390
0.050976
0.616536
0.365928
0.906727
0.466089
