0.609811
0.695453
0.871980
0.952681
0.695453
0.525804
0.324038
0.652669
0.609811
0.525804
0.903141
0.903141
0.000730
0.005079
0.567380
0.052243
0.837243
0.871980
0.567380
0.000122
0.930179
0.871980
0.609811
0.609811
0.293958
0.001951
0.525804
0.837243
0.525804
0.567380
0.356197
0.025346
0.837243
0.837243
0.871980
0.567380
0.052243
0.006766
0.837243
0.799563
0.525804
0.356197
0.022157
0.930179
0.695453
0.567380
0.000009
0.930179
0.799563
0.485440
0.146517
0.116308
0.183154
0.652669
0.903141
0.871980
0.952681
0.871980
0.525804
0.903141
0.871980
0.116308
0.045969
0.837243
0.116308
0.903141
0.871980
0.052243
0.609811
0.903141
0.652669
0.130662
0.799563
0.567380
0.609811
0.293958
0.903141
0.652669
0.204137
0.695453
0.356197
0.067203
0.567380
0.103349
0.652669
0.016881
0.293958
0.837243
0.609811
0.567380
0.183154
0.903141
0.799563
0.930179
0.567380
0.652669
0.695453
0.737602
0.130662
0.799563
0.293958
0.837243
0.737602
0.324038
0.324038
0.609811
0.356197
0.019350
0.356197
0.567380
0.567380
0.525804
0.059294
0.525804
0.609811
0.903141
0.609811
0.130662
0.525804
0.609811
0.837243
0.871980
0.525804
0.837243
0.837243
0.052243
0.903141
0.485440
0.652669
0.652669
0.930179
0.903141
0.903141
0.567380
0.067203
0.609811
0.837243
0.871980
0.609811
0.324038
0.293958
0.903141
0.567380
0.903141
0.652669
0.903141
0.609811
0.567380
0.903141
0.871980
0.695453
0.609811
0.293958
0.163980
0.837243
0.609811
0.903141
0.871980
0.025346
0.952681
0.903141
0.567380
0.567380
0.871980
0.609811
0.567380
0.871980
0.871980
0.028962
0.324038
0.609811
0.737602
0.799563
0.871980
0.837243
0.567380
0.871980
0.567380
0.871980
0.871980
0.759608
0.871980
0.652669
0.005079
0.103349
0.356197
0.930179
0.952681
0.903141
0.045969
0.293958
0.003038
0.293958
0.183154
0.837243
0.130662
0.130662
0.799563
0.609811
0.652669
0.609811
0.799563
0.567380
0.871980
0.005079
0.567380
0.930179
0.045969
0.130662
0.525804
0.356197
0.871980
0.837243
0.076056
0.040397
0.837243
0.146517
0.076056
0.609811
0.103349
0.567380
0.903141
0.903141
0.609811
0.324038
0.567380
0.567380
0.871980
0.609811
0.293958
0.019350
0.324038
0.567380
0.130662
0.163980
0.085947
0.871980
0.871980
0.609811
0.871980
0.903141
0.695453
0.903141
0.652669
0.871980
0.067203
0.837243
0.567380
0.059294
0.871980
0.652669
0.837243
0.903141
0.067203
0.930179
0.390394
0.001951
0.837243
0.045969
0.652669
0.567380
0.871980
0.903141
0.652669
0.695453
0.265962
0.695453
0.903141
0.609811
0.567380
0.837243
0.525804
0.022157
0.695453
0.930179
0.837243
0.871980
0.837243
0.799563
0.130662
0.163980
0.837243
0.525804
0.011895
0.737602
0.695453
0.871980
0.525804
0.567380
0.324038
0.567380
0.567380
0.525804
0.837243
0.324038
0.903141
0.293958
0.324038
0.652669
0.609811
0.799563
0.609811
0.390394
0.609811
0.356197
0.903141
0.837243
0.609811
0.837243
0.356197
0.324038
0.930179
0.146517
0.799563
0.903141
0.609811
0.871980
0.652669
0.609811
0.116308
0.000538
0.163980
0.525804
0.609811
0.356197
0.045969
0.930179
0.525804
0.019350
0.293958
0.005864
0.293958
0.567380
0.799563
0.525804
0.871980
0.903141
0.837243
0.324038
0.930179
0.163980
0.652669
0.324038
0.146517
0.903141
0.390394
0.525804
0.000043
0.837243
0.390394
0.871980
0.652669
0.390394
0.006766
0.609811
0.000007
0.837243
0.652669
0.799563
0.799563
0.871980
0.837243
0.567380
0.837243
0.567380
0.525804
0.324038
0.033057
0.609811
0.001951
0.293958
0.871980
0.837243
0.525804
0.567380
0.567380
0.903141
0.799563
0.952681
0.652669
0.567380
0.837243
0.356197
0.837243
0.609811
0.903141
0.952681
0.052243
0.130662
0.778494
0.525804
0.609811
0.609811
0.837243
0.652669
0.356197
0.567380
0.871980
0.871980
0.567380
0.609811
0.356197
0.324038
0.799563
0.183154
0.903141
0.837243
0.652669
0.356197
0.609811
0.609811
0.567380
0.930179
0.567380
0.903141
0.609811
0.871980
0.609811
0.871980
0.903141
0.837243
0.204137
0.059294
0.567380
0.837243
0.204137
0.609811
0.903141
0.903141
0.837243
0.652669
0.871980
0.652669
0.609811
0.695453
0.930179
0.695453
0.567380
0.006766
0.146517
0.103349
0.022157
0.356197
0.001951
0.076056
0.426543
0.567380
0.871980
0.005079
0.103349
0.930179
0.930179
0.871980
0.324038
0.799563
0.567380
0.567380
0.871980
0.019350
0.485440
0.163980
0.871980
0.067203
0.163980
0.799563
0.567380
0.609811
0.076056
0.652669
0.324038
0.204137
0.116308
0.652669
0.871980
0.116308
0.903141
0.609811
0.799563
0.163980
0.390394
0.146517
0.567380
0.871980
0.652669
0.567380
0.265962
0.183154
0.146517
0.356197
0.871980
0.930179
0.567380
0.000122
0.903141
0.903141
0.390394
0.837243
0.265962
0.293958
0.567380
0.609811
0.871980
0.609811
0.356197
0.837243
0.609811
0.609811
0.324038
0.076056
0.525804
0.837243
0.116308
0.390394
0.652669
0.652669
0.609811
0.103349
0.903141
0.076056
0.837243
0.293958
0.567380
0.324038
0.324038
0.045969
0.930179
0.652669
0.390394
0.759608
0.567380
0.567380
0.652669
0.799563
0.799563
0.045969
0.567380
0.609811
0.052243
0.130662
0.871980
0.695453
0.837243
0.799563
0.652669
0.837243
0.930179
0.871980
0.567380
0.324038
0.930179
0.356197
0.695453
0.930179
0.871980
0.930179
0.609811
0.903141
0.903141
0.567380
0.525804
0.293958
0.837243
0.652669
0.837243
0.001681
0.356197
0.356197
0.903141
0.007801
0.903141
0.903141
0.903141
0.903141
0.525804
0.609811
0.567380
0.045969
0.609811
0.293958
0.356197
0.324038
0.293958
0.837243
0.265962
0.567380
0.609811
0.052243
0.799563
0.324038
0.903141
0.163980
0.903141
0.356197
0.567380
0.390394
0.930179
0.652669
0.837243
0.356197
0.052243
0.116308
0.356197
0.025346
0.871980
0.837243
0.059294
0.525804
0.567380
0.871980
0.324038
0.130662
0.930179
0.695453
0.871980
0.567380
0.799563
0.163980
0.356197
0.324038
0.837243
0.737602
0.567380
0.609811
0.837243
0.567380
0.324038
0.652669
0.930179
0.837243
0.007801
0.567380
0.837243
0.022157
0.293958
0.567380
0.837243
0.324038
0.525804
0.903141
0.903141
0.903141
0.324038
0.652669
0.837243
0.356197
0.903141
0.799563
0.609811
0.567380
0.390394
0.871980
0.293958
0.759608
0.837243
0.000000
0.737602
0.567380
0.903141
0.204137
0.426543
0.183154
0.525804
0.356197
0.045969
0.130662
0.652669
0.356197
0.609811
0.609811
0.324038
0.930179
0.356197
0.695453
0.567380
0.045969
0.903141
0.567380
0.871980
0.067203
0.567380
0.525804
0.103349
0.871980
0.045969
0.130662
0.040397
0.652669
0.356197
0.525804
0.356197
0.609811
0.799563
0.903141
0.652669
0.871980
0.609811
0.652669
0.871980
0.652669
0.324038
0.001448
0.567380
0.146517
0.324038
0.609811
0.022157
0.903141
0.324038
0.903141
0.837243
0.652669
0.356197
0.871980
0.837243
0.652669
0.609811
0.930179
0.609811
0.116308
0.837243
0.567380
0.609811
0.930179
0.293958
0.130662
0.005079
0.567380
0.871980
0.609811
0.293958
0.390394
0.930179
0.567380
0.356197
0.130662
0.609811
0.609811
0.045969
0.567380
0.652669
0.000850
0.003038
0.609811
0.028962
0.183154
0.609811
0.837243
0.002262
0.091679
0.130662
0.609811
0.609811
0.652669
0.799563
0.799563
0.737602
0.567380
0.076056
0.799563
0.837243
0.871980
0.567380
0.052243
0.930179
0.837243
0.837243
0.952681
0.759608
0.903141
0.052243
0.652669
0.837243
0.567380
0.609811
0.970432
0.485440
0.356197
0.028962
0.265962
0.525804
0.116308
0.356197
0.903141
0.652669
0.652669
0.903141
0.609811
0.652669
0.871980
0.652669
0.609811
0.837243
0.567380
0.903141
0.837243
0.871980
0.103349
0.903141
0.052243
0.485440
0.525804
0.116308
0.695453
0.652669
0.871980
0.837243
0.567380
0.609811
0.871980
0.163980
0.871980
0.356197
0.293958
0.903141
0.000850
0.871980
0.525804
0.485440
0.652669
0.871980
0.356197
0.871980
0.567380
0.293958
0.324038
0.324038
0.652669
0.567380
0.356197
0.799563
0.952681
0.871980
0.525804
0.837243
0.485440
0.116308
0.000196
0.903141
0.799563
0.609811
0.871980
0.609811
0.837243
0.567380
0.052243
0.930179
0.052243
0.837243
0.052243
0.052243
0.871980
0.903141
0.567380
0.799563
0.356197
0.903141
0.871980
0.837243
0.567380
0.567380
0.116308
0.759608
0.567380
0.609811
0.001681
0.871980
0.000001
0.567380
0.837243
0.652669
0.930179
0.567380
0.871980
0.001246
0.903141
0.146517
0.837243
0.837243
0.609811
0.163980
0.837243
0.265962
0.183154
0.695453
0.930179
0.067203
0.837243
0.903141
0.525804
0.183154
0.871980
0.609811
0.609811
0.837243
0.324038
0.837243
0.005864
0.067203
0.837243
0.567380
0.903141
0.903141
0.871980
0.525804
0.130662
0.903141
0.652669
0.871980
0.324038
0.930179
0.567380
0.871980
0.052243
0.567380
0.609811
0.871980
0.970432
0.609811
0.871980
0.293958
0.059294
0.324038
0.390394
0.695453
0.609811
0.652669
0.052243
0.485440
0.183154
0.871980
0.052243
0.799563
0.903141
0.871980
0.799563
0.871980
0.871980
0.052243
0.356197
0.356197
0.903141
0.903141
0.052243
0.652669
0.903141
0.609811
0.930179
0.426543
0.799563
0.116308
0.652669
0.930179
0.130662
0.609811
0.010343
0.609811
0.076056
0.652669
0.903141
0.759608
0.903141
0.183154
0.525804
0.837243
0.903141
0.871980
0.040397
0.525804
0.871980
0.000032
0.567380
0.052243
0.390394
0.609811
0.903141
0.952681
0.609811
0.903141
0.324038
0.837243
0.059294
0.103349
0.837243
0.759608
0.695453
0.293958
0.001681
0.130662
0.609811
0.837243
0.130662
0.903141
0.356197
0.390394
0.609811
0.000043
0.567380
0.652669
0.609811
0.871980
0.652669
0.871980
0.356197
0.076056
0.903141
0.837243
0.652669
0.001448
0.609811
0.163980
0.567380
0.903141
0.652669
0.837243
0.871980
0.903141
0.930179
0.324038
0.695453
0.033057
0.652669
0.130662
0.871980
0.609811
0.356197
0.930179
0.609811
0.103349
0.903141
0.609811
0.930179
0.390394
0.324038
0.265962
0.146517
0.183154
0.871980
0.930179
0.952681
0.837243
0.609811
0.837243
0.799563
0.609811
0.903141
0.652669
0.903141
0.837243
0.163980
0.525804
0.525804
0.652669
0.871980
0.567380
0.059294
0.695453
0.390394
0.871980
0.837243
0.130662
0.799563
0.609811
0.652669
0.871980
0.871980
0.652669
0.952681
0.871980
0.903141
0.871980
0.356197
0.324038
0.324038
0.390394
0.146517
0.871980
0.003801
0.837243
0.652669
0.356197
0.609811
0.567380
0.356197
0.871980
0.609811
0.871980
0.903141
0.356197
0.045969
0.052243
0.091679
0.799563
0.903141
0.903141
0.390394
0.324038
0.903141
0.837243
0.390394
0.103349
0.005079
0.930179
0.871980
0.799563
0.903141
0.903141
0.652669
0.324038
0.837243
0.609811
0.871980
0.609811
0.163980
0.146517
0.930179
0.265962
0.293958
0.609811
0.609811
0.695453
0.837243
0.567380
0.146517
0.356197
0.930179
0.356197
0.652669
0.485440
0.871980
0.652669
0.609811
0.163980
0.903141
0.871980
0.871980
0.871980
0.000043
0.485440
0.007801
0.045969
0.903141
0.146517
0.903141
0.567380
0.293958
0.903141
0.567380
0.163980
0.567380
0.146517
0.903141
0.871980
0.103349
0.871980
0.837243
0.871980
0.390394
0.871980
0.609811
0.567380
0.903141
0.695453
0.567380
0.871980
0.324038
0.609811
0.609811
0.871980
0.871980
0.390394
0.567380
0.356197
0.324038
0.903141
0.045969
0.759608
0.871980
0.567380
0.609811
0.067203
0.265962
0.609811
0.567380
0.609811
0.567380
0.903141
0.903141
0.837243
0.759608
0.609811
0.695453
0.871980
0.609811
0.871980
0.930179
0.146517
0.609811
0.567380
0.052243
0.130662
0.006766
0.799563
0.871980
0.871980
0.903141
0.871980
0.059294
0.609811
0.652669
0.356197
0.652669
0.293958
0.356197
0.609811
0.052243
0.103349
0.001951
0.265962
0.485440
0.485440
0.799563
0.609811
0.116308
0.652669
0.146517
0.356197
0.837243
0.652669
0.609811
0.652669
0.146517
0.022157
0.903141
0.324038
0.695453
0.525804
0.567380
0.293958
0.485440
0.005079
0.525804
0.324038
0.324038
0.837243
0.356197
0.871980
0.837243
0.567380
0.871980
0.004395
0.183154
0.567380
0.903141
0.525804
0.871980
0.324038
0.356197
0.567380
0.567380
0.163980
0.837243
0.652669
0.837243
0.695453
0.567380
0.695453
0.871980
0.799563
0.116308
0.007801
0.871980
0.567380
0.567380
0.609811
0.567380
0.652669
0.022157
0.652669
0.356197
0.652669
0.903141
0.652669
0.799563
0.652669
0.930179
0.525804
0.695453
0.903141
0.837243
0.837243
0.485440
0.903141
0.567380
0.799563
0.356197
0.567380
0.837243
0.052243
0.356197
0.163980
0.930179
0.059294
0.609811
0.567380
0.567380
0.059294
0.609811
0.130662
0.837243
0.130662
0.871980
0.903141
0.652669
0.609811
0.324038
0.000730
0.903141
0.903141
0.799563
0.903141
0.903141
0.930179
0.609811
0.000850
0.837243
0.871980
0.837243
0.356197
0.567380
0.799563
0.837243
0.567380
0.324038
0.871980
0.146517
0.485440
0.903141
0.204137
0.324038
0.837243
0.356197
0.652669
0.356197
0.695453
0.103349
0.930179
0.930179
0.903141
0.609811
0.324038
0.567380
0.525804
0.324038
0.227019
0.903141
0.485440
0.837243
0.930179
0.525804
0.390394
0.059294
0.799563
0.609811
0.130662
0.085947
0.567380
0.525804
0.695453
0.837243
0.609811
0.609811
0.737602
0.737602
0.799563
0.871980
0.871980
0.871980
0.903141
0.903141
0.930179
0.426543
0.695453
0.059294
0.567380
0.525804
0.903141
0.067203
0.008986
0.903141
0.163980
0.837243
0.390394
0.930179
0.871980
0.103349
0.567380
0.567380
0.871980
0.146517
0.799563
0.045969
0.609811
0.952681
0.871980
0.356197
0.759608
0.324038
0.356197
0.525804
0.903141
0.652669
0.293958
0.609811
0.837243
0.163980
0.003801
0.837243
0.293958
0.525804
0.146517
0.000032
0.525804
0.759608
0.324038
0.059294
0.059294
0.052243
0.837243
0.001246
0.001681
0.567380
0.652669
0.871980
0.609811
0.903141
0.871980
0.609811
0.567380
0.903141
0.652669
0.609811
0.799563
0.567380
0.485440
0.356197
0.871980
0.567380
0.324038
0.609811
0.695453
0.001951
0.652669
0.871980
0.525804
0.183154
0.146517
0.799563
0.652669
0.609811
0.609811
0.567380
0.059294
0.567380
0.002262
0.903141
0.130662
0.183154
0.799563
0.695453
0.609811
0.695453
0.022157
0.871980
0.871980
0.930179
0.525804
0.871980
0.567380
0.799563
0.759608
0.609811
0.903141
0.799563
0.324038
0.609811
0.293958
0.837243
0.609811
0.837243
0.652669
0.609811
0.067203
0.837243
0.871980
0.052243
0.567380
0.837243
0.903141
0.052243
0.485440
0.356197
0.567380
0.293958
0.871980
0.525804
0.837243
0.059294
0.045969
0.609811
0.609811
0.002622
0.324038
0.930179
0.930179
0.609811
0.000627
0.871980
0.609811
0.130662
0.837243
0.183154
0.567380
0.567380
0.871980
0.837243
0.609811
0.525804
0.837243
0.265962
0.525804
0.609811
0.609811
0.871980
0.019350
0.609811
0.293958
0.652669
0.567380
0.525804
0.183154
0.293958
0.871980
0.356197
0.059294
0.871980
0.871980
0.004395
0.525804
0.652669
0.837243
0.799563
0.116308
0.609811
0.356197
0.609811
0.695453
0.293958
0.022157
0.952681
0.837243
0.871980
0.028962
0.103349
0.871980
0.130662
0.871980
0.324038
0.525804
0.837243
0.293958
0.324038
0.567380
0.871980
0.183154
0.525804
0.837243
0.567380
0.799563
0.871980
0.609811
0.116308
0.146517
0.837243
0.000730
0.146517
0.871980
0.871980
0.067203
0.324038
0.525804
0.293958
0.293958
0.324038
0.609811
0.485440
0.837243
0.293958
0.485440
0.293958
0.837243
0.567380
0.871980
0.390394
0.052243
0.146517
0.567380
0.005864
0.567380
0.871980
0.116308
0.799563
0.567380
0.837243
0.525804
0.930179
0.609811
0.525804
0.028962
0.485440
0.567380
0.609811
0.903141
0.567380
0.903141
0.837243
0.609811
0.930179
0.356197
0.903141
0.052243
0.324038
0.652669
0.903141
0.652669
0.293958
0.324038
0.903141
0.930179
0.609811
0.871980
0.871980
0.609811
0.903141
0.163980
0.871980
0.567380
0.609811
0.001681
0.567380
0.163980
0.059294
0.567380
0.567380
0.609811
0.567380
0.525804
0.567380
0.567380
0.130662
0.525804
0.652669
0.837243
0.567380
0.052243
0.146517
0.609811
0.609811
0.356197
0.567380
0.116308
0.324038
0.837243
0.871980
0.567380
0.567380
0.695453
0.871980
0.837243
0.002262
0.903141
0.652669
0.045969
0.903141
0.695453
0.067203
0.652669
0.837243
0.067203
0.067203
0.652669
0.567380
0.837243
0.103349
0.324038
0.003801
0.485440
0.837243
0.871980
0.293958
0.837243
0.567380
0.871980
0.903141
0.567380
0.116308
0.609811
0.324038
0.652669
0.903141
0.293958
0.930179
0.903141
0.265962
0.390394
0.567380
0.356197
0.103349
0.016881
0.000850
0.903141
0.837243
0.356197
0.146517
0.903141
0.103349
0.871980
0.903141
0.837243
0.324038
0.652669
0.390394
0.930179
0.871980
0.567380
0.567380
0.002622
0.567380
0.871980
0.356197
0.324038
0.799563
0.837243
0.426543
0.799563
0.609811
0.356197
0.146517
0.052243
0.871980
0.567380
0.799563
0.930179
0.799563
0.903141
0.293958
0.609811
0.130662
0.903141
0.003516
0.799563
0.004395
0.652669
0.903141
0.871980
0.837243
0.903141
0.837243
0.799563
0.146517
0.871980
0.609811
0.001681
0.737602
0.871980
0.903141
0.871980
0.001951
0.000461
0.837243
0.930179
0.000011
0.525804
0.000013
0.652669
0.837243
0.000001
0.485440
0.871980
0.007801
0.000730
0.837243
0.265962
0.930179
0.609811
0.000000
0.116308
0.837243
0.903141
0.871980
0.567380
0.799563
0.033057
0.871980
0.837243
0.324038
0.871980
0.525804
0.567380
0.652669
0.903141
0.052243
0.903141
0.567380
0.759608
0.609811
0.871980
0.567380
0.567380
0.952681
0.001448
0.837243
0.052243
0.737602
0.103349
0.952681
0.356197
0.799563
0.567380
0.163980
0.567380
0.609811
0.903141
0.871980
0.799563
0.390394
0.324038
0.930179
0.324038
0.799563
0.837243
0.609811
0.903141
0.871980
0.759608
0.837243
0.052243
0.837243
0.183154
0.652669
0.759608
0.001951
0.837243
0.426543
0.567380
0.567380
0.000018
0.609811
0.930179
0.163980
0.525804
0.567380
0.837243
0.799563
0.525804
0.052243
0.567380
0.609811
0.293958
0.183154
0.116308
0.146517
0.567380
0.390394
0.871980
0.871980
0.059294
0.567380
0.652669
0.609811
0.871980
0.903141
0.293958
0.146517
0.652669
0.609811
0.609811
0.871980
0.609811
0.130662
0.040397
0.116308
0.356197
0.695453
0.059294
0.204137
0.356197
0.116308
0.293958
0.903141
0.903141
0.609811
0.609811
0.871980
0.052243
0.903141
0.837243
0.567380
0.356197
0.952681
0.952681
0.609811
0.930179
0.930179
0.871980
0.609811
0.930179
0.837243
0.930179
0.609811
0.525804
0.837243
0.052243
0.799563
0.759608
0.871980
0.871980
0.871980
0.903141
0.871980
0.871980
0.837243
0.324038
0.837243
0.695453
0.695453
0.871980
0.930179
0.567380
0.871980
0.930179
0.871980
0.837243
0.005864
0.871980
0.903141
0.837243
0.390394
0.871980
0.567380
0.052243
0.567380
0.525804
0.146517
0.356197
0.293958
0.525804
0.837243
0.609811
0.076056
0.103349
0.609811
0.952681
0.871980
0.525804
0.799563
0.903141
0.903141
0.052243
0.567380
0.930179
0.695453
0.903141
0.652669
0.052243
0.130662
0.609811
0.567380
0.525804
0.903141
0.609811
0.903141
0.871980
0.067203
0.525804
0.324038
0.652669
0.356197
0.116308
0.324038
0.609811
0.837243
0.116308
0.871980
0.609811
0.871980
0.163980
0.324038
0.871980
0.903141
0.837243
0.525804
0.567380
0.324038
0.045969
0.871980
0.525804
0.356197
0.837243
0.799563
0.567380
0.652669
0.163980
0.324038
0.052243
0.930179
0.652669
0.000167
0.324038
0.903141
0.265962
0.525804
0.609811
0.567380
0.567380
0.609811
0.837243
0.652669
0.799563
0.163980
0.930179
0.567380
0.903141
0.356197
0.871980
0.930179
0.930179
0.609811
0.130662
0.930179
0.025346
0.019350
0.837243
0.567380
0.609811
0.930179
0.293958
0.525804
0.837243
0.390394
0.525804
0.052243
0.567380
0.871980
0.567380
0.799563
0.930179
0.871980
0.871980
0.799563
0.003038
0.837243
0.952681
0.045969
0.000229
0.871980
0.759608
0.356197
0.004395
0.903141
0.871980
0.837243
0.871980
0.567380
0.116308
0.324038
0.567380
0.045969
0.324038
0.390394
0.567380
0.485440
0.116308
0.567380
0.059294
0.837243
0.930179
0.652669
0.293958
0.567380
0.871980
0.067203
0.903141
0.930179
0.652669
0.324038
0.837243
0.567380
0.130662
0.045969
0.930179
0.930179
0.567380
0.871980
0.799563
0.652669
0.567380
0.356197
0.567380
0.871980
0.837243
0.356197
0.837243
0.525804
0.052243
0.695453
0.799563
0.837243
0.525804
0.903141
0.000018
0.871980
0.930179
0.609811
0.652669
0.324038
0.930179
0.799563
0.871980
0.952681
0.059294
0.871980
0.116308
0.567380
0.025346
0.799563
0.567380
0.903141
0.871980
0.609811
0.059294
0.067203
0.837243
0.903141
0.567380
0.871980
0.567380
0.567380
0.067203
0.130662
0.609811
0.903141
0.130662
0.324038
0.025346
0.609811
0.837243
0.390394
0.652669
0.116308
0.356197
0.567380
0.695453
0.652669
0.837243
0.652669
0.609811
0.837243
0.837243
0.837243
0.837243
0.485440
0.116308
0.871980
0.426543
0.930179
0.293958
0.737602
0.485440
0.324038
0.324038
0.116308
0.356197
0.609811
0.001448
0.871980
0.609811
0.871980
0.293958
0.163980
0.837243
0.525804
0.871980
0.130662
0.609811
0.076056
0.837243
0.076056
0.567380
0.002262
0.000229
0.356197
0.903141
0.130662
0.293958
0.871980
0.567380
0.903141
0.871980
0.293958
0.525804
0.903141
0.163980
0.837243
0.567380
0.052243
0.903141
0.525804
0.059294
0.567380
0.567380
0.837243
0.837243
0.183154
0.525804
0.040397
0.146517
0.930179
0.837243
0.001951
0.103349
0.609811
0.903141
0.130662
0.609811
0.525804
0.265962
0.045969
0.652669
0.837243
0.130662
0.903141
0.390394
0.324038
0.871980
0.799563
0.059294
0.837243
0.045969
0.567380
0.652669
0.567380
0.356197
0.146517
0.871980
0.652669
0.930179
0.130662
0.324038
0.903141
0.324038
0.871980
0.567380
0.324038
0.525804
0.871980
0.567380
0.293958
0.737602
0.045969
0.293958
0.871980
0.652669
0.903141
0.324038
0.970432
0.001681
0.930179
0.567380
0.871980
0.609811
0.116308
0.652669
0.324038
0.163980
0.356197
0.525804
0.871980
0.390394
0.293958
0.903141
0.837243
0.837243
0.324038
0.356197
0.837243
0.903141
0.609811
0.567380
0.609811
0.609811
0.163980
0.052243
0.525804
0.390394
0.903141
0.045969
0.903141
0.871980
0.903141
0.567380
0.130662
0.930179
0.903141
0.567380
0.652669
0.609811
0.293958
0.005079
0.837243
0.356197
0.837243
0.903141
0.871980
0.567380
0.485440
0.609811
0.067203
0.146517
0.567380
0.390394
0.130662
0.652669
0.567380
0.837243
0.525804
0.609811
0.652669
0.930179
0.652669
0.930179
0.737602
0.871980
0.799563
0.609811
0.799563
0.356197
0.609811
0.695453
0.837243
0.609811
0.130662
0.324038
0.146517
0.903141
0.485440
0.652669
0.652669
0.567380
0.525804
0.652669
0.324038
0.324038
0.067203
0.525804
0.324038
0.006766
0.609811
0.356197
