0.413125
0.271537
0.237478
0.316815
0.627665
0.847430
0.680119
0.361476
0.631282
0.792018
0.561341
0.210611
0.177817
0.410059
0.034758
0.798628
0.082267
0.798628
0.575545
0.507407
0.309128
0.407007
0.801909
0.152243
0.280897
0.571985
0.571985
0.280897
0.634900
0.631282
0.416203
0.096373
0.181146
0.888271
0.237478
0.801909
0.176171
0.956753
0.841402
0.016839
0.129854
0.631282
0.788689
0.568431
0.364311
0.050938
0.410059
0.233336
0.624049
0.893473
0.564883
0.276187
0.367160
0.847430
0.627665
0.042597
0.133701
0.568431
0.316815
0.208721
0.690926
0.347520
0.956753
0.459027
0.358656
0.314238
0.620436
0.568431
0.241678
0.735452
0.795331
0.683725
0.278535
0.048788
0.413125
0.510824
0.616824
0.929777
0.745964
0.098342
0.510824
0.153700
0.204983
0.057002
0.459027
0.350283
0.792018
0.745964
0.571985
0.620436
0.575545
0.069310
0.680119
0.355850
0.575545
0.452540
0.847430
0.850410
0.314238
0.888271
0.931861
0.020126
0.847430
0.735452
0.634900
0.050393
0.182830
0.067872
0.023743
0.687327
0.350283
0.557805
0.156648
0.561341
0.462288
0.514251
0.452540
0.805174
0.798628
0.311675
0.801909
0.735452
0.058852
0.690926
0.634900
0.095402
0.561341
0.358656
0.446101
0.929777
0.687327
0.742470
0.927660
0.683725
0.992641
0.419295
0.893473
0.355850
0.410059
0.801909
0.738965
0.631282
0.841402
0.575545
0.795331
0.676510
0.413125
0.048788
0.669285
0.735452
0.631282
0.465562
0.233336
0.627665
0.048788
0.798628
0.212514
0.013113
0.517687
0.571985
0.465562
0.309128
0.850410
0.276187
0.927660
0.410059
0.109269
0.276187
0.319408
0.745964
0.571985
0.243799
0.135005
0.888271
0.927660
0.844427
0.319408
0.449314
0.571985
0.177817
0.319408
0.243799
0.978800
0.554276
0.210611
0.407007
0.316815
0.158140
0.561341
0.624049
0.507407
0.132408
0.115981
0.888271
0.805174
0.795331
0.449314
0.561341
0.888271
0.316815
0.929777
0.631282
0.082267
0.792018
0.507407
0.680119
0.890886
0.927660
0.798628
0.459027
0.564883
0.350283
0.925511
0.280897
0.749449
0.958352
0.208721
0.111468
0.735452
0.959917
0.978800
0.795331
0.835289
0.631282
0.795331
0.624049
0.278535
0.367160
0.571985
0.627665
0.204983
0.958352
0.561341
0.132408
0.676510
0.841402
0.000157
0.407007
0.327274
0.182830
0.890886
0.455777
0.462288
0.890886
0.093486
0.841402
0.634900
0.792018
0.620436
0.638520
0.462288
0.561341
0.082267
0.738965
0.138982
0.687327
0.397933
0.788689
0.273855
0.683725
0.314238
0.278535
0.798628
0.929777
0.361476
0.927660
0.893473
0.853368
0.367160
0.694521
0.844427
0.792018
0.034375
0.216362
0.400944
0.271537
0.204983
0.620436
0.738965
0.110364
0.847430
0.514251
0.407007
0.155168
0.184527
0.273855
0.676510
0.627665
0.510824
0.403969
0.083977
0.977723
0.792018
0.627665
0.507407
0.795331
0.243799
0.319408
0.992087
0.955120
0.785346
0.676510
0.059480
0.838356
0.838356
0.738965
0.133701
0.998015
0.459027
0.153700
0.738965
0.978800
0.500602
0.847430
0.798628
0.929777
0.041224
0.893473
0.785346
0.978800
0.035145
0.114838
0.403969
0.850410
0.683725
0.841402
0.208721
0.407007
0.397933
0.627665
0.042135
0.208721
0.449314
0.890886
0.237478
0.521132
0.956753
0.276187
0.311675
0.841402
0.745964
0.792018
0.156648
0.893473
0.929777
0.322015
0.285665
0.557805
0.514251
0.465562
0.680119
0.631282
0.955120
0.888271
0.112582
0.096373
0.521132
0.455777
0.801909
0.735452
0.847430
0.465562
0.792018
0.676510
0.672898
0.462288
0.084844
0.135005
0.241678
0.208721
0.243799
0.020592
0.627665
0.361476
0.459027
0.350283
0.311675
0.112582
0.152243
0.127343
0.627665
0.416203
0.801909
0.455777
0.798628
0.575545
0.571985
0.929777
0.620436
0.446101
0.690926
0.082267
0.959917
0.452540
0.728400
0.455777
0.785346
0.407007
0.413125
0.624049
0.853368
0.459027
0.069310
0.620436
0.147944
0.847430
0.189695
0.805174
0.514251
0.521132
0.048788
0.156648
0.397933
0.690926
0.624049
0.885628
0.687327
0.271537
0.316815
0.893473
0.927660
0.000899
0.005074
0.844427
0.931861
0.735452
0.095402
0.579111
0.131126
0.798628
0.006582
0.850410
0.992087
0.324637
0.792018
0.738965
0.269234
0.204983
0.847430
0.888271
0.500602
0.893473
0.057612
0.208721
0.314238
0.504000
0.241678
0.181146
0.672898
0.210611
0.680119
0.361476
0.575545
0.446101
0.177817
0.462288
0.634900
0.564883
0.003646
0.016645
0.745964
0.029248
0.239571
0.155168
0.510824
0.204983
0.024843
0.181146
0.083977
0.131126
0.564883
0.403969
0.929777
0.243799
0.738965
0.561341
0.959917
0.204983
0.400944
0.680119
0.410059
0.510824
0.306595
0.958352
0.000384
0.514251
0.079761
0.571985
0.801909
0.929777
0.792018
0.208721
0.112582
0.449314
0.735452
0.243799
0.955120
0.152243
0.449314
0.992641
0.798628
0.028922
0.005326
0.510824
0.233336
0.182830
0.410059
0.237478
0.634900
0.687327
0.048788
0.801909
0.847430
0.805174
0.575545
0.844427
0.040331
0.465562
0.314238
0.278535
0.029577
0.155168
0.132408
0.187959
0.568431
0.795331
0.068588
0.882958
0.306595
0.019446
0.034375
0.745964
0.181146
0.627665
0.058229
0.098342
0.117134
0.841402
0.112582
0.841402
0.153700
0.510824
0.745964
0.462288
0.687327
0.620436
0.958352
0.742470
0.888271
0.795331
0.243799
0.204983
0.358656
0.309128
0.269234
0.465562
0.683725
0.131126
0.276187
0.182830
0.403969
0.353059
0.893473
0.182830
0.455777
0.694521
0.128593
0.510824
0.631282
0.407007
0.131126
0.237478
0.135005
0.890886
0.097353
0.798628
0.571985
0.795331
0.000130
0.992087
0.638520
0.309128
0.452540
0.510824
0.959917
0.208721
0.210611
0.465562
0.694521
0.510824
0.521132
0.465562
0.314238
0.407007
0.841402
0.627665
0.888271
0.958352
0.097353
0.129854
0.890886
0.314238
0.731930
0.801909
0.182830
0.314238
0.324637
0.564883
0.735452
0.276187
0.184527
0.316815
0.627665
0.459027
0.152243
0.370024
0.683725
0.000379
0.184527
0.410059
0.507407
0.452540
0.687327
0.081424
0.009314
0.314238
0.882958
0.311675
0.028922
0.997784
0.683725
0.449314
0.517687
0.158140
0.745964
0.890886
0.136319
0.455777
0.019897
0.243799
0.276187
0.358656
0.290493
0.507407
0.844427
0.631282
0.465562
0.179475
0.403969
0.133701
0.013902
0.624049
0.135005
0.624049
0.925511
0.129854
0.735452
0.041677
0.850410
0.927660
0.792018
0.455777
0.742470
0.311675
0.738965
0.680119
0.314238
0.680119
0.925511
0.752924
0.847430
0.394936
0.243799
0.742470
0.002423
0.208721
0.403969
0.465562
0.927660
0.978800
0.080588
0.927660
0.288072
0.010801
0.579111
0.896031
0.009204
0.181146
0.081424
0.177817
0.459027
0.355850
0.153700
0.795331
0.959917
0.153700
0.801909
0.579111
0.465562
0.850410
0.355850
0.400944
0.896031
0.322015
0.013267
0.004410
0.280897
0.850410
0.853368
0.561341
0.841402
0.931861
0.885628
0.455777
0.041677
0.959917
0.956753
0.210611
0.403969
0.959917
0.316815
0.958352
0.631282
0.844427
0.206845
0.500602
0.462288
0.738965
0.634900
0.616824
0.095402
0.795331
0.510824
0.735452
0.844427
0.132408
0.571985
0.078940
0.468846
0.680119
0.316815
0.353059
0.801909
0.838356
0.788689
0.524585
0.468846
0.152243
0.280897
0.507407
0.410059
0.329925
0.620436
0.638520
0.452540
0.690926
0.798628
0.465562
0.676510
0.847430
0.838356
0.792018
0.850410
0.273855
0.004199
0.749449
0.397933
0.024843
0.309128
0.890886
0.925511
0.888271
0.239571
0.158140
0.449314
0.276187
0.958352
0.028922
0.400944
0.795331
0.850410
0.468846
0.514251
0.927660
0.067163
0.680119
0.634900
0.407007
0.361476
0.459027
0.459027
0.991508
0.028600
0.735452
0.690926
0.561341
0.992087
0.241678
0.370024
0.838356
0.568431
0.885628
0.176171
0.000010
0.847430
0.413125
0.571985
0.738965
0.283274
0.564883
0.179475
0.184527
0.888271
0.690926
0.316815
0.271537
0.210611
0.285665
0.959917
0.155168
0.507407
0.135005
0.683725
0.956753
0.838356
0.561341
0.271537
0.155168
0.844427
0.838356
0.006197
0.735452
0.413125
0.745964
0.080588
0.745964
0.241678
0.978800
0.742470
0.455777
0.009314
0.011868
0.006426
0.687327
0.634900
0.465562
0.241678
0.035145
0.319408
0.929777
0.235400
0.355850
0.890886
0.361476
0.129854
0.749449
0.280897
0.788689
0.961448
0.364311
0.683725
0.956753
0.564883
0.156648
0.893473
0.210611
0.745964
0.135005
0.687327
0.795331
0.235400
0.634900
0.896031
0.129854
0.068588
0.992087
0.687327
0.361476
0.407007
0.322015
0.929777
0.507407
0.243799
0.350283
0.521132
0.893473
0.367160
0.690926
0.111468
0.990901
0.735452
0.925511
0.517687
0.083977
0.273855
0.465562
0.568431
0.524585
0.129854
0.159644
0.616824
0.400944
0.048788
0.850410
0.571985
0.795331
0.579111
0.314238
0.243799
0.040775
0.850410
0.680119
0.462288
0.058852
0.311675
0.174538
0.738965
0.841402
0.798628
0.687327
0.850410
0.397933
0.959917
0.631282
0.403969
0.687327
0.752924
0.459027
0.235400
0.850410
0.497214
0.276187
0.959917
0.358656
0.314238
0.958352
0.266945
0.798628
0.083118
0.792018
0.459027
0.035145
0.738965
0.728400
0.631282
0.728400
0.254621
0.690926
0.361476
0.792018
0.992087
0.929777
0.841402
0.361476
0.893473
0.521132
0.792018
0.113705
0.888271
0.177817
0.066461
0.749449
0.111468
0.571985
0.407007
0.452540
0.979845
0.155168
0.680119
0.801909
0.243799
0.999865
0.890886
0.514251
0.455777
0.571985
0.410059
0.214431
0.082267
0.929777
0.687327
0.795331
0.311675
0.109269
0.057002
0.575545
0.745964
0.687327
0.571985
0.624049
0.186237
0.269234
0.680119
0.571985
0.367160
0.893473
0.568431
0.933913
0.510824
0.407007
0.958352
0.792018
0.416203
0.683725
0.979845
0.620436
0.067872
0.070776
0.841402
0.616824
0.237478
0.355850
0.311675
0.958352
0.465562
0.627665
0.459027
0.738965
0.634900
0.931861
0.785346
0.510824
0.132408
0.153700
0.958352
0.579111
0.000196
0.416203
0.838356
0.024287
0.416203
0.019897
0.624049
0.579111
0.683725
0.749449
0.959917
0.152243
0.680119
0.097353
0.896031
0.237478
0.634900
0.514251
0.517687
0.316815
0.184527
0.004251
0.690926
0.020126
0.568431
0.276187
0.159644
0.181146
0.007835
0.182830
0.005524
0.016839
0.004251
0.416203
0.514251
0.680119
0.273855
0.745964
0.324637
0.579111
0.795331
0.016839
0.327274
0.067872
0.925511
0.019670
0.575545
0.113705
0.136319
0.001947
0.923330
0.795331
0.991508
0.237478
0.579111
0.011592
0.749449
0.690926
0.571985
0.634900
0.446101
0.311675
0.805174
0.801909
0.206845
0.186237
0.177817
0.452540
0.885628
0.235400
0.579111
0.687327
0.795331
0.283274
0.624049
0.181146
0.838356
0.557805
0.311675
0.057612
0.956753
0.083977
0.745964
0.510824
0.959917
0.624049
0.927660
0.361476
0.582682
0.931861
0.795331
0.745964
0.847430
0.958352
0.956753
0.672898
0.893473
0.058852
0.155168
0.129854
0.745964
0.131126
0.500602
0.455777
0.631282
0.370024
0.049853
0.979845
0.561341
0.742470
0.687327
0.627665
0.009204
0.210611
0.375793
0.620436
0.245934
0.564883
0.795331
0.575545
0.355850
0.212514
0.152243
0.011190
0.624049
0.676510
0.680119
0.687327
0.069310
0.676510
0.853368
0.314238
0.156648
0.510824
0.416203
0.888271
0.407007
0.521132
0.847430
0.131126
0.927660
0.410059
0.847430
0.896031
0.397933
0.510824
0.890886
0.214431
0.358656
0.367160
0.517687
0.745964
0.455777
0.676510
0.978800
0.024287
0.838356
0.510824
0.243799
0.568431
0.233336
0.203134
0.361476
0.016454
0.137645
0.407007
0.798628
0.319408
0.108185
0.844427
0.136319
0.690926
0.047745
0.459027
0.521132
0.016454
0.041677
0.278535
0.561341
0.956753
0.992087
0.468846
0.672898
0.248084
0.841402
0.738965
0.631282
0.627665
0.631282
0.631282
0.690926
0.680119
0.798628
0.742470
0.133701
0.923330
0.407007
0.413125
0.564883
0.795331
0.687327
0.468846
0.459027
0.888271
0.514251
0.129854
0.561341
0.844427
0.798628
0.893473
0.407007
0.798628
0.521132
0.472143
0.847430
0.990901
0.403969
0.459027
0.410059
0.314238
0.953453
0.410059
0.210611
0.683725
0.129854
0.745964
0.112582
0.690926
0.627665
0.042135
0.676510
0.959917
0.243799
0.082267
0.462288
0.955120
0.745964
0.304077
0.034375
0.153700
0.742470
0.579111
0.273855
0.280897
0.003386
0.847430
0.979845
0.680119
0.182830
0.847430
0.510824
0.888271
0.311675
0.400944
0.353059
0.568431
0.319408
0.568431
0.638520
0.896031
0.136319
0.316815
0.324637
0.462288
0.728400
0.049853
0.285665
0.394936
0.847430
0.011058
0.795331
0.844427
0.571985
0.216362
0.956753
0.203134
0.400944
0.624049
0.571985
0.096373
0.638520
0.459027
0.694521
0.564883
0.212514
0.841402
0.131126
0.042597
0.896031
0.850410
0.273855
0.687327
0.634900
0.680119
0.929777
0.239571
0.631282
0.514251
0.510824
0.322015
0.853368
0.575545
0.631282
0.742470
0.579111
0.959917
0.925511
0.896031
0.397933
0.465562
0.455777
0.676510
0.066461
0.099339
0.049318
0.631282
0.561341
0.269234
0.925511
0.271537
0.237478
0.278535
0.095402
0.400944
0.579111
0.001042
0.314238
0.319408
0.094440
0.208721
0.353059
0.079761
0.631282
0.687327
0.931861
0.082267
0.676510
0.152243
0.114838
0.627665
0.844427
0.410059
0.006049
0.798628
0.358656
0.801909
0.735452
0.109269
0.958352
0.311675
0.329925
0.798628
0.929777
0.958352
0.980857
0.571985
0.521132
0.028600
0.208721
0.561341
0.683725
0.896031
0.521132
0.979845
0.927660
0.278535
0.271537
0.000125
0.742470
0.571985
0.634900
0.276187
0.631282
0.237478
0.059480
0.135005
0.785346
0.927660
0.844427
0.792018
0.925511
0.015708
0.742470
0.564883
0.410059
0.798628
0.278535
0.738965
0.410059
0.078128
0.888271
0.419295
0.403969
0.243799
0.571985
0.080588
0.285665
0.742470
0.112582
0.459027
0.575545
0.798628
0.311675
0.319408
0.735452
0.019224
0.927660
0.048788
0.885628
0.788689
0.687327
0.627665
0.517687
0.212514
0.850410
0.093486
0.370024
0.931861
0.028922
0.613216
0.322015
0.690926
0.620436
0.844427
0.397933
0.735452
0.795331
0.468846
0.177817
0.742470
0.161160
0.564883
0.687327
0.735452
0.314238
0.241678
0.844427
0.100345
0.276187
0.002974
0.958352
0.634900
0.280897
0.795331
0.738965
0.735452
0.050393
0.631282
0.208721
0.002393
0.093486
0.624049
0.403969
0.792018
0.627665
0.844427
0.929777
0.233336
0.571985
0.627665
0.514251
0.557805
0.280897
0.850410
0.992641
0.358656
0.896031
0.620436
0.040331
0.620436
0.795331
0.156648
0.805174
0.624049
0.745964
0.795331
0.276187
0.687327
0.153700
0.979845
0.070040
0.500602
0.885628
0.557805
0.016839
0.266945
0.311675
0.517687
0.798628
0.159644
0.285665
0.888271
0.245934
0.885628
0.841402
0.683725
0.057612
0.690926
0.040775
0.517687
0.521132
0.795331
0.959917
0.927660
0.571985
0.959917
0.792018
0.082267
0.882958
0.507407
0.978800
0.738965
0.850410
0.182830
0.798628
0.893473
0.241678
0.136319
0.624049
0.620436
0.956753
0.929777
0.176171
0.579111
0.397933
0.156648
0.455777
0.683725
0.627665
0.978800
0.184527
0.801909
0.890886
0.579111
0.631282
0.521132
0.002423
0.798628
0.627665
0.155168
0.795331
0.631282
0.152243
0.749449
0.465562
0.400944
0.798628
0.311675
0.742470
0.510824
0.844427
0.155168
0.631282
0.452540
0.927660
0.885628
0.959917
0.631282
0.568431
0.749449
0.419295
0.890886
0.041224
0.367160
0.927660
0.896031
0.040331
0.890886
0.631282
0.278535
0.269234
0.419295
0.680119
0.742470
0.896031
0.316815
0.235400
0.358656
0.283274
0.801909
0.214431
0.397933
0.961448
0.033621
0.690926
0.801909
0.278535
0.564883
0.028600
0.419295
0.455777
0.113705
0.627665
0.929777
0.568431
0.023743
0.358656
0.452540
0.358656
0.568431
0.155168
0.683725
0.521132
0.462288
0.571985
0.361476
0.841402
0.624049
0.243799
0.847430
0.798628
0.841402
0.316815
0.890886
0.510824
0.634900
0.048788
0.893473
0.129854
0.212514
0.358656
0.627665
0.752924
0.465562
0.788689
0.687327
0.738965
0.749449
0.923330
0.019670
0.239571
0.093486
0.631282
0.000089
0.504000
0.243799
0.132408
0.133701
0.278535
0.687327
0.977723
0.361476
0.514251
0.177817
0.929777
0.571985
0.316815
0.394936
0.801909
0.958352
0.002393
0.844427
0.314238
0.058229
0.152243
0.792018
0.507407
0.309128
0.959917
0.634900
0.082267
0.280897
0.243799
0.978800
0.638520
0.571985
0.792018
0.241678
0.844427
0.792018
0.078940
0.959917
0.465562
0.407007
0.003691
0.847430
0.521132
0.927660
0.575545
0.798628
0.355850
0.459027
0.066461
0.738965
0.735452
0.929777
0.403969
0.958352
0.159644
0.027652
0.283274
0.410059
0.462288
0.316815
0.956753
0.158140
0.468846
0.152243
0.290493
0.153700
0.890886
0.397933
0.959917
0.162688
0.568431
0.081424
0.019897
0.058852
0.557805
0.929777
0.239571
0.888271
0.933913
0.564883
0.801909
0.557805
0.680119
0.040331
0.058852
0.245934
0.322015
0.735452
0.152243
0.992087
0.801909
0.449314
0.235400
0.316815
0.158140
0.956753
0.452540
0.271537
0.575545
0.057612
0.631282
0.841402
0.850410
0.028280
0.847430
0.959917
0.687327
0.153700
0.083118
0.571985
0.319408
0.521132
0.241678
0.410059
0.459027
0.847430
0.676510
0.024013
0.353059
0.082267
0.627665
0.792018
0.019224
0.082267
0.407007
0.355850
0.613216
0.676510
0.083977
0.000162
0.554276
0.069310
0.459027
0.745964
0.364311
0.517687
0.554276
0.676510
0.847430
0.403969
0.564883
0.239571
0.627665
0.112582
0.798628
0.176171
0.514251
0.361476
0.322015
0.745964
0.631282
0.280897
0.742470
0.844427
0.680119
0.110364
0.564883
0.931861
0.579111
0.358656
0.977723
0.208721
0.446101
0.687327
0.735452
0.798628
0.241678
0.452540
0.844427
0.155168
0.283274
0.156648
0.634900
0.182830
0.517687
0.319408
0.016454
0.367160
0.239571
0.890886
0.462288
0.992087
0.749449
0.927660
0.564883
0.364311
0.992087
0.459027
0.795331
0.355850
0.676510
0.510824
0.407007
0.239571
0.204983
0.638520
0.361476
0.058229
0.112582
0.181146
0.929777
0.624049
0.927660
0.266945
0.131126
0.634900
0.029248
0.278535
0.564883
0.504000
0.455777
0.683725
0.311675
0.575545
0.358656
0.288072
0.792018
0.208721
0.098342
0.561341
0.455777
0.979845
0.683725
0.155168
0.624049
0.616824
0.620436
0.422401
0.097353
0.510824
0.459027
0.745964
0.958352
0.131126
0.011457
0.278535
0.327274
0.850410
0.459027
0.616824
0.798628
0.561341
0.735452
0.510824
0.367160
0.459027
0.694521
0.801909
0.002334
0.455777
0.735452
0.028600
0.507407
0.847430
0.847430
0.798628
0.400944
0.177817
0.571985
0.403969
0.273855
0.182830
0.885628
0.355850
0.455777
0.208721
0.801909
0.067872
0.575545
0.575545
0.627665
0.500602
0.890886
0.322015
0.735452
0.801909
0.048788
0.745964
0.070040
0.203134
0.978800
0.687327
0.579111
0.627665
0.400944
0.135005
0.095402
0.149366
0.020829
0.801909
0.788689
0.210611
0.001623
0.082267
0.631282
0.624049
0.403969
0.017232
0.634900
0.959917
0.742470
0.798628
0.624049
0.847430
0.801909
0.082267
0.687327
0.093486
0.627665
0.112582
0.028922
0.358656
0.888271
0.177817
0.280897
0.624049
0.041677
0.956753
0.844427
0.306595
0.571985
0.462288
0.634900
0.749449
0.152243
0.694521
0.683725
0.094440
0.136319
0.364311
0.521132
0.364311
0.978800
0.561341
0.690926
0.788689
0.745964
0.847430
0.455777
0.929777
0.979845
0.927660
0.620436
0.613216
0.459027
0.979845
0.742470
0.269234
0.016454
0.462288
0.184527
0.929777
0.364311
0.156648
0.792018
0.745964
0.150799
0.847430
0.896031
0.237478
0.455777
0.927660
0.631282
0.561341
0.507407
0.850410
0.745964
0.276187
0.276187
0.311675
0.694521
0.788689
0.844427
0.016454
0.210611
0.322015
0.510824
0.016839
0.181146
0.397933
0.419295
0.745964
0.153700
0.929777
0.929777
0.237478
0.742470
0.749449
0.452540
0.634900
0.455777
0.627665
0.468846
0.311675
0.507407
0.153700
0.322015
0.731930
0.316815
0.735452
0.687327
0.459027
0.001543
0.462288
0.564883
0.738965
0.017034
0.112582
0.276187
0.564883
0.893473
0.847430
0.132408
0.459027
0.624049
0.465562
0.992087
0.978800
0.847430
0.788689
0.314238
0.462288
0.959917
0.624049
0.524585
0.627665
0.407007
0.978800
0.001317
0.316815
0.929777
0.452540
0.638520
0.853368
0.844427
0.564883
0.795331
0.847430
0.041224
0.273855
0.350283
0.206845
0.507407
0.841402
0.355850
0.977723
0.206845
0.135005
0.978800
0.020126
0.850410
0.853368
0.280897
0.931861
0.459027
0.280897
0.355850
0.896031
0.683725
0.462288
0.158140
0.449314
0.316815
0.049318
0.624049
0.114838
0.676510
0.923330
0.557805
0.694521
0.627665
0.070040
0.977723
0.510824
0.110364
0.155168
0.896031
0.850410
0.620436
0.847430
0.311675
0.738965
0.278535
0.925511
0.179475
0.893473
0.132408
0.355850
0.465562
0.683725
0.798628
0.057002
0.243799
0.203134
0.798628
0.631282
0.735452
0.273855
0.624049
0.929777
0.990901
0.931861
0.749449
0.683725
0.564883
0.521132
0.079761
0.243799
0.788689
0.792018
0.687327
0.040775
0.683725
0.367160
0.978800
0.690926
0.568431
0.514251
0.472143
0.510824
0.735452
0.788689
0.269234
0.631282
0.978800
0.634900
0.745964
0.738965
0.631282
0.003691
0.844427
0.624049
0.358656
0.000844
0.690926
0.624049
0.568431
0.638520
0.749449
0.742470
0.745964
0.355850
0.455777
0.462288
0.028280
0.568431
0.844427
0.114838
0.568431
0.233336
0.314238
0.561341
0.403969
0.627665
0.082267
0.564883
0.977723
0.624049
0.016839
0.893473
0.248084
0.245934
0.324637
0.097353
0.931861
0.083977
0.016264
0.557805
0.844427
0.961448
0.416203
0.624049
0.929777
0.110364
0.243799
0.206845
0.893473
0.462288
0.847430
0.792018
0.579111
0.455777
0.524585
0.888271
0.150799
0.239571
0.278535
0.571985
0.080588
0.738965
0.680119
0.929777
0.137645
0.416203
0.394936
0.241678
0.735452
0.742470
0.801909
0.624049
0.507407
0.742470
0.028922
0.958352
0.613216
0.241678
0.033621
0.792018
0.517687
0.276187
0.048788
0.683725
0.132408
0.355850
0.465562
0.035145
0.311675
0.885628
0.350283
0.316815
0.742470
0.459027
0.792018
0.627665
0.568431
0.504000
0.844427
0.742470
0.844427
0.504000
0.997784
0.004410
0.158140
0.680119
0.248084
0.319408
0.672898
0.465562
0.278535
0.893473
0.216362
0.568431
0.058852
0.201299
0.638520
0.413125
0.112582
0.680119
0.311675
0.068588
0.980857
0.462288
0.627665
0.201299
0.504000
0.067872
0.419295
0.890886
0.504000
0.694521
0.571985
0.955120
0.462288
0.893473
0.927660
0.841402
0.627665
0.568431
0.153700
0.627665
0.361476
0.048788
0.311675
0.016839
0.452540
0.156648
0.792018
0.095402
0.927660
0.991508
0.925511
0.844427
0.958352
0.624049
0.314238
0.316815
0.096373
0.958352
0.083977
0.016264
0.449314
0.042135
0.057002
0.407007
0.419295
0.210611
0.958352
0.631282
0.844427
0.156648
0.034375
0.413125
0.792018
0.564883
0.135005
0.058229
0.316815
0.680119
