0.170720
0.887985
0.247204
0.887985
0.828816
0.828816
0.761326
0.688952
0.828816
0.887985
0.015591
0.761326
0.247204
0.887985
0.828816
0.170720
0.688952
0.024931
0.761326
0.170720
0.001665
0.828816
0.828816
0.005900
0.140535
0.828816
0.887985
0.761326
0.170720
0.761326
0.206120
0.206120
0.828816
0.247204
0.828816
0.828816
0.887985
0.206120
0.093668
0.828816
0.935674
0.170720
0.887985
0.005900
0.935674
0.935674
0.828816
0.828816
0.761326
0.614916
0.761326
0.761326
0.170720
0.170720
0.828816
0.935674
0.206120
0.247204
0.887985
0.828816
0.828816
0.688952
0.828816
0.541952
0.761326
0.247204
0.887985
0.170720
0.828816
0.206120
0.935674
0.000449
0.688952
0.761326
0.170720
0.887985
0.828816
0.828816
0.828816
0.761326
0.247204
0.031378
0.170720
0.206120
0.024931
0.140535
0.761326
0.887985
0.247204
0.170720
0.935674
0.294328
0.887985
0.688952
0.828816
0.039357
0.170720
0.688952
0.761326
0.887985
0.828816
0.828816
0.761326
0.828816
0.887985
0.828816
0.206120
0.688952
0.761326
0.024931
0.688952
0.024931
0.247204
0.206120
0.828816
0.247204
0.828816
0.828816
0.206120
0.688952
0.828816
0.688952
0.828816
0.887985
0.887985
0.761326
0.887985
0.614916
0.024931
0.247204
0.688952
0.935674
0.002778
0.887985
0.828816
0.887985
0.247204
0.140535
0.761326
0.828816
0.688952
0.761326
0.688952
0.206120
0.761326
0.828816
0.688952
0.761326
0.170720
0.247204
0.247204
0.206120
0.828816
0.828816
0.828816
0.000007
0.761326
0.828816
0.206120
0.294328
0.828816
0.688952
0.828816
0.000007
0.761326
0.828816
0.887985
0.039357
0.828816
0.206120
0.004599
0.828816
0.887985
0.761326
0.000263
0.887985
0.761326
0.005900
0.206120
0.000344
0.206120
0.828816
0.541952
0.935674
0.761326
0.828816
0.140535
0.206120
0.887985
0.206120
0.688952
0.935674
0.828816
0.935674
0.761326
0.828816
0.247204
0.206120
0.761326
0.247204
0.247204
0.170720
0.002153
0.247204
0.688952
0.887985
0.614916
0.887985
0.887985
0.828816
0.688952
0.015591
0.828816
0.828816
0.206120
0.004599
0.247204
0.887985
0.935674
0.828816
0.247204
0.828816
0.170720
0.170720
0.887985
0.761326
0.000004
0.170720
0.247204
0.828816
0.247204
0.761326
0.688952
0.828816
0.828816
0.935674
0.828816
0.206120
0.887985
0.761326
0.206120
0.828816
0.688952
0.828816
0.887985
0.003578
0.170720
0.001665
0.828816
0.828816
0.206120
0.761326
0.000000
0.887985
0.828816
0.828816
0.887985
0.761326
0.688952
0.828816
0.170720
0.761326
0.935674
0.206120
0.828816
0.761326
0.206120
0.935674
0.170720
0.828816
0.761326
0.761326
0.000003
0.887985
0.887985
0.761326
0.887985
0.828816
0.828816
0.170720
0.000344
0.761326
0.828816
0.688952
0.887985
0.688952
0.761326
0.761326
0.247204
0.935674
0.828816
0.828816
0.206120
0.828816
0.031378
0.828816
0.887985
0.935674
0.887985
0.247204
0.294328
0.828816
0.828816
0.761326
0.115033
0.828816
0.828816
0.935674
0.828816
0.206120
0.031378
0.761326
0.140535
0.206120
0.887985
0.935674
0.828816
0.019745
0.828816
0.206120
0.761326
0.005900
0.828816
0.019745
0.828816
0.761326
0.828816
0.887985
0.247204
0.294328
0.005900
0.688952
0.887985
0.614916
0.935674
0.001665
0.887985
0.828816
0.005900
0.761326
0.887985
0.828816
0.247204
0.887985
0.170720
0.761326
0.140535
0.761326
0.614916
0.761326
0.761326
0.828816
0.170720
0.688952
0.247204
0.170720
0.761326
0.761326
0.614916
0.887985
0.828816
0.140535
0.828816
0.828816
0.935674
0.247204
0.761326
0.761326
0.170720
0.247204
0.828816
0.761326
0.828816
0.170720
0.294328
0.247204
0.247204
0.828816
0.935674
0.828816
0.688952
0.206120
0.170720
0.206120
0.170720
0.294328
0.887985
0.170720
0.000006
0.828816
0.206120
0.005900
0.887985
0.170720
0.688952
0.761326
0.761326
0.887985
0.206120
0.170720
0.003578
0.887985
0.828816
0.887985
0.935674
0.761326
0.206120
0.828816
0.761326
0.206120
0.887985
0.004599
0.039357
0.115033
0.294328
0.828816
0.828816
0.140535
0.935674
0.115033
0.761326
0.761326
0.887985
0.828816
0.614916
0.828816
0.887985
0.019745
0.828816
0.828816
0.887985
0.170720
0.828816
0.828816
0.828816
0.688952
0.828816
0.828816
0.294328
0.761326
0.887985
0.935674
0.688952
0.247204
0.761326
0.828816
0.031378
0.935674
0.015591
0.206120
0.688952
0.828816
0.247204
0.170720
0.828816
0.140535
0.247204
0.761326
0.828816
0.935674
0.007550
0.828816
0.247204
0.761326
0.828816
0.887985
0.541952
0.828816
0.761326
0.935674
0.761326
0.887985
0.761326
0.688952
0.688952
0.887985
0.614916
0.828816
0.828816
0.247204
0.761326
0.206120
0.170720
0.935674
0.761326
0.170720
0.170720
0.247204
0.761326
0.828816
0.887985
0.828816
0.688952
0.688952
0.247204
0.761326
0.887985
0.761326
0.247204
0.614916
0.170720
0.688952
0.761326
0.761326
0.247204
0.828816
0.206120
0.170720
0.887985
0.828816
0.688952
0.206120
0.761326
0.761326
0.887985
0.935674
0.206120
0.761326
0.761326
0.688952
0.003578
0.828816
0.247204
0.688952
0.761326
0.887985
0.828816
0.614916
0.828816
0.828816
0.206120
0.828816
0.170720
0.614916
0.761326
0.206120
0.828816
0.828816
0.828816
0.828816
0.761326
0.031378
0.887985
0.170720
0.828816
0.003578
0.688952
0.206120
0.828816
0.828816
0.206120
0.828816
0.247204
0.247204
0.828816
0.761326
0.206120
0.828816
0.828816
0.206120
0.688952
0.935674
0.887985
0.935674
0.761326
0.828816
0.007550
0.688952
0.206120
0.828816
0.000449
0.247204
0.688952
0.828816
0.887985
0.140535
0.828816
0.294328
0.247204
0.247204
0.206120
0.887985
0.761326
0.688952
0.761326
0.761326
0.206120
0.005900
0.688952
0.170720
0.887985
0.761326
0.140535
0.115033
0.761326
0.115033
0.294328
0.761326
0.140535
0.206120
0.828816
0.887985
0.761326
0.039357
0.828816
0.039357
0.170720
0.688952
0.828816
0.247204
0.935674
0.887985
0.887985
0.828816
0.039357
0.170720
0.761326
0.828816
0.247204
0.828816
0.828816
0.247204
0.887985
0.887985
0.828816
0.828816
0.828816
0.887985
0.828816
0.294328
0.828816
0.935674
0.247204
0.206120
0.761326
0.688952
0.828816
0.614916
0.828816
0.000263
0.761326
0.828816
0.170720
0.761326
0.828816
0.761326
0.887985
0.887985
0.828816
0.761326
0.688952
0.828816
0.828816
0.206120
0.828816
0.247204
0.935674
0.935674
0.170720
0.828816
0.761326
0.206120
0.206120
0.828816
0.828816
0.887985
0.140535
0.935674
0.000449
0.828816
0.828816
0.828816
0.828816
0.935674
0.761326
0.206120
0.828816
0.170720
0.541952
0.140535
0.761326
0.761326
0.887985
0.887985
0.170720
0.887985
0.828816
0.828816
0.115033
0.887985
0.761326
0.935674
0.935674
0.828816
0.247204
0.761326
0.935674
0.140535
0.761326
0.935674
0.005900
0.828816
0.170720
0.761326
0.614916
0.031378
0.247204
0.761326
0.935674
0.688952
0.206120
0.828816
0.935674
0.828816
0.828816
0.688952
0.887985
0.614916
0.828816
0.761326
0.170720
0.761326
0.887985
0.688952
0.935674
0.887985
0.000449
0.206120
0.761326
0.206120
0.761326
0.828816
0.935674
0.688952
0.688952
0.828816
0.887985
0.206120
0.887985
0.887985
0.140535
0.206120
0.761326
0.614916
0.761326
0.828816
0.247204
0.247204
0.688952
0.828816
0.887985
0.887985
0.170720
0.004599
0.828816
0.761326
0.247204
0.761326
0.935674
0.887985
0.935674
0.761326
0.761326
0.206120
0.688952
0.828816
0.828816
0.887985
0.761326
0.761326
0.828816
0.004599
0.887985
0.761326
0.031378
0.761326
0.247204
0.039357
0.688952
0.761326
0.935674
0.247204
0.031378
0.688952
0.170720
0.000004
0.761326
0.935674
0.294328
0.761326
0.828816
0.170720
0.887985
0.887985
0.170720
0.039357
0.206120
0.761326
0.294328
0.614916
0.005900
0.828816
0.206120
0.688952
0.828816
0.935674
0.828816
0.614916
0.206120
0.688952
0.170720
0.887985
0.247204
0.206120
0.140535
0.294328
0.935674
0.828816
0.887985
0.828816
0.688952
0.887985
0.828816
0.828816
0.761326
0.761326
0.688952
0.247204
0.247204
0.294328
0.206120
0.024931
0.828816
0.887985
0.247204
0.887985
0.031378
0.688952
0.761326
0.004599
0.887985
0.887985
0.935674
0.206120
0.761326
0.140535
0.688952
0.887985
0.828816
0.206120
0.688952
0.828816
0.247204
0.024931
0.761326
0.935674
0.828816
0.828816
0.170720
0.828816
0.206120
0.828816
0.887985
0.761326
0.828816
0.170720
0.828816
0.688952
0.294328
0.761326
0.031378
0.935674
0.170720
0.828816
0.828816
0.614916
0.206120
0.206120
0.140535
0.828816
0.614916
0.828816
0.247204
0.140535
0.688952
0.031378
0.688952
0.206120
0.140535
0.031378
0.828816
0.005900
0.247204
0.206120
0.294328
0.007550
0.761326
0.887985
0.887985
0.031378
0.247204
0.247204
0.206120
0.887985
0.761326
0.206120
0.828816
0.206120
0.887985
0.828816
0.761326
0.828816
0.935674
0.688952
0.206120
0.206120
0.206120
0.935674
0.247204
0.007550
0.688952
0.688952
0.887985
0.247204
0.887985
0.935674
0.000449
0.688952
0.206120
0.828816
0.206120
0.828816
0.170720
0.247204
0.828816
0.935674
0.887985
0.935674
0.828816
0.887985
0.828816
0.294328
0.828816
0.761326
0.828816
0.828816
0.887985
0.761326
0.887985
0.206120
0.761326
0.170720
0.294328
0.828816
0.614916
0.828816
0.761326
0.887985
0.031378
0.761326
0.887985
0.761326
0.170720
0.828816
0.170720
0.935674
0.828816
0.935674
0.294328
0.688952
0.170720
0.688952
0.828816
0.828816
0.294328
0.828816
0.294328
0.170720
0.828816
0.887985
0.761326
0.828816
0.828816
0.206120
0.247204
0.294328
0.247204
0.761326
0.294328
0.024931
0.031378
0.887985
0.688952
0.614916
0.039357
0.761326
0.761326
0.887985
0.170720
0.247204
0.887985
0.115033
0.761326
0.761326
0.828816
0.828816
0.761326
0.761326
0.206120
0.935674
0.828816
0.828816
0.031378
0.247204
0.828816
0.828816
0.247204
0.039357
0.688952
0.828816
0.004599
0.294328
0.761326
0.019745
0.887985
0.828816
0.828816
0.294328
0.688952
0.828816
0.828816
0.761326
0.688952
0.761326
0.761326
0.761326
0.887985
0.761326
0.024931
0.887985
0.140535
0.294328
0.761326
0.828816
0.761326
0.170720
0.170720
0.761326
0.000263
0.887985
0.247204
0.828816
0.828816
0.294328
0.828816
0.828816
0.688952
0.887985
0.206120
0.170720
0.688952
0.887985
0.761326
0.247204
0.688952
0.688952
0.761326
0.688952
0.887985
0.935674
0.206120
0.247204
0.614916
0.828816
0.828816
0.247204
0.887985
0.761326
0.000201
0.614916
0.247204
0.541952
0.761326
0.247204
0.935674
0.761326
0.761326
0.761326
0.170720
0.614916
0.828816
0.887985
0.206120
0.887985
0.541952
0.887985
0.140535
0.828816
0.887985
0.761326
0.206120
0.828816
0.887985
0.828816
0.761326
0.003578
0.761326
0.247204
0.935674
0.206120
0.887985
0.688952
0.170720
0.000449
0.761326
0.688952
0.003578
0.031378
0.828816
0.206120
0.614916
0.828816
0.887985
0.828816
0.024931
0.005900
0.828816
0.688952
0.761326
0.688952
0.206120
0.024931
0.688952
0.761326
0.828816
0.887985
0.170720
0.115033
0.761326
0.031378
0.614916
0.688952
0.294328
0.206120
0.887985
0.170720
0.887985
0.887985
0.614916
0.294328
0.828816
0.828816
0.828816
0.247204
0.614916
0.935674
0.828816
0.247204
0.140535
0.887985
0.688952
0.247204
0.828816
0.614916
0.935674
0.828816
0.828816
0.887985
0.206120
0.761326
0.688952
0.247204
0.828816
0.206120
0.887985
0.761326
0.003578
0.761326
0.828816
0.935674
0.005900
0.761326
0.247204
0.206120
