0.761326
0.247204
0.935674
0.761326
0.887985
0.887985
0.887985
0.828816
0.887985
0.828816
0.140535
0.761326
0.761326
0.887985
0.247204
0.828816
0.935674
0.935674
0.000006
0.935674
0.170720
0.887985
0.000000
0.761326
0.688952
0.828816
0.887985
0.688952
0.761326
0.294328
0.828816
0.007550
0.887985
0.887985
0.761326
0.170720
0.935674
0.935674
0.000449
0.247204
0.828816
0.170720
0.247204
0.761326
0.828816
0.247204
0.828816
0.688952
0.024931
0.688952
0.247204
0.935674
0.140535
0.935674
0.004599
0.887985
0.206120
0.828816
0.761326
0.828816
0.828816
0.828816
0.935674
0.206120
0.828816
0.206120
0.828816
0.206120
0.170720
0.887985
0.761326
0.019745
0.140535
0.887985
0.761326
0.887985
0.761326
0.887985
0.761326
0.004599
0.761326
0.039357
0.688952
0.761326
0.206120
0.170720
0.247204
0.761326
0.170720
0.828816
0.761326
0.007550
0.887985
0.039357
0.887985
0.019745
0.294328
0.688952
0.887985
0.935674
0.828816
0.170720
0.688952
0.247204
0.828816
0.688952
0.887985
0.170720
0.828816
0.761326
0.206120
0.294328
0.024931
0.688952
0.828816
0.887985
0.024931
0.828816
0.935674
0.828816
0.828816
0.140535
0.206120
0.887985
0.887985
0.935674
0.206120
0.761326
0.247204
0.761326
0.761326
0.031378
0.935674
0.828816
0.206120
0.828816
0.887985
0.887985
0.115033
0.140535
0.828816
0.828816
0.828816
0.140535
0.170720
0.828816
0.688952
0.887985
0.614916
0.140535
0.887985
0.828816
0.031378
0.828816
0.004599
0.294328
0.688952
0.140535
0.004599
0.828816
0.887985
0.170720
0.828816
0.247204
0.247204
0.828816
0.614916
0.247204
0.115033
0.004599
0.887985
0.828816
0.688952
0.206120
0.761326
0.294328
0.247204
0.247204
0.761326
0.206120
0.761326
0.887985
0.761326
0.828816
0.887985
0.887985
0.002778
0.761326
0.828816
0.007550
0.935674
0.887985
0.247204
0.170720
0.031378
0.761326
0.614916
0.935674
0.887985
0.828816
0.031378
0.247204
0.828816
0.206120
0.887985
0.007550
0.761326
0.688952
0.761326
0.761326
0.761326
0.115033
0.887985
0.247204
0.935674
0.828816
0.828816
0.828816
0.935674
0.170720
0.614916
0.887985
0.614916
0.688952
0.024931
0.024931
0.887985
0.828816
0.170720
0.247204
0.000586
0.887985
0.170720
0.761326
0.761326
0.688952
0.828816
0.828816
0.614916
0.828816
0.887985
0.887985
0.170720
0.170720
0.761326
0.828816
0.024931
0.247204
0.761326
0.206120
0.887985
0.019745
0.887985
0.294328
0.247204
0.828816
0.935674
0.541952
0.170720
0.828816
0.828816
0.039357
0.614916
0.887985
0.887985
0.688952
0.247204
0.206120
0.688952
0.170720
0.688952
0.140535
0.887985
0.294328
0.887985
0.206120
0.828816
0.761326
0.761326
0.828816
0.294328
0.170720
0.761326
0.887985
0.206120
0.206120
0.828816
0.887985
0.005900
0.761326
0.247204
0.294328
0.031378
0.614916
0.761326
0.887985
0.828816
0.887985
0.828816
0.828816
0.688952
0.887985
0.206120
0.828816
0.761326
0.935674
0.828816
0.761326
0.761326
0.170720
0.887985
0.935674
0.828816
0.247204
0.761326
0.828816
0.688952
0.887985
0.206120
0.761326
0.031378
0.206120
0.170720
0.828816
0.247204
0.247204
0.761326
0.828816
0.761326
0.761326
0.935674
0.688952
0.887985
0.761326
0.206120
0.887985
0.828816
0.761326
0.828816
0.828816
0.206120
0.294328
0.247204
0.887985
0.828816
0.206120
0.206120
0.887985
0.247204
0.761326
0.828816
0.206120
0.828816
0.761326
0.887985
0.688952
0.002778
0.828816
0.935674
0.828816
0.115033
0.828816
0.887985
0.828816
0.000022
0.761326
0.828816
0.247204
0.828816
0.828816
0.828816
0.761326
0.170720
0.170720
0.761326
0.828816
0.761326
0.688952
0.828816
0.024931
0.887985
0.002778
0.688952
0.761326
0.828816
0.247204
0.828816
0.828816
0.828816
0.828816
0.761326
0.614916
0.887985
0.170720
0.828816
0.247204
0.000201
0.140535
0.761326
0.935674
0.019745
0.170720
0.761326
0.828816
0.828816
0.887985
0.206120
0.140535
0.935674
0.247204
0.688952
0.247204
0.828816
0.688952
0.935674
0.761326
0.031378
0.170720
0.170720
0.247204
0.247204
0.761326
0.828816
0.828816
0.828816
0.828816
0.115033
0.005900
0.206120
0.761326
0.170720
0.887985
0.688952
0.828816
0.688952
0.206120
0.688952
0.688952
0.761326
0.206120
0.761326
0.887985
0.688952
0.828816
0.000017
0.031378
0.170720
0.002778
0.887985
0.828816
0.004599
0.614916
0.935674
0.887985
0.170720
0.140535
0.688952
0.247204
0.761326
0.012275
0.887985
0.170720
0.887985
0.206120
0.688952
0.887985
0.688952
0.887985
0.140535
0.000000
0.247204
0.887985
0.887985
0.002778
0.004599
0.887985
0.935674
0.761326
0.247204
0.828816
0.761326
0.828816
0.206120
0.887985
0.206120
0.828816
0.170720
0.887985
0.140535
0.761326
0.206120
0.206120
0.887985
0.247204
0.140535
0.140535
0.828816
0.206120
0.935674
0.761326
0.206120
0.887985
0.004599
0.887985
0.541952
0.206120
0.761326
0.206120
0.887985
0.887985
0.688952
0.614916
0.828816
0.206120
0.688952
0.688952
0.761326
0.002153
0.001665
0.247204
0.206120
0.024931
0.935674
0.887985
0.140535
0.828816
0.247204
0.688952
0.761326
0.294328
0.761326
0.828816
0.761326
0.887985
0.688952
0.828816
0.761326
0.887985
0.019745
0.688952
0.828816
0.294328
0.828816
0.206120
0.294328
0.614916
0.024931
0.828816
0.887985
0.935674
0.887985
0.761326
0.206120
0.031378
0.761326
0.247204
0.761326
0.828816
0.031378
0.247204
0.828816
0.206120
0.887985
0.247204
0.170720
0.688952
0.541952
0.935674
0.828816
0.761326
0.247204
0.688952
0.887985
0.761326
0.761326
0.170720
0.247204
0.003578
0.541952
0.887985
0.828816
0.828816
0.170720
0.170720
0.294328
0.761326
0.688952
0.024931
0.000449
0.688952
0.039357
0.002153
0.935674
0.935674
0.828816
0.887985
0.828816
0.828816
0.828816
0.887985
0.024931
0.887985
0.024931
0.828816
0.294328
0.887985
0.828816
0.294328
0.024931
0.761326
0.828816
0.887985
0.015591
0.887985
0.170720
0.247204
0.761326
0.935674
0.541952
0.761326
0.093668
0.828816
0.170720
0.935674
0.761326
0.000449
0.828816
0.828816
0.828816
0.828816
0.140535
0.887985
0.761326
0.002778
0.828816
0.828816
0.294328
0.688952
0.935674
0.761326
0.828816
0.206120
0.007550
0.828816
0.828816
0.000263
0.828816
0.170720
0.828816
0.024931
0.887985
0.828816
0.206120
0.761326
0.828816
0.000263
0.761326
0.935674
0.761326
0.015591
0.206120
0.828816
0.247204
0.935674
0.688952
0.206120
0.935674
0.688952
0.887985
0.761326
0.115033
0.828816
0.935674
0.688952
0.887985
0.000586
0.761326
0.170720
0.935674
0.828816
0.828816
0.206120
0.761326
0.614916
0.828816
0.828816
0.170720
0.024931
0.935674
0.206120
0.206120
0.828816
0.761326
0.828816
0.024931
0.828816
0.031378
0.828816
0.761326
0.170720
0.688952
0.761326
0.170720
0.828816
0.761326
0.294328
0.828816
0.828816
0.887985
0.761326
0.887985
0.206120
0.828816
0.761326
0.828816
0.887985
0.688952
0.031378
0.761326
0.935674
0.887985
0.828816
0.828816
0.247204
0.140535
0.761326
0.170720
0.828816
0.000017
0.170720
0.761326
0.761326
0.170720
0.828816
0.140535
0.828816
0.828816
0.140535
0.935674
0.206120
0.887985
0.206120
0.935674
0.140535
0.761326
0.935674
0.887985
0.247204
0.828816
0.828816
0.024931
0.935674
0.206120
0.828816
0.247204
0.170720
0.247204
0.170720
0.887985
0.935674
0.761326
0.887985
0.935674
0.761326
0.828816
0.206120
0.140535
0.761326
0.828816
0.170720
0.170720
0.206120
0.761326
0.887985
0.247204
0.294328
0.761326
0.541952
0.614916
0.887985
0.887985
0.761326
0.206120
0.828816
0.887985
0.140535
0.206120
0.761326
0.541952
0.761326
0.828816
0.761326
0.887985
0.019745
0.206120
0.828816
0.206120
0.761326
0.206120
0.828816
0.828816
0.761326
0.614916
0.761326
0.828816
0.828816
0.761326
0.828816
0.206120
0.887985
0.887985
0.828816
0.688952
0.761326
0.887985
0.614916
0.887985
0.247204
0.828816
0.935674
0.247204
0.206120
0.828816
0.887985
0.761326
0.294328
0.887985
0.206120
0.887985
0.828816
0.206120
0.887985
0.828816
0.828816
0.003578
0.294328
0.887985
0.887985
0.004599
0.761326
0.887985
0.887985
0.828816
0.170720
0.828816
0.828816
0.247204
0.828816
0.887985
0.614916
0.887985
0.828816
0.614916
0.828816
0.688952
0.761326
0.761326
0.140535
0.761326
0.000449
0.206120
0.761326
0.614916
0.887985
0.828816
0.688952
0.206120
0.140535
0.828816
0.688952
0.828816
0.828816
0.688952
0.887985
0.761326
0.206120
0.761326
0.614916
0.206120
0.935674
0.206120
0.761326
0.688952
0.828816
0.247204
0.688952
0.887985
0.761326
0.247204
0.828816
0.688952
0.688952
0.761326
0.688952
0.828816
0.828816
0.828816
0.688952
0.206120
0.000039
0.887985
0.170720
0.170720
0.828816
0.688952
0.887985
0.828816
0.247204
0.761326
0.935674
0.000000
0.887985
0.688952
0.887985
0.170720
0.828816
0.761326
0.887985
0.170720
0.887985
0.761326
0.828816
0.206120
0.761326
0.247204
0.294328
0.688952
0.935674
0.887985
0.000001
0.828816
0.828816
0.206120
0.614916
0.247204
0.828816
0.206120
0.828816
0.688952
0.935674
0.828816
0.000344
0.761326
0.828816
0.828816
0.887985
0.206120
0.828816
0.761326
0.828816
0.294328
0.828816
0.887985
0.828816
0.935674
0.005900
0.247204
0.887985
0.206120
0.170720
0.206120
0.761326
0.247204
0.019745
0.007550
0.761326
0.828816
0.031378
0.887985
0.541952
0.247204
0.541952
0.761326
0.828816
0.887985
0.688952
0.688952
0.024931
0.688952
0.887985
0.828816
0.688952
0.002778
0.828816
0.887985
0.614916
0.887985
0.761326
0.688952
0.170720
0.170720
0.247204
0.828816
0.140535
0.887985
0.170720
0.206120
0.761326
0.828816
0.206120
0.761326
0.247204
0.688952
0.887985
0.887985
0.828816
0.206120
0.206120
0.761326
0.887985
0.887985
0.828816
0.887985
0.761326
0.004599
0.761326
0.688952
0.828816
0.828816
0.887985
0.170720
0.614916
0.761326
0.887985
0.887985
0.688952
0.024931
0.887985
0.247204
0.761326
0.935674
0.170720
0.294328
0.828816
0.828816
0.761326
0.115033
0.761326
0.887985
0.828816
0.170720
0.688952
0.761326
0.688952
0.115033
0.688952
0.887985
0.828816
0.170720
0.828816
0.247204
0.828816
0.206120
0.614916
0.001665
0.887985
0.828816
0.294328
0.828816
0.247204
0.887985
0.887985
0.887985
0.828816
0.688952
0.887985
0.170720
0.688952
0.761326
0.206120
0.761326
0.887985
0.887985
0.688952
0.761326
0.170720
0.761326
0.935674
0.614916
0.828816
0.828816
0.247204
0.007550
0.828816
0.688952
0.247204
0.247204
0.247204
0.614916
0.002778
0.170720
0.887985
0.761326
0.761326
0.935674
0.828816
0.828816
0.887985
0.761326
0.887985
0.206120
0.140535
0.887985
0.887985
0.761326
0.828816
0.887985
0.294328
0.828816
0.247204
0.115033
0.828816
0.140535
0.761326
0.761326
0.170720
0.828816
0.170720
0.206120
0.887985
0.294328
0.247204
0.761326
0.761326
0.170720
0.002153
0.887985
0.031378
0.206120
0.761326
0.887985
0.247204
0.614916
0.000449
0.688952
0.206120
0.688952
0.170720
0.688952
0.887985
0.761326
0.887985
0.206120
0.206120
0.761326
0.761326
0.828816
0.761326
0.614916
0.170720
0.294328
0.294328
0.828816
0.887985
0.761326
0.688952
0.828816
0.828816
0.206120
0.761326
0.828816
0.247204
0.828816
0.294328
0.140535
0.761326
0.761326
0.761326
0.247204
0.935674
0.887985
0.887985
0.828816
0.294328
0.761326
0.887985
0.294328
0.247204
0.828816
0.887985
0.887985
0.294328
0.887985
0.247204
