0.573238
0.588809
0.445855
0.875494
0.322604
0.932446
0.933706
0.875494
0.864992
0.600467
0.299611
0.086498
0.185360
0.948937
0.979126
0.198482
0.998317
0.581063
0.428865
0.491658
0.342631
0.569907
0.777634
0.627068
0.625587
0.861891
0.214423
0.377266
0.819735
0.641152
0.361907
0.793704
0.694961
0.637021
0.030823
0.560155
0.902225
0.170331
0.842973
0.839775
0.664140
0.175431
0.384970
0.907229
0.152593
0.700946
0.252023
0.344071
0.246135
0.934597
0.495110
0.902080
0.381963
0.725559
0.273654
0.407679
0.054338
0.272432
0.406076
0.860203
0.220918
0.222885
0.718082
0.884307
0.208521
0.958823
0.948885
0.374128
0.269932
0.222943
0.821498
0.638928
0.186464
0.669960
0.573238
0.545108
0.742661
0.070849
0.807617
0.205348
0.127248
0.744298
0.629291
0.921153
0.262472
0.328153
0.995561
0.435692
0.946998
0.571780
0.982341
0.303188
0.904814
0.287438
0.795543
0.802278
0.738661
0.637339
0.175575
0.413952
0.357371
0.350030
0.579287
0.296569
0.788157
0.430704
0.500955
0.219767
0.041649
0.237044
0.396357
0.146407
0.814506
0.224165
0.042171
0.005278
0.195590
0.963663
0.415754
0.041343
0.458332
0.315459
0.922193
0.335339
0.855690
0.224983
0.691279
0.138819
0.629291
0.367985
0.656622
0.323831
0.671970
0.679683
0.577617
0.375737
0.976774
0.480781
0.577512
0.777535
0.666045
0.608051
0.146366
0.530198
0.611955
0.323908
0.185360
0.669960
0.001943
0.721824
0.000338
0.484590
0.287508
0.279756
0.993426
0.579287
0.588809
0.798919
0.532028
0.380251
0.679577
0.698952
0.635326
0.424195
0.921022
0.125259
0.207423
0.541623
0.284907
0.467132
0.706394
0.598469
0.652702
0.265185
0.425657
0.872494
0.898281
0.568140
0.551070
0.490083
0.644755
0.037425
0.704719
0.459856
0.567932
0.013985
0.541418
0.612060
0.824914
0.598153
0.048334
0.621568
0.192061
0.000874
0.550967
0.502644
0.772073
0.442485
0.475532
0.263925
0.675669
0.253240
0.952547
0.779414
0.894189
0.070892
0.342551
0.201570
0.513534
0.662340
0.736914
0.141230
0.513434
0.729491
0.795737
0.943056
0.720058
0.437268
0.175671
0.670172
0.449617
0.353036
0.001943
0.490182
0.948885
0.109623
0.764873
0.617868
0.383508
0.265251
0.816379
0.298232
0.738661
0.532028
0.586923
0.855604
0.161168
0.214648
0.998216
0.300776
0.377266
0.015553
0.568140
0.377437
0.004142
0.405987
0.303408
0.345514
0.216741
0.463391
0.410808
0.216457
0.802566
0.140515
0.868064
0.611955
0.816379
0.091388
0.224048
0.248528
0.926974
0.101850
0.965269
0.092869
0.742558
0.650795
0.480879
0.454627
0.546956
0.988145
0.063288
0.518864
0.543262
0.069709
0.300557
0.913683
0.768680
0.545518
0.802661
0.188991
0.596576
0.420825
0.723796
0.608157
0.906167
0.532232
0.902225
0.023449
0.437640
0.868064
0.927911
0.146448
0.057249
0.899457
0.744400
0.353036
0.811402
0.120179
0.594685
0.248401
0.871106
0.515644
0.115781
0.258866
0.233892
0.988925
0.445949
0.689174
0.192887
0.139763
0.685275
0.908566
0.968156
0.889948
0.606154
0.109080
0.298087
0.495703
0.427488
0.454627
0.294052
0.427396
0.733001
0.123191
0.294123
0.215551
0.791860
0.611849
0.664246
0.863403
0.389726
0.863319
0.611849
0.902008
0.949917
0.493629
0.590801
0.154904
0.331264
0.230474
0.691385
0.917460
0.315459
0.074598
0.020617
0.175671
0.026313
0.149431
0.081425
0.677571
0.621885
0.606365
0.207423
0.854059
0.733310
0.584933
0.775950
0.982835
0.757316
0.588704
0.571468
0.725766
0.673767
0.552512
0.330874
0.488216
0.857400
0.031321
0.388079
0.377181
0.811402
0.157114
0.393208
0.409197
0.005299
0.123226
0.383594
0.691385
0.319930
0.057142
0.410629
0.844474
0.907370
0.606365
0.909963
0.276179
0.735268
0.066653
0.716209
0.125403
0.798823
0.704614
0.271281
0.646768
0.515543
0.088833
0.234919
0.349949
0.220918
0.517454
0.217423
0.093007
0.710576
0.528675
0.312752
0.641046
0.984701
0.020405
0.904743
0.424103
0.738866
0.975507
0.781091
0.700736
0.427396
0.985178
0.003899
0.539576
0.895536
0.156374
0.687067
0.656516
0.648675
0.452922
0.046516
0.675775
0.290198
0.736811
0.314254
0.504237
0.208576
0.800841
0.866490
0.731040
0.010683
0.807712
0.851208
0.033876
0.986504
0.440897
0.965143
0.946945
0.022902
0.311405
0.371258
0.026010
0.773864
0.304584
0.515443
0.654609
0.720058
0.925650
0.025737
0.072469
0.429048
0.366563
0.247455
0.139133
0.377266
0.167000
0.642954
0.565751
0.352873
0.311255
0.611955
0.131983
0.662552
0.592900
0.427580
0.166313
0.716000
0.149305
0.006607
0.169633
0.149347
0.703043
0.300776
0.927974
0.985645
0.612060
0.113816
0.878542
0.988925
0.929090
0.592480
0.804476
0.454722
0.456620
0.991383
0.587027
0.119419
0.502843
0.254332
0.588704
0.673873
0.300776
0.202536
0.065838
0.646874
0.463487
0.729388
0.315534
0.284837
0.228455
0.154002
0.389813
0.564299
0.893964
0.633102
0.320998
0.957054
0.668056
0.928036
0.629608
0.144772
0.738764
0.504436
0.295488
0.371258
0.287438
0.282462
0.683588
0.643060
0.524520
0.269865
0.072491
0.607946
0.936770
0.633208
0.167046
0.816473
0.461670
0.631091
0.467036
0.209569
0.936829
0.842973
0.869630
0.107467
0.093284
0.288851
0.945933
0.489985
0.121292
0.279895
0.272567
0.864992
0.182823
0.596786
0.885709
0.121432
0.609739
0.473788
0.173860
0.040922
0.615861
0.345434
0.125295
0.685486
0.662129
0.351490
0.139724
0.510027
0.662129
0.861891
0.168751
0.144285
0.177497
0.884229
0.181689
0.662235
0.179096
0.378799
0.237227
0.617551
0.652384
0.432547
0.954468
0.177400
0.412244
0.327920
0.810930
0.056257
0.648463
0.563988
0.354504
0.427396
0.463583
0.242889
0.360418
0.177449
0.295488
0.583259
0.872576
0.926848
0.641046
0.535696
0.427121
0.986055
0.857229
0.581063
0.929214
0.875413
0.974892
0.974927
0.378885
0.130004
0.617763
0.251832
0.231669
0.473788
0.495506
0.669960
0.102873
0.698847
0.386695
0.342631
0.456335
0.800649
0.637127
0.980185
0.420916
0.932507
0.917526
0.326682
0.964429
0.673978
0.996325
0.185460
0.834753
0.564091
0.134026
0.644543
0.884385
0.493827
0.681477
0.150899
0.369577
0.955339
0.007475
0.646662
0.619876
0.618080
0.172205
0.533759
0.899530
0.932446
0.517454
0.355895
0.706603
0.834933
0.458141
0.309020
0.044351
0.366396
0.683482
0.192835
0.866490
0.746035
0.539679
0.131383
0.535900
0.146325
0.904814
0.074462
0.472434
0.583259
0.687278
0.577095
0.871106
0.878462
0.042577
0.535900
0.381963
0.101730
0.342711
0.895312
0.534065
0.093450
0.271349
0.744298
0.602362
0.712247
0.089473
0.383508
0.212516
0.031300
0.967438
0.718186
0.397586
0.681689
0.917393
0.204534
0.829950
0.506130
0.491953
0.878382
0.734959
0.328308
0.121957
0.983745
0.182724
0.237166
0.222943
0.465020
0.627492
0.735062
0.288709
0.526545
0.333767
0.470503
0.060452
0.377352
0.195642
0.902225
0.491658
0.533861
0.129967
0.451126
0.223932
0.885787
0.731350
0.914973
0.819642
0.418919
0.115178
0.286240
0.146325
0.477570
0.781091
0.334081
0.644543
0.308648
0.742661
0.809417
0.737222
0.146366
0.671864
0.023070
0.472434
0.477473
0.850861
0.535798
0.719954
0.955291
0.774163
0.271281
0.849470
0.238143
0.902080
0.929152
0.237166
0.611532
0.460047
0.793801
0.753670
0.475726
0.117638
0.935718
0.232748
0.526748
0.024826
0.430796
0.532334
0.957054
0.902153
0.885631
0.884229
0.114545
0.472240
0.716000
0.300776
0.432363
0.237044
0.802566
0.189908
0.666045
0.541418
0.600572
0.750011
0.855776
0.504436
0.139724
0.360749
0.816286
0.641046
0.346800
0.312752
0.168659
0.946998
0.916120
0.113322
0.255363
0.881321
0.142791
0.940042
0.983772
0.943056
0.824730
0.493531
0.165309
0.648781
0.714229
0.829950
0.123226
0.058166
0.664140
0.800745
0.567932
0.456430
0.308797
0.497187
0.465116
0.795543
0.477473
0.855776
0.425748
0.989651
0.096951
0.502644
0.844474
0.476017
0.706499
0.256527
0.930320
0.530300
0.101850
0.279964
0.952696
0.461479
0.016860
0.339685
0.763165
0.784828
0.727526
0.855861
0.562122
0.598363
0.681583
0.786592
0.725766
0.017170
0.288709
0.318334
0.851121
0.972993
0.819549
0.226390
0.615650
0.991064
0.178271
0.420552
0.530097
0.712351
0.110328
0.869548
0.846322
0.378799
0.902153
0.472337
0.484590
0.004784
0.147148
0.816379
0.383594
0.717978
0.784730
0.594580
0.986944
0.231549
0.048933
0.908566
0.543262
0.675775
0.824822
0.912520
0.534167
0.499069
0.342472
0.648781
0.374212
0.247392
0.102994
0.069219
0.681583
0.122063
0.524823
0.795543
0.117570
0.348413
0.267651
0.799016
0.181590
0.594790
0.931479
0.509827
0.878382
0.804190
0.945019
0.885709
0.322604
0.850948
0.331264
0.223175
0.232628
0.003261
0.775652
0.169447
0.517454
0.867981
0.825006
0.999293
0.795447
0.866490
0.860457
0.689279
0.178222
0.614171
0.199649
0.405809
0.392946
0.058803
0.579392
0.598574
0.539474
0.118218
0.318561
0.479126
0.104028
0.600362
0.807806
0.902225
0.999290
0.006824
0.988925
0.710576
0.571572
0.504336
0.269730
0.918722
0.201463
0.926974
0.679683
0.846322
0.770278
0.130562
0.860372
0.613855
0.112109
0.179924
0.826476
0.405720
0.650477
0.981239
0.029013
0.352955
0.772272
0.104549
0.137490
0.923354
0.074507
0.625375
0.095413
0.333767
0.047560
0.427213
0.793801
0.318409
0.506230
0.877022
0.506031
0.493827
0.447828
0.934716
0.076202
0.979126
0.911211
0.900845
0.893964
0.868146
0.770378
0.208576
0.548806
0.352629
0.604257
0.268723
0.839685
0.118115
0.824822
0.352955
0.771974
0.161168
0.844651
0.372691
0.953488
0.798919
0.654715
0.706708
0.706603
0.206547
0.625587
0.632996
0.240414
0.855690
0.078382
0.716104
0.731247
0.917326
0.176438
0.817966
0.764873
0.381963
0.598258
0.770478
0.479223
0.795447
0.397938
0.671864
0.884229
0.799016
0.671970
0.652702
0.861975
0.959646
0.493531
0.454627
0.401110
0.802470
0.635220
0.842973
0.524621
0.612166
0.484786
0.696957
0.864908
0.625375
0.498871
0.197532
0.850948
0.930198
0.704510
0.061169
0.693173
0.844651
0.804381
0.035265
0.501054
0.243822
0.351328
0.903452
0.898133
0.484394
0.517354
0.677888
0.291407
0.357535
0.310136
0.742661
0.018725
0.389987
0.749910
0.826568
0.193819
0.866739
0.797282
0.138858
0.986528
0.896727
0.128015
0.821498
0.203344
0.970330
0.217765
0.974927
0.397674
0.167230
0.100716
0.139645
0.176390
0.024785
0.874119
0.970973
0.596576
0.826476
0.504635
0.750011
0.243697
0.526545
0.974268
0.669960
0.991678
0.031701
0.036389
0.230474
0.019404
0.828216
0.062278
0.130562
0.800553
0.738558
0.477473
0.018851
0.412333
0.541316
0.269865
0.355731
0.159792
0.637021
0.405720
0.394693
0.498871
0.388252
0.775851
0.021162
0.152380
0.783060
0.027773
0.420462
0.120804
0.306205
0.608051
0.187320
0.941112
0.506230
0.761051
0.407590
0.768280
0.513635
0.098018
0.933646
0.449617
0.546956
0.367985
0.486451
0.322604
0.260173
0.530503
0.670278
0.662446
0.385056
0.019293
0.484688
0.169354
0.354178
0.298160
0.811118
0.113882
0.866573
0.562122
0.120769
0.588809
0.404298
0.744502
0.855861
0.454627
0.419100
0.113915
0.227096
0.536104
0.464924
0.024024
0.410540
0.689384
0.463296
0.981752
0.141111
0.571780
0.365062
0.162150
0.351328
0.465212
0.189908
0.402437
0.190880
0.836463
0.191958
0.254396
0.852593
0.137568
0.491855
0.106778
0.024605
0.381791
0.394693
0.153360
0.360501
0.240661
0.894114
0.733104
0.993158
0.288780
0.662446
0.727733
0.959646
0.731557
0.367985
0.491658
0.558189
0.766678
0.781288
0.396357
0.384884
0.352955
0.816192
0.844651
0.729491
0.098018
0.432455
0.936887
0.984292
0.923354
0.014619
0.974892
0.849470
0.055229
0.176342
0.687488
0.762763
0.111491
0.523002
0.349949
0.668162
0.594790
0.075741
0.417561
0.366146
0.194859
0.771974
0.528472
0.567724
0.504336
0.894114
0.828216
0.766678
0.941000
0.044876
0.970973
0.102270
0.488118
0.183567
0.698952
0.964344
0.978474
0.677677
0.103967
0.592585
0.452922
0.092428
0.824822
0.712351
0.038340
0.477376
0.953439
0.762763
0.596681
0.842796
0.575531
0.548806
0.153360
0.941112
0.648675
0.413862
0.625481
0.687172
0.583259
0.077414
0.198535
0.980716
0.479320
0.304878
0.231549
0.733310
0.898207
0.683377
0.091333
0.814506
0.952647
0.736914
0.968865
0.965185
0.326837
0.775851
0.233771
0.528370
0.284837
0.625270
0.731247
0.456525
0.586923
0.763165
0.831677
0.526342
0.062240
0.637233
0.687488
0.939985
0.757620
0.200447
0.170238
0.970330
0.291478
0.404476
0.479320
0.738969
0.009645
0.877102
0.363565
0.644543
0.973029
0.332670
0.960415
0.976146
0.378970
0.087018
0.066204
0.322527
0.215551
0.127905
0.971680
0.912520
0.475726
0.980745
0.354423
0.263859
0.267317
0.968116
0.420552
0.604047
0.141191
0.412333
0.273654
0.548806
0.172960
0.784632
0.106434
0.491953
0.196533
0.596681
0.777733
0.078027
0.750113
0.609844
0.244008
0.650689
0.335417
0.671970
0.379055
0.103937
0.391552
0.257694
0.967438
0.534167
0.989651
0.646556
0.823163
0.536104
0.860457
0.028140
0.899530
0.608157
0.402880
0.043804
0.933586
0.977393
0.997020
0.261485
0.206274
0.447452
0.953488
0.750011
0.604047
0.859016
0.458522
0.222827
0.077862
0.660646
0.879975
0.302163
0.690964
0.234919
0.699057
0.573759
0.522800
0.297870
0.025916
0.681372
0.746341
0.442485
0.001695
0.567724
0.584619
0.831405
0.012032
0.558603
0.974892
0.617551
0.080084
0.775751
0.569803
0.296569
0.087961
0.420734
0.648781
0.217651
0.956201
0.884229
0.172960
0.108730
0.339844
0.326682
0.271281
0.256656
0.993700
0.134942
0.444449
0.304584
0.155508
0.875574
0.928036
0.714333
0.508127
0.491756
0.881479
0.984726
0.664352
0.406254
0.420462
0.003856
0.839596
0.913683
0.475629
0.136288
0.156244
0.946040
0.562018
0.072824
0.121327
0.600467
0.545415
0.322757
0.689384
0.439220
0.489985
0.410540
0.895536
0.504237
0.558499
0.833127
0.721928
0.948833
0.884229
0.966710
0.497286
0.577304
0.442578
0.097469
0.834753
0.757417
0.130041
0.079625
0.315609
0.777832
0.296569
0.748280
0.321151
0.034252
0.272432
0.507927
0.070827
0.161168
0.813003
0.939929
0.250748
0.771974
0.727526
0.174573
0.418829
0.358769
0.710158
0.884229
0.015244
0.026794
0.417199
0.232628
0.900700
0.035471
0.685486
0.928036
0.731040
0.913546
0.136946
0.100716
0.155508
0.916322
0.546853
0.596681
0.912383
0.204263
0.526545
0.427488
0.210511
0.168844
0.144935
0.698847
0.687488
0.914906
0.683588
0.463296
0.399434
0.968156
0.571780
0.871025
0.654291
0.338021
0.028131
0.286240
0.722032
0.461861
0.444356
0.635432
0.020521
0.945987
0.023193
0.887181
0.474078
0.298087
0.641046
0.011982
0.748382
0.345675
0.429232
0.583050
0.695066
0.995355
0.759539
0.445949
0.857229
0.704405
0.087018
0.221842
0.361990
0.720162
0.241711
0.617974
0.165400
0.088040
0.163724
0.230594
0.865158
0.610055
0.211623
0.617763
0.654715
0.189959
0.015244
0.167966
0.755393
0.939929
0.600257
0.427305
0.065071
0.714020
0.363482
0.687488
0.165264
0.201677
0.442671
0.875655
0.846146
0.385229
0.039669
0.122027
0.700946
0.506230
0.055854
0.723796
0.101222
0.223932
0.550555
0.000745
0.751740
0.030215
0.920957
0.404387
0.466844
0.763165
0.016321
0.627492
0.850948
0.329472
0.148722
0.444449
0.941000
0.034508
0.157988
0.063406
0.218793
0.324215
0.118765
0.410719
0.092345
0.463391
0.023055
0.350030
0.247266
0.146325
0.974927
0.357535
0.355895
0.970973
0.860541
0.336836
0.422007
0.488314
0.164628
0.697272
0.879816
0.691490
0.902225
0.569803
0.875574
0.783159
0.475726
0.731247
0.687278
0.556536
0.404298
0.189959
0.203614
0.704614
0.639140
0.027167
0.675669
0.990365
0.710263
0.183815
0.567932
0.475532
0.788352
0.985178
0.788450
0.606154
0.094483
0.045494
0.956201
0.740611
0.291407
0.799016
0.506430
0.725559
0.420825
0.575322
0.303335
0.560258
0.377181
0.473788
0.493531
0.233771
0.854059
0.911211
0.488216
0.404387
0.173670
0.664140
0.388252
0.800649
0.875494
0.519167
0.307388
0.701051
0.072513
0.698742
0.660223
0.371006
0.911073
0.259193
0.314178
0.463200
0.177497
0.112698
0.321151
0.102361
0.558396
0.178222
0.309987
0.322680
0.152380
0.606154
0.509827
0.142630
0.172205
0.772173
0.125367
0.148556
0.569803
0.957101
0.074484
0.790108
0.858847
0.779216
0.046252
0.833127
0.203614
0.115714
0.526545
0.598469
0.548909
0.375653
0.262538
0.081868
0.239185
0.582945
0.489985
0.629079
0.353117
0.054628
0.136327
0.301725
0.579392
0.530402
0.040401
0.600046
0.222073
0.699057
0.205348
0.967438
0.290269
0.187219
0.573655
0.772073
0.806001
0.246323
0.609950
0.567620
0.517253
0.493432
0.477278
0.677782
0.841465
0.207697
0.564195
0.264853
0.952696
0.434025
0.727422
0.186413
0.118218
0.515644
0.852679
0.108129
0.312752
0.472434
0.727319
0.006482
0.962801
0.836553
0.270134
0.040401
0.720162
0.141869
0.009648
0.903667
0.885631
0.440711
0.006572
0.693173
0.336599
0.882818
0.078834
0.519469
0.400934
0.310211
0.026821
0.051303
0.563884
0.833127
0.452733
0.824730
0.066633
0.167735
0.123865
0.970330
0.585038
0.207368
0.349787
0.945127
0.045959
0.543159
0.121467
0.306131
0.753670
0.898207
0.879895
0.033810
0.627280
0.550761
0.341116
0.611849
0.850861
0.847899
0.740919
0.737120
0.187270
0.579392
0.008165
0.255556
0.869548
0.278445
0.704719
0.138858
0.025567
0.779315
0.811213
0.402614
0.891319
0.023449
0.425748
0.941000
0.952696
0.702833
0.196795
0.834933
0.631620
0.931418
0.008508
0.898133
0.188331
0.480879
0.250748
0.958685
0.045682
0.631302
0.007810
0.623471
0.038812
0.400934
0.067354
0.637127
0.965227
0.377352
0.878382
0.040857
0.261616
0.159571
0.196585
0.460047
0.552924
0.092924
0.021461
0.093924
0.452733
0.075008
0.019300
0.637127
0.819828
0.571572
0.546853
0.365146
0.759236
0.902080
0.884072
0.158734
0.605943
0.147230
0.120040
0.921022
0.587237
0.344231
0.993158
0.554471
0.134712
0.551173
0.721721
0.596261
0.737017
0.863570
0.640729
0.844739
0.067727
0.871188
0.437547
0.931479
0.252983
0.203668
0.861975
0.793801
0.560258
0.468479
0.397938
0.710472
0.124686
0.060848
0.676092
0.026027
0.179924
0.352873
0.394431
0.036143
0.461670
0.502346
0.347203
0.153189
0.718082
0.238388
0.262406
0.310136
0.654609
0.889871
0.267317
0.920957
0.971048
0.064851
0.391290
0.875574
0.982341
0.050090
0.475726
0.585247
0.417380
0.932627
0.733207
0.234798
0.427580
0.093924
0.807806
0.611849
0.770079
0.714333
0.314254
0.266183
0.600152
0.412333
0.427580
0.092455
0.380165
0.554471
0.175479
0.902153
0.136985
0.486451
0.248338
0.277619
0.039024
0.474078
0.550761
0.900845
0.300703
0.312977
0.085492
0.721824
0.530300
0.244008
0.377266
0.895387
0.761354
0.215777
0.315308
0.515644
0.614171
0.588809
0.023621
0.330952
0.881479
0.402525
0.296569
0.136211
0.167828
0.673873
0.031127
0.702624
0.237044
0.497088
0.793704
0.486255
0.916187
0.012342
0.829676
0.488511
0.818246
0.592375
0.511930
0.986504
0.637127
0.045915
0.543057
0.918590
0.352792
0.852679
0.397586
0.055298
0.863487
0.336836
0.998323
0.775751
0.097960
0.947999
0.926911
0.673873
0.807806
0.931297
0.961264
0.583050
0.346881
0.869712
0.129856
0.272432
0.208521
0.583050
0.598258
0.566063
0.939985
0.335181
0.898059
0.816286
0.203452
0.991046
0.995955
0.184512
0.489886
0.899310
0.673873
0.983772
0.255621
0.996133
0.950837
0.881400
0.625481
0.381877
0.249604
0.255556
0.761051
0.644861
0.611849
0.957851
0.405987
0.834843
0.857314
0.791957
0.004166
0.590591
0.577617
0.546853
0.486451
0.322604
0.189093
0.131870
0.456335
0.104518
0.888491
0.486745
0.575322
0.233771
0.834843
0.048426
0.402525
0.984241
0.212460
0.689174
0.321151
0.087410
0.674084
0.683482
0.228277
0.966670
0.981781
0.550761
0.836553
0.497286
0.819828
0.405809
0.268589
0.673873
0.552718
0.189093
0.821498
0.254203
0.918656
0.130599
0.029540
0.698742
0.807617
0.286170
0.768680
0.424103
0.943111
0.028644
0.660117
0.764773
0.388166
0.795640
0.581063
0.608051
0.998317
0.834843
0.109080
0.500657
0.811402
0.636915
0.937929
0.057142
0.526646
0.596366
0.377522
0.055854
0.371174
0.203506
0.116285
0.394693
0.077885
0.994440
0.598574
0.221842
0.957897
0.125907
0.590591
0.435784
0.430980
0.905954
0.685486
0.804286
0.104487
0.770378
0.814787
0.248591
0.146202
0.491953
0.602257
0.583050
0.254396
0.896727
0.159483
0.115212
0.749910
0.902008
0.866656
0.737120
0.361990
0.463391
0.127285
0.080521
0.708591
0.054338
0.916187
0.752147
0.488216
0.363648
0.552718
0.881321
0.273518
0.594685
0.442671
0.980155
0.499169
0.104671
0.652596
0.964386
0.396270
0.994923
0.094961
0.833218
0.550967
0.148597
0.584933
0.737017
0.150899
0.502644
0.513635
0.291550
0.369409
0.899530
0.858931
0.930198
0.923418
0.463583
0.736914
0.851121
0.779216
0.959601
0.888568
0.666363
0.121432
0.706394
0.656727
0.024768
0.959691
0.712247
0.190061
0.908566
0.823070
0.043318
0.034252
0.719954
0.207423
0.461765
0.708486
0.921088
0.422189
0.959646
0.272364
0.867898
0.577199
0.502843
0.129227
0.586713
0.615861
0.199489
0.784926
0.031300
0.949917
0.878622
0.693384
0.588704
0.966710
0.470599
0.621674
0.877102
0.185410
0.299321
0.081917
0.363648
0.495308
0.061875
0.440897
0.015835
0.900845
0.652808
0.764773
0.836373
0.629608
0.662129
0.346720
0.636915
0.895387
0.558189
0.243884
0.804190
0.877022
0.749910
0.216627
0.151026
0.093284
0.635008
0.242702
0.125295
0.887181
0.839775
0.993143
0.675881
0.798919
0.444356
0.744400
0.697167
0.318485
0.937929
0.554471
0.841377
0.392946
0.123226
0.768280
0.818060
0.727526
0.855861
0.828124
0.200607
0.547367
0.714437
0.925840
0.543467
0.417561
0.035311
0.573446
0.412423
0.566063
0.937871
0.526748
0.264057
0.504436
0.666045
0.829767
0.907300
0.425931
0.267584
0.088330
0.782864
0.167046
0.826476
0.278514
0.740611
0.519066
0.481269
0.537737
0.163588
0.411077
0.056521
0.495308
0.528472
0.987731
0.275085
0.186263
0.136250
0.227214
0.548703
0.519267
0.849557
0.049228
0.054015
0.105102
0.985203
0.942946
0.719850
0.846410
0.154775
0.991046
0.600362
0.642742
0.857400
0.054936
0.524621
0.240414
0.969603
0.437361
0.489788
0.831768
0.371006
0.465116
0.003729
0.456525
0.558086
0.441084
0.795543
0.149347
0.351490
0.032064
0.024475
0.908706
0.515443
0.108572
0.386955
0.666151
0.267517
0.926911
0.900845
0.213411
0.427305
0.944042
0.923418
0.073740
0.681689
0.946040
0.852506
0.731144
0.571468
0.565959
0.444168
0.253175
0.722032
0.689384
0.777535
0.391465
0.358769
0.256786
0.386695
0.488216
0.723900
0.254203
0.229403
0.238143
0.056521
