0.473059
0.927718
0.437018
0.808105
0.224029
0.127299
0.856382
0.857840
0.473472
0.296679
0.806889
0.789822
0.786066
0.216172
0.944660
0.004127
0.559890
0.818147
0.632511
0.117528
0.043078
0.169361
0.128157
0.510918
0.531832
0.516706
0.730042
0.710735
0.042321
0.414170
0.636357
0.157340
0.457489
0.664863
0.365634
0.670513
0.219093
0.183088
0.079167
0.245859
0.943963
0.339058
0.313506
0.037331
0.562544
0.698658
0.754319
0.947962
0.510490
0.274646
0.853816
0.877613
0.049166
0.502605
0.008904
0.265443
0.365634
0.865042
0.242794
0.882528
0.426191
0.146134
0.874346
0.661472
0.263179
0.275375
0.815553
0.064328
0.022615
0.051056
0.748021
0.818943
0.450006
0.895623
0.473059
0.897211
0.259670
0.013937
0.178897
0.935987
0.201692
0.654912
0.045363
0.853264
0.095610
0.806889
0.008540
0.309197
0.133899
0.834218
0.862000
0.183935
0.724959
0.638166
0.552171
0.600033
0.535094
0.368668
0.890631
0.464218
0.851418
0.102865
0.633868
0.030939
0.064074
0.947513
0.167486
0.252351
0.795421
0.332498
0.810733
0.045796
0.207481
0.165142
0.560774
0.683823
0.964446
0.662829
0.489092
0.659210
0.480523
0.709843
0.306033
0.086737
0.353658
0.734449
0.385739
0.715414
0.514345
0.711627
0.393524
0.298843
0.606105
0.131240
0.667124
0.096889
0.419380
0.651744
0.950502
0.272323
0.770436
0.417446
0.246395
0.679766
0.475748
0.203415
0.638619
0.895623
0.463399
0.052941
0.373702
0.009997
0.885867
0.683823
0.547994
0.100436
0.960056
0.721635
0.918085
0.204339
0.624148
0.108417
0.963353
0.487205
0.408615
0.165045
0.355053
0.475127
0.841865
0.604980
0.554373
0.513058
0.196370
0.011924
0.139776
0.219460
0.153740
0.418606
0.947962
0.932047
0.053620
0.380238
0.188873
0.316886
0.315434
0.973425
0.176524
0.331163
0.370461
0.210189
0.838631
0.249495
0.880336
0.134550
0.809724
0.358557
0.365278
0.183829
0.330830
0.866464
0.459116
0.137682
0.642918
0.455055
0.103512
0.350878
0.048246
0.657627
0.504305
0.289044
0.800155
0.420155
0.104621
0.617149
0.179001
0.034457
0.905892
0.848072
0.389991
0.392592
0.517996
0.914789
0.463399
0.636357
0.657853
0.297914
0.084109
0.201349
0.351051
0.884536
0.818147
0.084813
0.354704
0.650839
0.223159
0.072432
0.111984
0.001200
0.024277
0.615344
0.744969
0.470995
0.422680
0.534441
0.341774
0.070843
0.875381
0.941008
0.888671
0.292996
0.813951
0.662376
0.223159
0.144305
0.239760
0.375691
0.406710
0.209244
0.960824
0.087966
0.274500
0.045424
0.874691
0.702466
0.729380
0.382433
0.242000
0.858204
0.950936
0.747586
0.127845
0.958198
0.919779
0.333836
0.036241
0.021855
0.222415
0.592178
0.709396
0.387399
0.093750
0.918085
0.510490
0.474713
0.896260
0.000028
0.436027
0.391476
0.920340
0.300551
0.144305
0.185106
0.687201
0.062157
0.214483
0.914789
0.985776
0.915078
0.184893
0.938586
0.476162
0.682922
0.963902
0.502605
0.795008
0.537709
0.552171
0.234939
0.650386
0.634321
0.817350
0.854918
0.982810
0.032916
0.221920
0.141470
0.850677
0.557460
0.398767
0.531397
0.602281
0.691699
0.534876
0.843000
0.558564
0.476162
0.294834
0.352787
0.138349
0.607006
0.795834
0.625956
0.927718
0.203185
0.122404
0.928780
0.581440
0.062652
0.409188
0.804448
0.936486
0.905284
0.911134
0.317048
0.908456
0.432275
0.928780
0.863435
0.287836
0.332164
0.107877
0.397828
0.863435
0.752151
0.919217
0.417253
0.737745
0.524248
0.119355
0.310947
0.718527
0.320944
0.868233
0.173973
0.659662
0.941248
0.603180
0.727171
0.509635
0.913918
0.985776
0.260229
0.890957
0.571860
0.773840
0.445387
0.151469
0.138767
0.907254
0.362792
0.755185
0.805670
0.389991
0.665089
0.753886
0.661019
0.124449
0.742128
0.833446
0.438407
0.332164
0.879657
0.879657
0.291016
0.526410
0.237405
0.997061
0.589266
0.656043
0.994042
0.196819
0.199981
0.026443
0.165920
0.793352
0.504731
0.751283
0.873306
0.774264
0.900820
0.547555
0.928515
0.136108
0.179209
0.396140
0.947513
0.436820
0.636809
0.126060
0.406140
0.059104
0.010474
0.886198
0.443386
0.130444
0.905589
0.981438
0.929571
0.695068
0.793352
0.646539
0.265301
0.722300
0.947738
0.407472
0.441192
0.935234
0.216051
0.479483
0.900197
0.430700
0.035449
0.932305
0.918369
0.909055
0.999077
0.851418
0.991889
0.522520
0.232622
0.492455
0.460338
0.948185
0.339905
0.879997
0.168175
0.811942
0.527276
0.587475
0.126060
0.326355
0.850306
0.617600
0.461357
0.839394
0.894345
0.993983
0.737306
0.899884
0.467703
0.962800
0.547555
0.320455
0.646086
0.383900
0.882864
0.555034
0.449201
0.199981
0.711627
0.961015
0.605430
0.267864
0.392406
0.488672
0.368489
0.929044
0.958395
0.538146
0.040899
0.922977
0.264309
0.009386
0.352787
0.148337
0.819340
0.616246
0.580994
0.404431
0.686300
0.289801
0.788572
0.352266
0.701571
0.333501
0.436820
0.023168
0.073430
0.819340
0.947513
0.862359
0.739061
0.741252
0.892738
0.290408
0.942791
0.146397
0.998049
0.909055
0.982459
0.312865
0.852527
0.675029
0.539455
0.966138
0.173973
0.519287
0.349666
0.341604
0.650160
0.610609
0.857476
0.720747
0.282297
0.830735
0.740814
0.680217
0.024833
0.453234
0.304302
0.820927
0.780818
0.829957
0.543610
0.295755
0.315595
0.924892
0.795834
0.035205
0.269727
0.411100
0.727613
0.702019
0.003802
0.108959
0.991889
0.968795
0.879997
0.749762
0.202036
0.040426
0.247739
0.897685
0.426191
0.725401
0.400461
0.001949
0.576757
0.767661
0.593075
0.026313
0.034220
0.930750
0.397828
0.249224
0.426582
0.153831
0.180564
0.058790
0.825854
0.226530
0.536401
0.436027
0.943963
0.788572
0.974328
0.345705
0.003403
0.889326
0.849934
0.766378
0.998049
0.252351
0.530963
0.510490
0.782081
0.625052
0.088360
0.514988
0.481148
0.618051
0.387215
0.806889
0.974773
0.349666
0.470583
0.231342
0.989538
0.723187
0.637261
0.703362
0.150120
0.647897
0.268436
0.655364
0.702019
0.947962
0.328670
0.538146
0.037744
0.597113
0.795834
0.478236
0.905589
0.765093
0.609258
0.383166
0.092331
0.072763
0.468936
0.349666
0.559890
0.160442
0.055480
0.744969
0.240417
0.998076
0.628894
0.718971
0.872264
0.255922
0.062404
0.664863
0.130444
0.645634
0.699106
0.823495
0.533136
0.401216
0.079475
0.204223
0.006171
0.667576
0.023482
0.140960
0.668028
0.774264
0.321596
0.836718
0.733568
0.337705
0.510062
0.730042
0.416481
0.980319
0.015420
0.252351
0.521873
0.866464
0.264875
0.696415
0.639976
0.909948
0.607006
0.094406
0.219705
0.910246
0.309992
0.854184
0.759289
0.764235
0.143355
0.682922
0.071307
0.391848
0.678864
0.127299
0.274064
0.395018
0.059104
0.491192
0.336187
0.179521
0.813951
0.843755
0.256474
0.788155
0.692598
0.479067
0.056904
0.138349
0.109367
0.336019
0.561216
0.405950
0.195030
0.176524
0.773840
0.500695
0.195030
0.768516
0.074440
0.488463
0.331496
0.541640
0.372620
0.851047
0.167191
0.331163
0.094706
0.015353
0.483441
0.191821
0.086848
0.175602
0.793767
0.820927
0.508994
0.000648
0.648349
0.503880
0.108688
0.759720
0.639524
0.274500
0.082184
0.879318
0.606555
0.908156
0.015420
0.546239
0.261771
0.677285
0.731806
0.943730
0.881350
0.421320
0.670287
0.831511
0.364922
0.986488
0.006730
0.238449
0.545801
0.568528
0.853264
0.407853
0.582780
0.695068
0.025347
0.947513
0.839394
0.220933
0.486367
0.986186
0.833832
0.518856
0.265443
0.313987
0.797071
0.585685
0.931010
0.079372
0.324544
0.543610
0.712073
0.261771
0.522952
0.384635
0.492034
0.078912
0.392592
0.693047
0.956189
0.979224
0.151649
0.867880
0.001045
0.084379
0.024123
0.518426
0.542297
0.196482
0.108823
0.958198
0.696415
0.708057
0.686525
0.067936
0.689450
0.137266
0.446389
0.851047
0.608132
0.614893
0.232366
0.909353
0.163114
0.563208
0.737306
0.667124
0.638166
0.831899
0.915078
0.546239
0.109709
0.367060
0.033191
0.251668
0.098183
0.400084
0.333501
0.400461
0.159026
0.723187
0.039306
0.541203
0.326026
0.853632
0.045982
0.060895
0.697312
0.746278
0.928780
0.225027
0.995490
0.123234
0.754319
0.178379
0.202036
0.650386
0.895942
0.379691
0.085249
0.225527
0.792108
0.331163
0.626860
0.027680
0.675932
0.119871
0.743440
0.332164
0.081289
0.136603
0.927451
0.899884
0.040178
0.469348
0.007163
0.701123
0.299774
0.185962
0.091397
0.230705
0.363501
0.320944
0.320944
0.591058
0.203069
0.442388
0.733128
0.875381
0.238711
0.323232
0.209008
0.373521
0.178793
0.033076
0.270159
0.853264
0.755618
0.416288
0.210426
0.584121
0.130444
0.400084
0.915078
0.634773
0.054016
0.624148
0.231726
0.549312
0.801385
0.815953
0.520579
0.256198
0.117238
0.977272
0.092802
0.535312
0.747150
0.960633
0.992756
0.161678
0.354355
0.484276
0.750414
0.827421
0.850306
0.021000
0.575866
0.416288
0.865220
0.226404
0.376054
0.501756
0.336693
0.392034
0.612412
0.807294
0.702019
0.878978
0.969128
0.775537
0.798512
0.619857
0.912165
0.331330
0.059894
0.211137
0.698658
0.841865
0.993020
0.197943
0.746278
0.878637
0.465446
0.248278
0.409952
0.289044
0.010654
0.725401
0.480731
0.061178
0.874346
0.821323
0.497307
0.208302
0.338043
0.832673
0.249766
0.883869
0.817151
0.850677
0.230195
0.331163
0.570305
0.905589
0.634773
0.951584
0.434840
0.634773
0.622793
0.858930
0.139776
0.458302
0.519717
0.619857
0.107877
0.297914
0.604530
0.352961
0.562322
0.699554
0.656269
0.470995
0.129336
0.687651
0.024192
0.336693
0.597113
0.213403
0.274064
0.499423
0.284683
0.153831
0.128236
0.492034
0.794181
0.699778
0.010646
0.331163
0.623244
0.009814
0.198734
0.826247
0.030467
0.701571
0.233907
0.168372
0.262052
0.910542
0.327016
0.958986
0.936735
0.571193
0.539892
0.077045
0.152555
0.501331
0.223531
0.354006
0.004739
0.920060
0.050509
0.057937
0.349321
0.765521
0.609708
0.501543
0.099806
0.463399
0.533136
0.727171
0.211256
0.562101
0.401971
0.788155
0.738623
0.245458
0.720304
0.671868
0.062239
0.650839
0.434840
0.619857
0.154932
0.671868
0.532701
0.943963
0.274646
0.314148
0.935234
0.460745
0.798923
0.549092
0.506434
0.807294
0.178586
0.690800
0.820134
0.438010
0.018169
0.908456
0.544486
0.168866
0.855651
0.250580
0.525545
0.543172
0.654459
0.807294
0.050987
0.382799
0.624148
0.919217
0.019134
0.715414
0.334843
0.422486
0.567197
0.451215
0.438010
0.100373
0.903449
0.643371
0.420543
0.111152
0.490772
0.865754
0.394644
0.719416
0.196482
0.000879
0.217872
0.618954
0.344677
0.348285
0.198734
0.391104
0.088416
0.742565
0.796247
0.105807
0.188656
0.051851
0.080767
0.663959
0.148160
0.997493
0.142925
0.800155
0.389620
0.734449
0.819737
0.913627
0.827421
0.100058
0.456677
0.619857
0.489092
0.413785
0.820134
0.225277
0.008917
0.215327
0.598011
0.566309
0.404431
0.969460
0.873653
0.309992
0.718083
0.881012
0.974029
0.837484
0.654007
0.212805
0.269153
0.803837
0.075658
0.386477
0.618503
0.397640
0.969128
0.181192
0.258555
0.711627
0.171654
0.828593
0.390733
0.692148
0.206080
0.885867
0.575866
0.556357
0.002975
0.648349
0.915078
0.203761
0.433063
0.563208
0.943963
0.438804
0.761872
0.432275
0.737745
0.114018
0.337030
0.151830
0.522952
0.386108
0.616246
0.495195
0.400084
0.404431
0.572305
0.883199
0.306980
0.088869
0.708057
0.926916
0.620986
0.467087
0.426582
0.652196
0.209244
0.704257
0.568528
0.299153
0.740814
0.327677
0.456677
0.470995
0.940046
0.430307
0.449603
0.000535
0.666220
0.355402
0.240154
0.435434
0.067006
0.331163
0.833060
0.835950
0.963353
0.211732
0.384819
0.595318
0.059616
0.844509
0.524680
0.851788
0.177759
0.605880
0.856747
0.730924
0.752585
0.081499
0.307296
0.147364
0.178690
0.368668
0.597113
0.888671
0.168569
0.910838
0.635225
0.318505
0.637714
0.702466
0.059814
0.711627
0.834218
0.784810
0.504731
0.856017
0.988075
0.468114
0.193697
0.646539
0.050612
0.644728
0.502180
0.587027
0.722744
0.955268
0.240680
0.059300
0.135943
0.829762
0.156503
0.696863
0.552611
0.444986
0.815553
0.015098
0.122781
0.941008
0.579209
0.742565
0.511774
0.712073
0.786484
0.979224
0.019803
0.470995
0.920340
0.804448
0.600932
0.389249
0.202954
0.201120
0.342626
0.613540
0.285132
0.379873
0.257444
0.112124
0.097688
0.833060
0.700003
0.313185
0.284982
0.060774
0.086183
0.402349
0.216294
0.429914
0.769370
0.128471
0.039712
0.909948
0.161964
0.419380
0.165336
0.438010
0.682922
0.682471
0.310628
0.128942
0.984556
0.382066
0.680668
0.472233
0.655364
0.828593
0.791693
0.162346
0.497730
0.580101
0.522952
0.529661
0.036542
0.689001
0.089781
0.237405
0.773840
0.801794
0.773840
0.100247
0.739500
0.067714
0.661472
0.914789
0.173366
0.890631
0.744095
0.908456
0.459523
0.377506
0.654459
0.488253
0.547555
0.806483
0.559890
0.028809
0.120611
0.749544
0.019803
0.587923
0.465651
0.261350
0.841865
0.005002
0.425019
0.176935
0.445387
0.031703
0.969625
0.398391
0.235327
0.218116
0.267008
0.435038
0.306033
0.755185
0.009916
0.446589
0.580101
0.822114
0.223283
0.714524
0.564980
0.995635
0.123234
0.843000
0.693496
0.795008
0.838631
0.993150
0.830346
0.891606
0.368310
0.623244
0.064285
0.460134
0.822509
0.113243
0.488253
0.270879
0.831123
0.081080
0.792108
0.533136
0.890306
0.407853
0.515417
0.177449
0.341434
0.485949
0.780397
0.400838
0.885535
0.474920
0.338043
0.499847
0.050953
0.833060
0.408615
0.948631
0.875898
0.628216
0.010443
0.849934
0.455055
0.884203
0.558122
0.336524
0.999093
0.794181
0.459930
0.964627
0.675480
0.587923
0.589266
0.843755
0.596664
0.837867
0.542734
0.310628
0.816552
0.458302
0.140367
0.924620
0.797071
0.426973
0.600033
0.214604
0.352613
0.357679
0.931788
0.947738
0.704704
0.057132
0.712964
0.456677
0.765093
0.136273
0.902370
0.261771
0.368310
0.382799
0.921595
0.613765
0.319154
0.385187
0.469348
0.497730
0.808105
0.115726
0.492034
0.517566
0.052271
0.626408
0.529444
0.957601
0.580101
0.680668
0.345019
0.299774
0.098555
0.140451
0.652196
0.748892
0.157900
0.343650
0.476991
0.474920
0.890631
0.430307
0.099554
0.874346
0.059894
0.597113
0.868937
0.094406
0.621663
0.265443
0.246395
0.563872
0.171454
0.047181
0.684274
0.748457
0.042176
0.684274
0.675480
0.566309
0.236884
0.027103
0.652196
0.329666
0.081289
0.918085
0.736427
0.107474
0.167289
0.843000
0.316563
0.147188
0.958593
0.961584
0.326026
0.107474
0.908456
0.486786
0.596664
0.489932
0.356452
0.483859
0.111290
0.858567
0.904674
0.479899
0.768943
0.634321
0.957800
0.032824
0.665768
0.463808
0.503030
0.379873
0.629798
0.518426
0.402916
0.118621
0.498576
0.587923
0.296679
0.081394
0.025116
0.022438
0.027008
0.552171
0.682471
0.408615
0.716749
0.193033
0.842622
0.033099
0.149048
0.005401
0.134713
0.978697
0.759720
0.884536
0.088869
0.202036
0.656722
0.016399
0.388879
0.332164
0.290105
0.688101
0.083731
0.132765
0.136108
0.170854
0.260229
0.604980
0.852896
0.566309
0.722300
0.852527
0.047889
0.020569
0.324216
0.866818
0.646086
0.270302
0.402727
0.498153
0.233135
0.732247
0.438010
0.178379
0.451619
0.108823
0.465037
0.314308
0.396515
0.408997
0.146660
0.144305
0.071961
0.549971
0.281703
0.889653
0.557902
0.350358
0.000547
0.044781
0.232109
0.844886
0.004049
0.163018
0.382066
0.660115
0.401971
0.611962
0.575420
0.430110
0.053835
0.559448
0.194585
0.272323
0.204686
0.682021
0.013645
0.314790
0.180355
0.282000
0.509208
0.240154
0.576757
0.115511
0.239366
0.485112
0.270590
0.295141
0.176935
0.144218
0.778710
0.214363
0.163114
0.072953
0.065310
0.377143
0.341094
0.552171
0.043728
0.537709
0.097257
0.449603
0.852896
0.544486
0.666220
0.221920
0.966662
0.894666
0.400838
0.252898
0.986786
0.361907
0.538582
0.976574
0.193918
0.067138
0.861640
0.737306
0.300396
0.595318
0.674126
0.277423
0.634999
0.862718
0.445787
0.932819
0.441790
0.560774
0.907555
0.386477
0.229180
0.347596
0.164077
0.992955
0.625504
0.702914
0.583450
0.399708
0.347596
0.976574
0.564980
0.857476
0.498576
0.951584
0.371899
0.845262
0.766378
0.312544
0.703809
0.260929
0.462582
0.448396
0.094526
0.531832
0.274937
0.738623
0.927984
0.420931
0.504305
0.179105
0.188764
0.215689
0.969294
0.388879
0.168175
0.872959
0.620760
0.350358
0.479483
0.960824
0.111083
0.472233
0.494351
0.134061
0.332498
0.718527
0.961394
0.544486
0.368489
0.291016
0.173366
0.550851
0.755185
0.318505
0.110945
0.451215
0.665315
0.348285
0.594869
0.314469
0.362084
0.730924
0.766806
0.983157
0.675029
0.440594
0.454043
0.021347
0.840916
0.219460
0.444186
0.645634
0.589266
0.134469
0.757563
0.309674
0.587475
0.396515
0.374967
0.688101
0.094946
0.346564
0.235975
0.477821
0.082821
0.912458
0.264875
0.202724
0.331163
0.885867
0.161773
0.987796
0.936486
0.026055
0.846013
0.750848
0.177759
0.410525
0.923801
0.115154
0.265159
0.188656
0.273918
0.541640
0.019747
0.860559
0.300862
0.301486
0.979485
0.902061
0.421708
0.193033
0.388509
0.972114
0.511774
0.458302
0.258277
0.679090
0.049366
0.502393
0.944428
0.843378
0.063067
0.841675
0.729601
0.599359
0.851788
0.019175
0.657400
0.117601
0.735328
0.580547
0.506008
0.568972
0.904674
0.581440
0.451215
0.097811
0.307612
0.547994
0.462991
0.654007
0.890957
0.806889
0.366346
0.032893
0.333167
0.608807
0.359437
0.379691
0.712519
0.868585
0.274791
0.992955
0.398015
0.122404
0.314469
0.323560
0.042061
0.242265
0.752585
0.853632
0.554373
0.081080
0.200550
0.279041
0.112752
0.417060
0.854000
0.439997
0.196819
0.398767
0.367417
0.842243
0.094227
0.727392
0.521873
0.997061
0.236235
0.333501
0.961960
0.438407
0.426582
0.219705
0.818147
0.077596
0.104884
0.740814
0.926379
0.139860
0.424238
0.210663
0.275959
0.258277
0.849934
0.843378
0.712073
0.889653
0.903756
0.430700
0.759720
0.412633
0.028013
0.123537
0.676834
0.862359
0.314630
0.763806
0.952441
0.976574
0.475334
0.266438
0.457896
0.908156
0.770223
0.788989
0.596664
0.346220
0.858204
0.368310
0.727171
0.072858
0.947962
0.839775
0.540766
0.740376
0.063989
0.786066
0.235846
0.451215
0.724516
0.682021
0.730924
0.529661
0.581440
0.347940
0.652649
0.585015
0.453639
0.444186
0.560332
0.011553
0.966662
0.270879
0.563650
0.674577
0.901131
0.065267
0.189525
0.885202
0.151108
0.660567
0.582333
0.208773
0.126988
0.961394
0.867526
0.999664
0.754319
0.913918
0.597113
0.205150
0.517566
0.172056
0.711181
0.674577
0.198508
0.189634
0.849934
0.288742
0.266011
0.290105
0.024606
0.654007
0.711627
0.763591
0.371539
0.073048
0.580547
0.267008
0.613089
0.503030
0.628668
0.062363
0.955062
0.685625
0.993804
0.037927
0.602281
0.587027
0.969460
0.646539
0.582333
0.071493
0.691249
0.676834
0.401971
0.192041
0.272902
0.326026
0.553932
0.492034
0.555916
0.995776
0.269727
0.115297
0.587027
0.386661
0.899884
0.213523
0.568972
0.257999
0.656722
0.879318
0.740376
0.906499
0.651744
0.383533
0.095006
0.218360
0.270446
0.483024
0.585238
0.442588
0.444586
0.229687
0.201120
0.325202
0.567197
0.113948
0.821718
0.420155
0.517136
0.122555
0.884203
0.008838
0.367060
0.759289
0.379691
0.678188
0.255646
0.593972
0.018983
0.288742
0.344334
0.742565
0.434840
0.094346
0.319804
0.151288
0.401971
0.673675
0.904979
0.374967
0.098183
0.011046
0.611962
0.883534
0.277130
0.542297
0.181927
0.174583
0.739061
0.804856
0.820134
0.719860
0.208773
0.843755
0.894025
0.527276
0.676383
0.449201
0.800975
0.132041
0.739061
0.094286
0.999951
0.257721
0.670287
0.358381
0.780397
0.212925
0.531397
0.289498
0.741252
0.267864
0.958593
0.954855
0.646086
0.827030
0.263743
0.978961
0.242000
0.328008
0.257444
0.380603
0.536401
0.590161
0.652649
0.036341
0.604080
0.903449
0.923801
0.241736
0.633416
0.158838
0.959863
0.781239
0.538146
0.696863
0.788572
0.205150
0.233135
0.446991
0.244123
0.175398
0.018983
0.264875
0.629798
0.542078
0.990565
0.919779
0.520148
0.323560
0.389249
0.859836
0.894666
0.895942
0.711627
0.700675
0.513058
0.730924
0.217142
0.969460
0.685175
0.544924
0.839394
0.225527
0.698209
0.813951
0.119134
0.708950
0.825069
0.297605
0.786902
0.483441
0.739061
0.957800
0.313185
0.910246
0.735768
0.759720
0.479067
0.105807
0.647444
0.223407
0.630702
0.620309
0.322250
0.021060
0.525545
0.924074
0.023036
0.747150
0.132121
0.393897
0.491192
0.055147
0.773840
0.857840
0.744969
0.986488
0.643144
0.700227
0.904369
0.587923
0.864150
0.684724
0.708950
0.675932
0.682922
0.348975
0.410334
0.125675
0.556357
0.010836
0.707833
0.744532
0.228926
0.171454
0.293914
0.264875
0.978697
0.269584
0.938831
0.680217
0.062034
0.677737
0.434248
0.958395
0.993214
0.738623
0.492876
0.682471
0.389620
0.957401
0.759289
0.889980
0.730483
0.061259
0.552171
0.979355
0.299929
0.504305
0.059775
0.884536
0.471820
0.682922
0.424628
0.685175
0.270879
0.414554
0.125291
0.261350
0.795834
0.496039
0.652649
0.590161
0.792938
0.968627
0.892415
0.966138
0.154106
0.517566
0.808510
0.774264
0.158275
0.896260
0.476577
0.459930
0.471820
0.372259
0.358909
0.616246
0.405950
0.241736
0.588370
0.166604
0.334171
0.748457
0.423264
0.352440
0.884869
0.156040
0.695068
0.209952
0.511346
0.378961
0.999778
0.260509
0.765093
0.669383
0.267293
0.738184
0.293914
0.656722
0.839013
0.985776
0.660567
0.057285
0.424238
0.635452
0.788572
0.029565
0.115297
0.167387
0.424238
0.438804
0.448798
0.161201
0.681570
0.968962
0.041180
0.147541
0.644276
0.289498
0.064243
0.081080
0.313506
0.879657
0.271167
0.256751
0.273192
0.893704
0.974625
0.128785
0.373702
0.888342
0.090875
0.643823
0.922702
0.819737
0.943496
0.571416
0.019424
0.833446
0.194696
0.973728
0.845638
0.551291
0.517996
0.780397
0.807294
0.627312
0.392779
0.163980
0.768089
0.808105
0.843755
0.627764
0.149762
0.985094
0.733128
0.169559
0.828983
0.555254
0.257305
0.992756
0.549532
0.207130
0.894666
0.313826
0.597562
0.129257
0.064710
0.320455
0.772565
0.400838
0.940046
0.656722
0.836718
0.345877
0.384635
0.753019
0.517996
0.129968
0.563208
0.469348
0.601382
0.081080
0.782501
0.984665
0.661019
0.167387
0.456677
0.453032
0.014172
0.894345
0.330497
0.319967
0.562101
0.861280
0.691699
0.134387
0.545801
0.272612
0.457896
0.482607
0.768089
0.524680
0.613765
0.980697
0.234810
0.239235
0.063947
0.905892
0.346907
0.003681
0.718971
0.182771
0.507714
0.234939
0.036291
0.838249
0.303048
0.591730
0.819737
0.455258
0.611962
0.982222
0.468936
0.862359
0.890306
0.753886
0.759289
0.065568
0.144218
0.509635
0.394270
0.857840
0.917516
0.172156
0.674577
0.235846
0.180250
0.525978
0.237535
0.089438
0.422291
0.219460
0.122781
0.545801
0.951153
