0.323365
0.797033
0.864295
0.158914
0.361520
0.426349
0.182856
0.241711
0.842965
0.539414
0.910218
0.383866
0.659394
0.465613
0.437377
0.537668
0.331965
0.177843
0.198148
0.388289
0.360108
0.534183
0.386811
0.143425
0.486328
0.105266
0.225754
0.261885
0.912577
0.254106
0.172540
0.291139
0.131785
0.557860
0.510878
0.872753
0.360108
0.207811
0.823655
0.111485
0.845978
0.182013
0.158163
0.680175
0.716929
0.685583
0.163866
0.986479
0.713368
0.848969
0.340043
0.943239
0.048797
0.491363
0.706227
0.709801
0.011324
0.771035
0.912577
0.572041
0.271573
0.169342
0.144116
0.822077
0.427915
0.220787
0.629530
0.516021
0.650344
0.360108
0.633147
0.314278
0.603363
0.956778
0.323365
0.848969
0.663012
0.708015
0.735507
0.872753
0.024291
0.489682
0.296034
0.657584
0.681978
0.089086
0.310439
0.715150
0.134372
0.113160
0.103695
0.769330
0.869959
0.489682
0.800322
0.132428
0.847476
0.316856
0.383866
0.764195
0.631338
0.365778
0.293579
0.142052
0.818905
0.053613
0.000249
0.713368
0.103176
0.432632
0.360108
0.792070
0.231830
0.276224
0.096388
0.685583
0.800322
0.956778
0.622299
0.715150
0.063561
0.133721
0.627721
0.559627
0.622299
0.121565
0.049593
0.944174
0.191911
0.746019
0.486328
0.774437
0.685583
0.260763
0.408579
0.009596
0.718708
0.765909
0.566711
0.443749
0.978817
0.910218
0.874140
0.929809
0.795382
0.380934
0.985663
0.956778
0.400991
0.239604
0.742524
0.258529
0.255206
0.383866
0.733747
0.435792
0.255206
0.627721
0.015218
0.716929
0.341402
0.504053
0.360108
0.358700
0.206874
0.380934
0.342765
0.869959
0.460707
0.676566
0.534183
0.429484
0.013823
0.429484
0.207811
0.106859
0.546417
0.909027
0.049861
0.003234
0.414711
0.166194
0.212544
0.136340
0.320750
0.958377
0.652154
0.970264
0.416252
0.062893
0.171736
0.222763
0.620492
0.011663
0.926623
0.091852
0.459078
0.082280
0.625913
0.765909
0.570263
0.241711
0.048797
0.325995
0.910218
0.407055
0.157416
0.652154
0.386811
0.225754
0.910218
0.437377
0.114288
0.432632
0.601564
0.869959
0.143425
0.133073
0.592584
0.559627
0.486328
0.678371
0.477990
0.404016
0.907828
0.120969
0.361520
0.864295
0.240655
0.012551
0.211590
0.943239
0.850456
0.927693
0.275056
0.978817
0.386811
0.314278
0.822077
0.050130
0.432632
0.927693
0.357295
0.000470
0.865720
0.095417
0.570263
0.906622
0.324678
0.926623
0.867139
0.280934
0.198148
0.315565
0.259644
0.133073
0.077536
0.156671
0.258529
0.400991
0.147613
0.537668
0.541162
0.869959
0.648533
0.405534
0.957582
0.683781
0.256310
0.715150
0.841450
0.168551
0.657584
0.537668
0.687383
0.098357
0.379474
0.661203
0.774437
0.926623
0.790407
0.822077
0.032076
0.440557
0.316856
0.199052
0.633147
0.739020
0.407055
0.041006
0.624106
0.213501
0.685583
0.260763
0.405534
0.678371
0.167762
0.477990
0.995534
0.088632
0.182013
0.646723
0.122767
0.504053
0.312995
0.379474
0.249199
0.943239
0.222763
0.597969
0.772738
0.735507
0.129874
0.258529
0.333302
0.516021
0.847476
0.067174
0.868552
0.123371
0.314278
0.742524
0.405534
0.986479
0.541162
0.239604
0.687383
0.706227
0.845978
0.731985
0.170137
0.889622
0.541162
0.971548
0.945100
0.273891
0.820493
0.842965
0.968946
0.365778
0.194564
0.057929
0.740773
0.535924
0.943239
0.126432
0.315565
0.991517
0.774437
0.494733
0.102144
0.096877
0.772738
0.385337
0.869959
0.113160
0.026664
0.223757
0.568486
0.687383
0.113723
0.596173
0.335988
0.959163
0.955966
0.228776
0.021993
0.622299
0.365778
0.484655
0.167762
0.575601
0.005360
0.713368
0.790407
0.795382
0.457451
0.958377
0.482985
0.742524
0.979343
0.941345
0.512590
0.193676
0.143425
0.692780
0.737265
0.537668
0.845978
0.689183
0.847476
0.068959
0.678371
0.969609
0.943239
0.910218
0.980370
0.021993
0.910218
0.357295
0.101632
0.977740
0.657584
0.225754
0.566711
0.534183
0.205012
0.744273
0.380934
0.914906
0.300989
0.272730
0.687383
0.361520
0.929809
0.296034
0.847476
0.955966
0.114288
0.454207
0.476330
0.744273
0.459078
0.255206
0.489682
0.166977
0.685583
0.502353
0.769330
0.746019
0.970264
0.622299
0.888312
0.739020
0.280934
0.024848
0.337336
0.911401
0.537668
0.844474
0.956778
0.942296
0.737265
0.484655
0.744273
0.573820
0.279751
0.408579
0.459078
0.408579
0.166194
0.105266
0.740773
0.596173
0.452590
0.410107
0.653964
0.944174
0.144116
0.020361
0.486328
0.484655
0.455828
0.646723
0.592584
0.509168
0.049861
0.945100
0.985663
0.941345
0.530705
0.380934
0.105266
0.010581
0.864295
0.629530
0.179501
0.354497
0.035346
0.592584
0.254106
0.798679
0.820493
0.735507
0.764195
0.427915
0.141369
0.479652
0.959163
0.850456
0.926623
0.022886
0.259644
0.534183
0.946018
0.818905
0.491363
0.889622
0.142737
0.911401
0.514304
0.459078
0.507460
0.655774
0.704438
0.795382
0.541162
0.181172
0.132428
0.970264
0.817313
0.650344
0.825229
0.049861
0.170935
0.959941
0.625913
0.771035
0.744273
0.001463
0.970910
0.625913
0.096388
0.297267
0.082280
0.563166
0.208751
0.179501
0.278571
0.013231
0.546417
0.294805
0.376564
0.978283
0.054481
0.089086
0.865720
0.510878
0.795382
0.519462
0.546417
0.865720
0.223757
0.405534
0.404016
0.774437
0.259644
0.541162
0.955966
0.166194
0.484655
0.235433
0.135025
0.482985
0.050673
0.484655
0.590791
0.711585
0.892223
0.890926
0.788742
0.986479
0.657584
0.687383
0.992096
0.769330
0.484655
0.718708
0.143425
0.708015
0.435792
0.063897
0.977740
0.482985
0.570263
0.739020
0.657584
0.622299
0.064235
0.535924
0.942296
0.622299
0.122767
0.322056
0.123371
0.054773
0.760756
0.258529
0.178670
0.376564
0.683781
0.771035
0.542912
0.970264
0.388289
0.798679
0.348253
0.631338
0.096388
0.987265
0.064575
0.437377
0.382398
0.683781
0.482985
0.240655
0.338687
0.629530
0.599766
0.928755
0.342765
0.462339
0.270419
0.429484
0.867139
0.742524
0.929809
0.886994
0.844474
0.955146
0.942296
0.742524
0.927693
0.239604
0.340043
0.012924
0.124587
0.101377
0.740773
0.122165
0.005295
0.315565
0.958377
0.942296
0.207811
0.383866
0.512590
0.713368
0.845978
0.978283
0.310439
0.971548
0.625913
0.986875
0.454207
0.683781
0.432632
0.046101
0.300989
0.389770
0.797033
0.261885
0.954317
0.049326
0.410107
0.341402
0.383866
0.011526
0.986075
0.337336
0.153723
0.689183
0.680175
0.294805
0.925544
0.735507
0.542912
0.979343
0.311715
0.104740
0.795382
0.183703
0.437377
0.771035
0.207811
0.594378
0.265274
0.787072
0.404016
0.968946
0.599766
0.207811
0.311715
0.850456
0.355894
0.119783
0.161184
0.146205
0.687383
0.440557
0.944174
0.767621
0.769330
0.592584
0.620492
0.045357
0.362936
0.323365
0.168551
0.798679
0.871359
0.601564
0.539414
0.769330
0.323365
0.010519
0.431056
0.165415
0.505755
0.685583
0.825229
0.534183
0.629530
0.839930
0.259644
0.361520
0.652154
0.646723
0.620492
0.737265
0.504053
0.572041
0.943239
0.740773
0.367205
0.659394
0.825229
0.772738
0.028285
0.709801
0.912577
0.868552
0.414711
0.516021
0.455828
0.893513
0.847476
0.316856
0.886994
0.735507
0.357295
0.862864
0.532443
0.622299
0.625913
0.678371
0.104740
0.814114
0.147613
0.868552
0.435792
0.942296
0.065259
0.517740
0.468898
0.589000
0.408579
0.476330
0.995534
0.820493
0.437377
0.146908
0.986479
0.338687
0.713368
0.364355
0.708015
0.633147
0.958377
0.011663
0.297267
0.429484
0.142052
0.034191
0.652154
0.240655
0.625913
0.509168
0.361520
0.196349
0.087731
0.844474
0.594378
0.765909
0.197247
0.650344
0.599766
0.163866
0.680175
0.404016
0.385337
0.072659
0.388289
0.514304
0.335988
0.534183
0.561396
0.070051
0.625913
0.601564
0.259644
0.942296
0.818905
0.144116
0.957582
0.122767
0.537668
0.683781
0.191911
0.539414
0.410107
0.929809
0.590791
0.231830
0.357295
0.051498
0.711585
0.364355
0.429484
0.385337
0.909027
0.942296
0.685583
0.911401
0.631338
0.818905
0.618686
0.367205
0.537668
0.557860
0.944174
0.627721
0.243832
0.064916
0.765909
0.460707
0.004330
0.683781
0.747762
0.685583
0.005392
0.509168
0.790407
0.713368
0.045111
0.338687
0.943239
0.764195
0.746019
0.434210
0.957582
0.053041
0.913746
0.797033
0.737265
0.968946
0.438965
0.504053
0.073996
0.599766
0.765909
0.564938
0.133721
0.535924
0.153723
0.871359
0.715150
0.355894
0.815715
0.296034
0.537668
0.005327
0.676566
0.793728
0.505755
0.596173
0.739020
0.847476
0.818905
0.002187
0.484655
0.429484
0.871359
0.407055
0.168551
0.959941
0.071531
0.231830
0.765909
0.541162
0.383866
0.455828
0.431056
0.889622
0.869959
0.013663
0.683781
0.294805
0.716929
0.362936
0.123371
0.995534
0.135681
0.058239
0.059807
0.815715
0.795382
0.400991
0.624106
0.706227
0.946928
0.123371
0.516021
0.792070
0.110381
0.090459
0.978283
0.793728
0.296034
0.013986
0.302237
0.449364
0.382398
0.620492
0.276224
0.601564
0.634957
0.888312
0.681978
0.404016
0.260763
0.041684
0.512590
0.869959
0.925544
0.319448
0.437377
0.842965
0.355894
0.123978
0.114288
0.132428
0.893513
0.364355
0.240655
0.889622
0.969609
0.090459
0.718708
0.179501
0.979861
0.514304
0.625913
0.793728
0.842965
0.689183
0.541162
0.015218
0.512590
0.709801
0.316856
0.408579
0.765909
0.053901
0.021993
0.678371
0.143425
0.907828
0.566711
0.629530
0.516021
0.841450
0.408579
0.283311
0.709801
0.912577
0.344131
0.088180
0.238556
0.735507
0.509168
0.183703
0.153723
0.402502
0.009827
0.713368
0.970910
0.314278
0.273891
0.762477
0.271573
0.820493
0.032076
0.742524
0.739020
0.544664
0.844474
0.572041
0.716929
0.627721
0.957582
0.509168
0.514304
0.314278
0.283311
0.333302
0.455828
0.599766
0.058549
0.943239
0.209694
0.181172
0.083560
0.847476
0.711585
0.631338
0.716929
0.744273
0.589000
0.563166
0.112041
0.358700
0.426349
0.765909
0.890926
0.687383
0.113723
0.049593
0.278571
0.510878
0.683781
0.270419
0.798679
0.568486
0.199960
0.408579
0.716929
0.278571
0.633147
0.380934
0.178670
0.510878
0.541162
0.978283
0.455828
0.818905
0.944174
0.514304
0.242770
0.297267
0.624106
0.955146
0.797033
0.205941
0.502353
0.462339
0.926623
0.273891
0.792070
0.541162
0.181172
0.744273
0.659394
0.620492
0.278571
0.534183
0.043072
0.959163
0.146205
0.431056
0.026664
0.587209
0.590791
0.788742
0.031544
0.542912
0.194564
0.681978
0.517740
0.386811
0.089999
0.597969
0.195455
0.312995
0.383866
0.509168
0.166194
0.182013
0.706227
0.541162
0.133073
0.318150
0.956778
0.488004
0.573820
0.735507
0.214461
0.294805
0.255206
0.088180
0.585420
0.512590
0.817313
0.452590
0.735507
0.653964
0.708015
0.014150
0.844474
0.340043
0.716929
0.097368
0.570263
0.136340
0.208751
0.510878
0.124587
0.886994
0.386811
0.603363
0.510878
0.601564
0.872753
0.038500
0.622299
0.942296
0.537668
0.427915
0.872753
0.818905
0.767621
0.013823
0.364355
0.907828
0.407055
0.652154
0.338687
0.076339
0.968946
0.455828
0.038079
0.625913
0.088180
0.622299
0.388289
0.889622
0.462339
0.298504
0.737265
0.473020
0.925544
0.769330
0.455828
0.113160
0.199052
0.979343
0.500655
0.800322
0.230808
0.737265
0.627721
0.358700
0.493047
0.622299
0.491363
0.404016
0.760756
0.004011
0.243832
0.449364
0.889622
0.889622
0.382398
0.767621
0.378017
0.074382
0.261885
0.089542
0.113723
0.379474
0.715150
0.594378
0.716929
0.340043
0.488004
0.650344
0.625913
0.744273
0.681978
0.844474
0.379474
0.573820
0.542912
0.510878
0.431056
0.765909
0.361520
0.535924
0.212544
0.769330
0.822077
0.814114
0.767621
0.318150
0.820493
0.767621
0.929809
0.957582
0.151542
0.457451
0.731985
0.823655
0.391255
0.256310
0.943239
0.148321
0.657584
0.979861
0.437377
0.681978
0.385337
0.424787
0.746019
0.868552
0.940385
0.537668
0.570263
0.798679
0.940385
0.514304
0.557860
0.046352
0.548173
0.946018
0.494733
0.312995
0.893513
0.685583
0.298504
0.210640
0.542912
0.297267
0.117732
0.865720
0.689183
0.276224
0.373668
0.537668
0.058239
0.210640
0.033627
0.530705
0.259644
0.408579
0.279751
0.427915
0.153723
0.357295
0.488004
0.431056
0.225754
0.001835
0.380934
0.318150
0.817313
0.155191
0.845978
0.655774
0.459078
0.564938
0.337336
0.823655
0.765909
0.943239
0.082280
0.256310
0.465613
0.627721
0.979861
0.708015
0.970264
0.133073
0.820493
0.735507
0.564938
0.568486
0.411638
0.340043
0.110932
0.256310
0.316856
0.179501
0.089999
0.944174
0.676566
0.978817
0.564938
0.166194
0.120969
0.440557
0.484655
0.868552
0.606963
0.196349
0.708015
0.907828
0.627721
0.907828
0.596173
0.143425
0.795382
0.077536
0.685583
0.706227
0.059175
0.661203
0.386811
0.476330
0.869959
0.622299
0.379474
0.435792
0.144809
0.546417
0.447756
0.258529
0.397980
0.969609
0.010152
0.884338
0.007013
0.357295
0.977190
0.102659
0.155930
0.909027
0.379474
0.259644
0.650344
0.542912
0.297267
0.970910
0.314278
0.868552
0.599766
0.335988
0.226758
0.225754
0.087731
0.459078
0.411638
0.622299
0.006388
0.561396
0.928755
0.892223
0.509168
0.680175
0.735507
0.105795
0.519462
0.434210
0.514304
0.906622
0.070051
0.166194
0.482985
0.367205
0.241711
0.303489
0.018206
0.104740
0.505755
0.539414
0.909027
0.316856
0.192792
0.798679
0.801960
0.278571
0.620492
0.345501
0.416252
0.462339
0.071158
0.709801
0.925544
0.199960
0.532443
0.927693
0.489682
0.823655
0.408579
0.298504
0.650344
0.355894
0.320750
0.130508
0.476330
0.239604
0.995338
0.365778
0.222763
0.910218
0.095417
0.594378
0.977190
0.601564
0.514304
0.620492
0.318150
0.713368
0.702648
0.928755
0.180335
0.986075
0.957582
0.044261
0.820493
0.460707
0.509168
0.316856
0.889622
0.519462
0.737265
0.546417
0.772738
0.841450
0.678371
0.129242
0.160424
0.817313
0.429484
0.136340
0.032076
0.122767
0.968946
0.484655
0.103695
0.927693
0.817313
0.764195
0.517740
0.625913
0.135681
0.510878
0.432632
0.378017
0.718708
0.740773
0.315565
0.690982
0.986479
0.021868
0.224754
0.995338
0.823655
0.294805
0.404016
0.865720
0.493047
0.440557
0.181172
0.402502
0.058861
0.542912
0.277396
0.041684
0.767621
0.844474
0.186263
0.929809
0.041006
0.380934
0.402502
0.171736
0.459078
0.316856
0.795382
0.594378
0.868552
0.018311
0.848969
0.330632
0.236470
0.867139
0.016457
0.021620
0.517740
0.411638
0.298504
0.844474
0.191911
0.618686
0.890926
0.179501
0.798679
0.103695
0.207811
0.407055
0.681978
0.018311
0.912577
0.790407
0.452590
0.482985
0.026365
0.535924
0.191911
0.312995
0.405534
0.338687
0.297267
0.429484
0.455828
0.822077
0.925544
0.633147
0.180335
0.177018
0.205941
0.970264
0.764195
0.795382
0.739020
0.481317
0.123978
0.930855
0.338687
0.454207
0.601564
0.121565
0.190158
0.276224
0.739020
0.143425
0.946928
0.298504
0.514304
0.297267
0.676566
0.820493
0.465613
0.978817
0.850456
0.315565
0.737265
0.263011
0.930855
0.742524
0.510878
0.155930
0.851938
0.434210
0.868552
0.977740
0.000638
0.338687
0.797033
0.681978
0.709801
0.194564
0.429484
0.959163
0.362936
0.535924
0.488004
0.035151
0.016267
0.120969
0.087731
0.616881
0.113160
0.477990
0.261885
0.627721
0.978817
0.587209
0.541162
0.653964
0.090459
0.002993
0.957582
0.338687
0.685583
0.744273
0.379474
0.452590
0.362936
0.029915
0.481317
0.713368
0.093977
0.314278
0.205012
0.434210
0.817313
0.316856
0.568486
0.542912
0.238556
0.867139
0.075551
0.790407
0.244898
0.713368
0.463975
0.024568
0.986479
0.410107
0.507460
0.737265
0.968275
0.790407
0.502353
0.414711
0.455828
0.142737
0.945100
0.200871
0.507460
0.510878
0.460707
0.462339
0.034957
0.624106
0.157416
0.434210
0.537668
0.867139
0.862864
0.970910
0.597969
0.057316
0.193676
0.385337
0.572041
0.818905
0.365778
0.585420
0.177843
0.011594
0.260763
0.603363
0.542912
0.385337
0.247041
0.839930
0.790407
0.620492
0.310439
0.512590
0.663012
0.006929
0.572041
0.212544
0.432632
0.747762
0.627721
0.978283
0.259644
0.146908
0.544664
0.687383
0.977740
0.997905
0.737265
0.432632
0.065259
0.177018
0.180335
0.437377
0.125814
0.142052
0.238556
0.868552
0.181172
0.968275
0.182013
0.800322
0.167762
0.228776
0.969609
0.541162
0.968946
0.171736
0.020478
0.652154
0.388289
0.650344
0.968946
0.535924
0.354497
0.320750
0.296034
0.397980
0.260763
0.790407
0.107932
0.166194
0.276224
0.431056
0.537668
0.946018
0.885669
0.362936
0.166194
0.823655
0.885669
0.113723
0.842965
0.512590
0.844474
0.454207
0.383866
0.987265
0.792070
0.652154
0.672955
0.685583
0.739020
0.265274
0.618686
0.382398
0.291139
0.103695
0.455828
0.145506
0.482985
0.928755
0.735507
0.739020
0.653964
0.034957
0.622299
0.095902
0.133721
0.477990
0.240655
0.220787
0.181172
0.746019
0.399484
0.708015
0.711585
0.585420
0.423228
0.296034
0.519462
0.928755
0.479652
0.564938
0.197247
0.247041
0.689183
0.455828
0.534183
0.049061
0.957582
0.400991
0.030848
0.594378
0.958377
0.258529
0.185407
0.457451
0.196349
0.333302
0.815715
0.273891
0.850456
0.599766
0.239604
0.457451
0.771035
0.431056
0.706227
0.220787
0.709801
0.653964
0.977190
0.772738
0.822077
0.411638
0.704438
0.715150
0.912577
0.871359
0.678371
0.385337
0.257418
0.408579
0.143425
0.405534
0.541162
0.596173
0.911401
0.309167
0.868552
0.955146
0.624106
0.314278
0.742524
0.455828
0.261885
0.823655
0.166977
0.958377
0.362936
0.048797
0.182856
0.257418
0.622299
0.650344
0.319448
0.907828
0.771035
0.869959
0.943239
0.661203
0.731985
0.113723
0.597969
0.275056
0.890926
0.098357
0.709801
0.186263
0.481317
0.739020
0.112599
0.228776
0.024429
0.405534
0.624106
0.772738
0.678371
0.228776
0.739020
0.294805
0.155930
0.427915
0.690982
0.075160
0.260763
0.927693
0.844474
0.735507
0.793728
0.144809
0.706227
0.537668
0.431056
0.769330
0.335988
0.062893
0.888312
0.986479
0.510878
0.144116
0.709801
0.338687
0.042142
0.293579
0.407055
0.740773
0.845978
0.296034
0.008648
0.928755
0.570263
0.687383
0.237511
0.910218
0.123371
0.315565
0.362936
0.739020
0.504053
0.792070
0.970264
0.335988
0.930855
0.818905
0.134372
0.998018
0.134372
0.509168
0.385337
0.509168
0.797033
0.015042
0.911401
0.144116
0.481317
0.297267
0.299745
0.620492
0.510878
0.452590
0.769330
0.463975
0.742524
0.992096
0.259644
0.631338
0.737265
0.294805
0.083990
0.960711
0.592584
0.240655
0.160424
0.070051
0.657584
0.082280
0.156671
0.294805
0.603363
0.650344
0.459078
0.248118
0.765909
0.144809
0.096388
0.592584
0.865720
0.822077
0.868552
0.929809
0.790407
0.207811
0.713368
0.432632
0.380934
0.765909
0.790407
0.049061
0.100361
0.337336
0.867139
0.735507
0.913746
0.739020
0.865720
0.573820
0.041457
0.661203
0.298504
0.157416
0.020245
0.065949
0.279751
0.652154
0.193676
0.910218
0.762477
0.238556
0.297267
0.795382
0.539414
0.338687
0.386811
0.872753
0.298504
0.907828
0.223757
0.655774
0.845978
0.627721
0.070788
0.739020
0.709801
0.147613
0.885669
0.337336
0.652154
0.199052
0.685583
0.052757
0.713368
0.379474
0.537668
0.737265
0.977740
0.298504
0.459078
0.711585
0.566711
0.868552
0.278571
0.504053
0.482985
0.709801
0.222763
0.197247
0.594378
0.596173
0.096388
0.568486
0.674761
0.223757
0.096877
0.910218
0.871359
0.957582
0.407055
0.711585
0.018523
0.709801
0.888312
0.465613
0.563166
0.657584
0.709801
0.822077
0.193676
0.242770
0.893513
0.018737
0.484655
0.740773
0.926623
0.222763
0.653964
0.075160
0.737265
0.737265
0.197247
0.460707
0.869959
0.209694
0.316856
0.032076
0.624106
0.242770
0.170137
0.434210
0.889622
0.207811
0.774437
0.681978
0.386811
0.894796
0.113723
0.245968
0.000131
0.746019
0.823655
0.566711
0.404016
0.410107
0.296034
0.340043
0.731985
0.133721
0.655774
0.141369
0.000630
0.296034
0.257418
0.102144
0.890926
0.071531
0.913746
0.926623
0.314278
0.733747
0.597969
0.652154
0.848969
0.596173
0.375114
0.769330
0.956778
0.416252
0.331965
0.512590
0.379474
0.228776
0.627721
0.481317
0.212544
0.592584
0.652154
0.239604
0.659394
0.871359
0.454207
0.254106
0.427915
0.769330
0.125814
0.488004
0.539414
0.822077
0.146205
0.484655
0.646723
0.299745
0.199052
0.892223
0.034572
0.542912
0.561396
0.342765
0.892223
0.236470
0.867139
0.927693
0.312995
0.338687
0.180335
0.845978
0.704438
0.026514
0.737265
0.438965
0.910218
0.769330
0.481317
0.767621
0.680175
0.153723
0.181172
0.208751
0.822077
0.683781
0.176197
0.184553
0.825229
0.012405
0.408579
0.814114
0.278571
0.907828
0.687383
0.386811
0.358700
0.735507
0.459078
0.292357
0.226758
0.624106
0.404016
0.238556
0.375114
0.869959
0.946928
0.706227
0.342765
0.737265
0.190158
0.193676
0.772738
0.771035
0.482985
0.435792
0.007141
0.296034
0.166977
0.625913
0.069686
0.391255
0.631338
0.926623
0.277396
0.136340
0.457451
0.063226
0.867139
0.123371
0.793728
0.241711
0.212544
0.709801
0.740773
0.083990
0.075160
0.431056
0.889622
0.244898
0.300989
0.541162
0.278571
0.410107
0.260763
0.572041
0.481317
0.659394
0.537668
0.414711
0.240655
0.715150
0.144116
0.102144
0.358700
0.239604
0.320750
0.315565
0.260763
0.622299
0.817313
0.844474
0.760756
0.450976
0.790407
0.360108
0.131146
0.226758
0.888312
0.817313
0.537668
0.991810
0.678371
0.426349
0.739020
0.942296
0.925544
0.238556
0.907828
0.484655
0.034764
0.867139
0.089542
0.627721
0.113723
0.793728
0.459078
0.592584
0.733747
0.655774
0.589000
0.958377
0.537668
0.383866
0.765909
0.823655
0.906622
0.259644
0.031721
0.653964
0.131785
0.190158
0.631338
0.570263
0.650344
0.532443
0.737265
0.242770
0.868552
0.020478
0.765909
0.541162
0.946018
0.847476
0.158163
0.793728
0.407055
0.771035
0.744273
0.528969
0.449364
0.793728
0.083131
0.467254
0.625913
0.211590
0.223757
0.053041
0.868552
0.704438
0.059490
0.995725
0.512590
0.867139
0.874140
0.462339
0.143425
0.143425
0.739020
0.978817
0.747762
0.599766
0.847476
0.845978
0.573820
0.927693
0.275056
0.408579
0.460707
0.275056
0.113723
0.909027
0.888312
0.438965
0.510878
0.767621
0.541162
0.129242
0.195455
0.334643
0.379474
0.573820
0.358700
0.888312
0.296034
0.869959
0.476330
0.514304
0.650344
0.315565
0.683781
0.482985
0.822077
0.256310
0.925544
0.865720
0.599766
0.946928
0.255206
0.003335
0.168551
0.822077
0.385337
0.179501
0.711585
0.276224
0.031898
0.590791
0.631338
0.259644
0.270419
0.735507
0.889622
0.845978
0.509168
0.125814
0.792070
0.123371
0.716929
0.380934
0.792070
0.465613
0.742524
0.792070
0.027118
0.276224
0.084423
0.845978
0.337336
0.459078
0.927693
0.510878
0.795382
0.022499
0.257418
0.929809
0.652154
0.704438
0.239604
0.892223
0.153723
0.221774
0.041913
0.275056
0.793728
0.909027
