0.738490
0.000252
0.111133
0.000184
0.738490
0.140598
0.738490
0.002245
0.819220
0.819220
0.943425
0.003025
0.819220
0.176496
0.023086
0.738490
0.819220
0.176496
0.819220
0.176496
0.819220
0.176496
0.219672
0.889227
0.819220
0.017539
0.738490
0.943425
0.819220
0.176496
0.889227
0.819220
0.819220
0.943425
0.270840
0.176496
0.017539
0.004066
0.738490
0.738490
0.000252
0.889227
0.566176
0.889227
0.889227
0.889227
0.652512
0.001661
0.943425
0.819220
0.819220
0.819220
0.738490
0.819220
0.652512
0.819220
0.023086
0.943425
0.270840
0.738490
0.111133
0.738490
0.219672
0.738490
0.566176
0.889227
0.738490
0.889227
0.176496
0.819220
0.889227
0.738490
0.889227
0.819220
0.738490
0.140598
0.176496
0.140598
0.889227
0.889227
0.219672
0.013272
0.219672
0.176496
0.889227
0.004066
0.652512
0.219672
0.140598
0.943425
0.652512
0.738490
0.819220
0.017539
0.111133
0.943425
0.819220
0.738490
0.652512
0.652512
0.819220
0.140598
0.889227
0.140598
0.738490
0.889227
0.652512
0.013272
0.738490
0.652512
0.738490
0.176496
0.176496
0.819220
0.819220
0.738490
0.140598
0.566176
0.652512
0.140598
0.738490
0.738490
0.652512
0.819220
0.819220
0.652512
0.566176
0.111133
0.819220
0.889227
0.819220
0.738490
0.738490
0.819220
0.738490
0.889227
0.889227
0.819220
0.652512
0.819220
0.819220
0.176496
0.943425
0.652512
0.889227
0.819220
0.270840
0.819220
0.889227
0.219672
0.819220
0.176496
0.219672
0.738490
0.566176
0.176496
0.017539
0.270840
0.943425
0.819220
0.819220
0.140598
0.738490
0.889227
0.219672
0.738490
0.270840
0.566176
0.889227
0.017539
0.819220
0.889227
0.005448
0.652512
0.738490
0.270840
0.566176
0.652512
0.889227
0.017539
0.176496
0.889227
0.889227
0.943425
0.819220
0.030257
0.738490
0.738490
0.889227
0.819220
0.889227
0.943425
0.819220
0.652512
0.111133
0.819220
0.000345
0.003025
0.652512
0.652512
0.819220
0.889227
0.652512
0.140598
0.943425
0.270840
0.889227
0.219672
0.002245
0.819220
0.176496
0.652512
0.889227
0.738490
0.219672
0.652512
0.819220
0.943425
0.652512
0.176496
0.652512
0.140598
0.889227
0.819220
0.889227
0.819220
0.176496
0.738490
0.001661
0.889227
0.819220
0.176496
0.889227
0.819220
0.738490
0.819220
0.219672
0.176496
0.819220
0.270840
0.819220
0.889227
0.819220
0.140598
0.889227
0.738490
0.738490
0.176496
0.002245
0.738490
0.176496
0.943425
0.176496
0.652512
0.652512
0.819220
0.943425
0.176496
0.819220
0.889227
0.176496
0.889227
0.738490
0.738490
0.889227
0.819220
0.819220
0.889227
0.889227
0.889227
0.111133
0.819220
0.889227
0.738490
0.889227
0.889227
0.819220
0.013272
0.004066
0.140598
0.889227
0.819220
0.140598
0.176496
0.111133
0.889227
0.013272
0.819220
0.889227
0.017539
0.023086
0.030257
0.652512
0.819220
0.140598
0.140598
