0.000000
0.000000
0.000000
0.000000
0.000000
0.000000
0.000000
0.000000
0.000000
0.000000
0.000000
0.000000
0.000000
0.000000
0.000000
0.000000
0.000000
0.000000
0.336246
0.428172
0.446830
0.491588
0.605876
0.959070
0.922602
0.660659
0.744519
0.891994
0.593982
0.789329
0.853422
0.452458
0.408248
0.786280
0.800715
0.456720
0.133276
0.152710
0.180588
0.133552
0.109745
0.172030
0.314106
0.632088
1.000000
0.767097
0.904723
0.542336
0.155119
0.202823
0.292002
0.370589
0.422001
0.357855
0.000000
0.000000
0.000000
0.000000
0.000000
0.000000
0.000000
0.000000
0.000000
0.000000
0.000000
0.000000
0.000000
0.000000
0.000000
0.000000
0.000000
0.000000
0.000000
0.000000
0.000000
0.000000
0.000000
0.000000
0.000000
0.000000
0.000000
0.000000
0.000000
0.000000
0.000000
0.000000
0.000000
0.000000
0.000000
0.000000
0.000000
0.000000
0.000000
0.000000
0.000000
0.000000
0.000000
0.000000
0.000000
0.000000
0.000000
0.000000
0.000000
0.000000
0.000000
0.000000
0.000000
0.000000
0.315224
0.154580
0.109307
0.118181
0.160328
0.194695
0.200390
0.268475
0.356093
0.704986
0.956420
0.890582
0.707192
0.444221
0.563336
0.599568
0.478501
0.337856
0.000000
0.000000
0.000000
0.000000
0.000000
0.000000
0.000000
0.000000
0.000000
0.000000
0.000000
0.000000
0.000000
0.000000
0.000000
0.000000
0.000000
0.000000
0.868484
0.715001
0.818147
0.746334
0.696442
0.775113
0.694646
0.810859
0.660738
0.272539
0.517266
0.585602
0.449827
0.449725
0.541733
0.709934
0.762506
0.623539
0.937599
0.617032
0.659401
0.910588
0.973590
0.714359
0.281430
0.464711
0.980191
0.188180
0.413857
0.563655
0.499227
0.380312
0.277682
0.499750
0.877716
0.923239
0.796129
0.983542
0.929373
0.828365
0.612862
0.600687
0.676793
0.841573
0.439934
0.201145
0.498709
0.411203
0.167897
0.198034
0.335270
0.510944
0.457710
0.401093
0.000000
0.000000
0.000000
0.000000
0.000000
0.000000
0.000000
0.000000
0.000000
0.000000
0.000000
0.000000
0.000000
0.000000
0.000000
0.000000
0.000000
0.000000
0.000000
0.000000
0.000000
0.000000
0.000000
0.000000
0.000000
0.000000
0.000000
0.000000
0.000000
0.000000
0.000000
0.000000
0.000000
0.000000
0.000000
0.000000
0.000000
0.000000
0.000000
0.000000
0.000000
0.000000
0.000000
0.000000
0.000000
0.000000
0.000000
0.000000
0.000000
0.000000
0.000000
0.000000
0.000000
0.000000
0.590388
0.702443
0.869618
0.935999
0.752274
0.353243
0.168727
0.421987
0.976393
0.614925
0.527300
0.499727
0.538456
0.929261
0.928906
0.850276
0.890613
0.719708
0.000000
0.000000
0.000000
0.000000
0.000000
0.000000
0.000000
0.000000
0.000000
0.000000
0.000000
0.000000
0.000000
0.000000
0.000000
0.000000
0.000000
0.000000
