0.164128
0.178382
0.157390
0.085580
0.736105
0.142156
0.589721
0.971128
0.424342
0.830644
0.319240
0.740383
0.963356
0.456887
0.058073
0.918939
0.843101
0.501338
0.334344
0.646885
0.697319
0.753676
0.749877
0.690582
0.475030
0.034387
0.558792
0.534121
0.329588
0.418322
0.112091
0.979161
0.889821
0.604087
0.426490
0.051057
0.836340
0.047809
0.528041
0.359971
0.236304
0.777766
0.537280
0.051940
0.225781
0.712749
0.448503
0.778083
0.187902
0.704040
0.322091
0.938773
0.673794
0.028449
0.835091
0.408049
0.122632
0.693615
0.905441
0.295683
0.928916
0.000024
0.052412
0.417259
0.226722
0.878813
0.177659
0.969131
0.119431
0.189148
0.450415
0.706611
0.065570
0.700570
0.164128
0.454758
0.230009
0.460854
0.947516
0.854649
0.162685
0.169215
0.392040
0.230772
0.520478
0.207661
0.506867
0.820537
0.668713
0.825468
0.342717
0.431099
0.772040
0.201925
0.513172
0.182721
0.035230
0.051765
0.274068
0.193258
0.690244
0.149854
0.082239
0.165388
0.027564
0.791181
0.867885
0.242732
0.278677
0.229564
0.665549
0.604312
0.828502
0.036467
0.335184
0.721753
0.741697
0.612307
0.062757
0.742463
0.934923
0.409194
0.082292
0.288520
0.603862
0.214788
0.968714
0.466170
0.812551
0.508787
0.501444
0.752592
0.486688
0.819743
0.404627
0.282599
0.627884
0.626076
0.445894
0.623364
0.690582
0.620880
0.226659
0.395585
0.536735
0.542413
0.422978
0.700570
0.494674
0.050783
0.607125
0.446696
0.541538
0.222171
0.123160
0.679435
0.020306
0.837011
0.410914
0.599478
0.732254
0.331668
0.454555
0.789308
0.867885
0.114091
0.164708
0.739507
0.581336
0.741588
0.949023
0.310395
0.930035
0.277501
0.835860
0.119394
0.851609
0.572089
0.916736
0.233783
0.329173
0.209542
0.133901
0.527933
0.856753
0.118514
0.432182
0.751290
0.421229
0.408240
0.469046
0.332336
0.023877
0.098309
0.347343
0.316730
0.807504
0.990685
0.197778
0.927855
0.054180
0.795737
0.389255
0.629918
0.449710
0.225844
0.823205
0.946442
0.264313
0.554159
0.005043
0.418225
0.843573
0.574537
0.233847
0.817655
0.743337
0.547014
0.586923
0.137269
0.883037
0.733795
0.494674
0.405956
0.524255
0.098247
0.353837
0.774483
0.431099
0.769697
0.349845
0.900825
0.639418
0.551737
0.656842
0.503249
0.034674
0.712191
0.939444
0.485537
0.806184
0.103677
0.664079
0.697992
0.053406
0.751072
0.522851
0.148429
0.417162
0.391761
0.659443
0.181038
0.104820
0.188010
0.410627
0.437520
0.908611
0.051040
0.085799
0.955528
0.701578
0.455974
0.975032
0.776391
0.016936
0.664305
0.159170
0.285661
0.697319
0.131803
0.751181
0.729056
0.110706
0.407097
0.012070
0.671762
0.857391
0.247676
0.771188
0.703033
0.030724
0.578547
0.223846
0.096006
0.122144
0.572757
0.353489
0.871135
0.793152
0.384825
0.117639
0.797387
0.758001
0.495518
0.591513
0.733795
0.952603
0.236239
0.938834
0.695973
0.510390
0.990406
0.822219
0.360676
0.051679
0.229247
0.024931
0.894990
0.685970
0.078532
0.615125
0.171057
0.195423
0.929772
0.025214
0.626641
0.490148
0.424245
0.104787
0.795324
0.618961
0.691593
0.551078
0.659669
0.519832
0.365283
0.110190
0.295606
0.346311
0.553278
0.364305
0.164612
0.190564
0.157343
0.214007
0.882113
0.144481
0.517787
0.993151
0.983756
0.283642
0.258838
0.624833
0.846113
0.648469
0.848171
0.332837
0.616028
0.384273
0.319565
0.885623
0.530101
0.292620
0.938651
0.217025
0.278015
0.776708
0.622009
0.443093
0.096249
0.907183
0.632179
0.125178
0.520047
0.422686
0.878727
0.777766
0.592409
0.709180
0.514566
0.952603
0.945757
0.306669
0.865314
0.565097
0.448805
0.080509
0.941907
0.224344
0.168079
0.770123
0.155211
0.159452
0.649601
0.589385
0.580554
0.374069
0.954236
0.900045
0.669277
0.738630
0.118623
0.778716
0.465145
0.109950
0.777131
0.056603
0.664870
0.074465
0.528041
0.189093
0.117748
0.591625
0.156785
0.773209
0.651977
0.036783
0.929772
0.600827
0.308805
0.056152
0.608702
0.107778
0.904832
0.892501
0.492040
0.556033
0.203534
0.418612
0.590056
0.315520
0.759942
0.777131
0.217937
0.525876
0.233268
0.323401
0.624833
0.600714
0.919924
0.545479
0.099306
0.789412
0.615577
0.304543
0.969996
0.150257
0.656163
0.865492
0.421326
0.578993
0.732474
0.277354
0.514566
0.086020
0.832486
0.670633
0.809225
0.035144
0.848917
0.835475
0.426490
0.986137
0.068004
0.133172
0.858664
0.833066
0.956548
0.094258
0.157997
0.762202
0.117385
0.291248
0.211854
0.517250
0.866735
0.319646
0.832292
0.653674
0.887937
0.326525
0.534774
0.336109
0.248958
0.330169
0.044919
0.208659
0.471930
0.965833
0.688445
0.403490
0.930297
0.084408
0.895947
0.637947
0.218181
0.214848
0.901524
0.836724
0.264596
0.316810
0.934797
0.212928
0.201638
0.898557
0.707952
0.802209
0.431985
0.278089
0.898949
0.812752
0.069878
0.450314
0.252150
0.854282
0.869119
0.544821
0.685294
0.031015
0.612645
0.833935
0.800674
0.006358
0.649601
0.295914
0.731703
0.237149
0.768095
0.086020
0.723415
0.230136
0.687095
0.523606
0.603187
0.971723
0.374521
0.921391
0.812049
0.308488
0.817157
0.741478
0.966838
0.442494
0.776073
0.158090
0.997722
0.380700
0.960827
0.571534
0.817456
0.770123
0.774483
0.401977
0.813957
0.849103
0.233654
0.116879
0.362444
0.167882
0.682704
0.772997
0.582340
0.695524
0.804760
0.867178
0.150661
0.521556
0.444392
0.980573
0.667357
0.392319
0.218241
0.799956
0.588153
0.483343
0.821823
0.154567
0.861376
0.850868
0.156089
0.193534
0.843573
0.260934
0.541975
0.473582
0.419774
0.878131
0.563325
0.890229
0.790141
0.690357
0.637721
0.000836
0.449912
0.614223
0.851609
0.892178
0.027584
0.272545
0.695973
0.745194
0.768095
0.982928
0.263818
0.884875
0.953028
0.943967
0.331752
0.243529
0.682478
0.308092
0.110671
0.260864
0.164321
0.851609
0.320541
0.387498
0.744102
0.086185
0.314795
0.113456
0.698777
0.401599
0.476894
0.629692
0.799956
0.952177
0.514566
0.824977
0.066678
0.710184
0.000072
0.995683
0.887607
0.352358
0.167489
0.458309
0.282004
0.355583
0.082663
0.126062
0.525335
0.382897
0.459428
0.621332
0.868062
0.917165
0.793566
0.455872
0.802720
0.167784
0.557577
0.856935
0.259605
0.933399
0.671649
0.910102
0.094888
0.598131
0.429135
0.324632
0.911949
0.242600
0.908236
0.243595
0.613772
0.881776
0.725629
0.351837
0.614674
0.344340
0.907485
0.847984
0.677631
0.992790
0.853730
0.977858
0.389625
0.595998
0.841776
0.633423
0.594539
0.863798
0.395024
0.241343
0.610616
0.875128
0.716533
0.997590
0.668713
0.579662
0.911507
0.912536
0.643378
0.463508
0.686983
0.780404
0.293689
0.882953
0.645188
0.866558
0.695973
0.735665
0.187524
0.793359
0.387313
0.957604
0.903069
0.467607
0.412255
0.853362
0.345968
0.611743
0.319240
0.564543
0.731813
0.771401
0.451121
0.087967
0.430903
0.690132
0.294685
0.552838
0.327930
0.116698
0.243662
0.999102
0.413599
0.706611
0.952284
0.264951
0.210370
0.909656
0.397646
0.553058
0.378330
0.409958
0.640097
0.178175
0.934544
0.765742
0.092951
0.109131
0.752592
0.459428
0.387036
0.045364
0.620880
0.768629
0.853730
0.348549
0.805167
0.117168
0.190237
0.288218
0.203649
0.170857
0.101518
0.792945
0.250177
0.802720
0.831905
0.696197
0.214788
0.848358
0.740712
0.533686
0.181143
0.590504
0.480426
0.928121
0.986137
0.374159
0.559455
0.754109
0.274869
0.565873
0.651185
0.428252
0.596335
0.400279
0.444993
0.147147
0.557246
0.368227
0.755083
0.379514
0.943382
0.692267
0.984035
0.332921
0.227351
0.691031
0.703145
0.170408
0.305644
0.673907
0.843573
0.988031
0.221430
0.202900
0.023852
0.719311
0.580778
0.868062
0.349240
0.089783
0.210370
0.577544
0.530101
0.792115
0.417935
0.385653
0.883204
0.196262
0.689907
0.704823
0.228298
0.847798
0.914649
0.766812
0.609490
0.571978
0.533251
0.348549
0.230772
0.812149
0.309123
0.895150
0.721309
0.014602
0.478970
0.732254
0.668261
0.249093
0.939686
0.597457
0.974553
0.871484
0.961916
0.002586
0.317053
0.908236
0.137809
0.799135
0.768416
0.795014
0.643604
0.260304
0.411584
0.046406
0.201238
0.355146
0.521987
0.777131
0.219341
0.718756
0.417452
0.969462
0.380609
0.952497
0.792219
0.403395
0.554380
0.007283
0.896820
0.752158
0.064690
0.573646
0.481363
0.622461
0.258281
0.245462
0.429036
0.834417
0.654240
0.888840
0.457496
0.810033
0.798930
0.062860
0.858119
0.789308
0.584239
0.746285
0.594091
0.655145
0.231155
0.045103
0.914068
0.397177
0.658991
0.785863
0.054965
0.765528
0.594203
0.144394
0.533251
0.854649
0.985752
0.104755
0.617946
0.678759
0.775438
0.498160
0.916736
0.411968
0.750747
0.596896
0.916163
0.684055
0.909507
0.596335
0.601164
0.186663
0.881102
0.375788
0.699337
0.783453
0.626076
0.512958
0.293307
0.976435
0.988555
0.318591
0.369390
0.679886
0.862365
0.252287
0.950940
0.664531
0.646659
0.586252
0.907183
0.534665
0.102770
0.589497
0.531187
0.935740
0.705047
0.484492
0.709068
0.550858
0.711411
0.754109
0.249025
0.087631
0.629240
0.127146
0.167243
0.255374
0.024132
0.058909
0.343485
0.861105
0.875128
0.263536
0.870435
0.768736
0.854098
0.777554
0.642586
0.821230
0.604875
0.899420
0.949133
0.188226
0.555371
0.697768
0.704487
0.710296
0.934417
0.854649
0.864958
0.818054
0.393437
0.528692
0.498160
0.545588
0.158371
0.338724
0.720976
0.524903
0.459631
0.834224
0.453746
0.926047
0.247272
0.397740
0.829282
0.208423
0.598131
0.500171
0.329588
0.949023
0.673004
0.395211
0.964268
0.825861
0.377330
0.132084
0.116482
0.069400
0.204805
0.256548
0.510497
0.978061
0.349326
0.890880
0.692492
0.245128
0.053370
0.677631
0.679661
0.347946
0.523606
0.169513
0.168227
0.400938
0.458715
0.523606
0.126371
0.774059
0.116302
0.985440
0.675262
0.575427
0.116698
0.756597
0.503036
0.670068
0.255512
0.793359
0.819743
0.092187
0.205153
0.138435
0.163069
0.818253
0.872617
0.635346
0.619751
0.638060
0.674810
0.606225
0.934417
0.699898
0.998432
0.999589
0.652656
0.647677
0.652430
0.152286
0.175758
0.392877
0.670859
0.147059
0.158278
0.877533
0.256340
0.524255
0.715532
0.958645
0.090069
0.841017
0.702249
0.911949
0.500595
0.360764
0.802720
0.593530
0.856935
0.085279
0.648922
0.336698
0.244861
0.524687
0.535319
0.535210
0.195814
0.899106
0.494885
0.660122
0.887443
0.812752
0.072033
0.849754
0.760803
0.576652
0.803741
0.096463
0.135987
0.970887
0.282153
0.916593
0.124261
0.942499
0.407858
0.796356
0.935991
0.058948
0.156135
0.697543
0.591513
0.998216
0.986137
0.065118
0.756381
0.945183
0.218546
0.473065
0.214547
0.229501
0.998740
0.671762
0.775755
0.002881
0.777131
0.224781
0.607913
0.699898
0.234621
0.995753
0.368584
0.475030
0.606225
0.764563
0.072386
0.378421
0.410818
0.846394
0.500277
0.757245
0.928982
0.369122
0.608139
0.173875
0.848917
0.268942
0.511994
0.921252
0.662157
0.782403
0.637721
0.034987
0.216297
0.467709
0.881776
0.783873
0.947516
0.436628
0.434550
0.944432
0.169017
0.434847
0.927054
0.533360
0.316730
0.860113
0.420064
0.288974
0.363418
0.806489
0.945986
0.553498
0.085799
0.850868
0.933207
0.968964
0.193645
0.882953
0.780404
0.335856
0.074805
0.246131
0.703369
0.462690
0.947404
0.068789
0.222171
0.641002
0.525984
0.639078
0.908461
0.905973
0.299856
0.819942
0.508894
0.949464
0.546685
0.261144
0.779560
0.782823
0.607913
0.145700
0.128316
0.653561
0.743774
0.771933
0.394650
0.206725
0.973161
0.088758
0.246466
0.815259
0.865848
0.889985
0.420840
0.347515
0.461261
0.194088
0.076648
0.761019
0.068992
0.771508
0.326443
0.997558
0.214427
0.527500
0.686983
0.068004
0.265660
0.822416
0.314394
0.350710
0.483239
0.312070
0.819048
0.812049
0.136689
0.088221
0.493093
0.060474
0.486897
0.504525
0.118660
0.681577
0.569978
0.060755
0.185912
0.278530
0.012734
0.241608
0.309679
0.840352
0.909656
0.957903
0.646546
0.790349
0.373437
0.052854
0.199530
0.401410
0.449710
0.109165
0.757461
0.767454
0.483030
0.281930
0.629805
0.681126
0.390739
0.076350
0.271171
0.146400
0.291020
0.538589
0.362886
0.145700
0.667357
0.322091
0.277134
0.599478
0.527175
0.057305
0.416776
0.524471
0.451423
0.683830
0.208012
0.706164
0.102287
0.186502
0.834128
0.738410
0.819743
0.342461
0.378421
0.665549
0.620654
0.921946
0.350277
0.585357
0.687883
0.417549
0.387867
0.316487
0.139652
0.671311
0.859570
0.619977
0.806692
0.845550
0.998954
0.006667
0.632745
0.811042
0.092745
0.241674
0.921113
0.158231
0.352532
0.621783
0.809427
0.688783
0.397740
0.187308
0.249499
0.367065
0.843006
0.839400
0.987057
0.783663
0.655597
0.876333
0.530535
0.950014
0.841965
0.020687
0.510817
0.379423
0.125831
0.392040
0.613209
0.841776
0.544164
0.719978
0.199985
0.464224
0.597682
0.021562
0.362886
0.389996
0.866203
0.508040
0.335772
0.085169
0.945183
0.222233
0.119762
0.442494
0.165777
0.866203
0.681352
0.972931
0.014486
0.443293
0.260164
0.156692
0.127185
0.465555
0.892339
0.201295
0.035388
0.203534
0.107576
0.594427
0.784502
0.665662
0.722861
0.844327
0.280448
0.698777
0.815859
0.157203
0.932630
0.970727
0.302037
0.043005
0.740602
0.046896
0.087351
0.233011
0.529017
0.649148
0.371725
0.417549
0.094798
0.899263
0.837490
0.217328
0.308647
0.326856
0.685294
0.113351
0.822811
0.845080
0.234298
0.109642
0.657407
0.906881
0.719200
0.734676
0.316972
0.337204
0.005008
0.260094
0.063949
0.222048
0.970078
0.270667
0.086102
0.485328
0.407287
0.042062
0.940291
0.389996
0.007365
0.487526
0.162158
0.286036
0.374973
0.386944
0.843478
0.972622
0.378239
0.715310
0.751832
0.018130
0.232434
0.615577
0.468531
0.701242
0.822811
0.209660
0.061382
0.153971
0.326856
0.297147
0.222605
0.710742
0.103709
0.063089
0.129378
0.346569
0.511138
0.547782
0.531621
0.179264
0.180097
0.295914
0.897295
0.416005
0.724744
0.318429
0.771188
0.993452
0.100755
0.639870
0.337879
0.056490
0.308171
0.957903
0.167243
0.457090
0.583122
0.269158
0.486897
0.242269
0.568646
0.805879
0.141345
0.703145
0.055574
0.336867
0.915227
0.448101
0.359618
0.418805
0.710296
0.552508
0.229691
0.467709
0.717423
0.978831
0.437718
0.245596
0.832679
0.781562
0.940291
0.893387
0.952284
0.564654
0.523606
0.126681
0.389255
0.409862
0.492988
0.740274
0.726625
0.706611
0.483448
0.742463
0.637608
0.192210
0.430509
0.511031
0.250041
0.429527
0.845644
0.183038
0.479802
0.530970
0.613885
0.989603
0.500065
0.395211
0.208776
0.668035
0.380700
0.507400
0.433267
0.965033
0.424050
0.196486
0.852994
0.783663
0.054910
0.356195
0.795014
0.395772
0.925912
0.666227
0.794187
0.966491
0.433069
0.162637
0.945528
0.135125
0.826840
0.602400
0.544712
0.381706
0.203880
0.769163
0.897927
0.001427
0.300478
0.838446
0.194366
0.727178
0.463610
0.422006
0.717867
0.851978
0.145962
0.848358
0.357071
0.114694
0.188064
0.398867
0.078051
0.406526
0.119725
0.896026
0.766170
0.539571
0.471208
0.876848
0.518218
0.577766
0.156831
0.214307
0.219954
0.181878
0.187470
0.539025
0.839686
0.438214
0.147632
0.121470
0.156599
0.776708
0.488155
0.872965
0.549209
0.668713
0.154935
0.625285
0.887443
0.499536
0.631162
0.171407
0.807706
0.620429
0.744757
0.708845
0.232049
0.028942
0.938161
0.702026
0.485432
0.613660
0.301803
0.805066
0.956446
0.422881
0.517357
0.513708
0.621106
0.133051
0.311112
0.653787
0.293154
0.912683
0.095159
0.192981
0.354535
0.729056
0.903069
0.509642
0.902915
0.654919
0.763705
0.081843
0.339910
0.264172
0.737093
0.657407
0.297687
0.717645
0.579885
0.553058
0.980321
0.555151
0.614787
0.686420
0.119725
0.976506
0.338217
0.361029
0.974405
0.618058
0.058480
0.104492
0.573646
0.478554
0.956345
0.814158
0.080821
0.358651
0.197665
0.989937
0.563768
0.576429
0.569090
0.908086
0.730490
0.792634
0.812953
0.138854
0.869295
0.411489
0.119431
0.020806
0.726846
0.921391
0.513172
0.438214
0.930558
0.337795
0.825664
0.625737
0.966403
0.687208
0.076623
0.175350
0.426392
0.689232
0.134675
0.528908
0.379332
0.172562
0.327847
0.527608
0.403395
0.849661
0.912243
0.836724
0.255512
0.417645
0.866558
0.751398
0.025927
0.892178
0.127496
0.951372
0.024364
0.278972
0.461976
0.460854
0.561223
0.116662
0.924964
0.365283
0.246131
0.763920
0.461670
0.991745
0.293383
0.231794
0.076276
0.976506
0.875473
0.984503
0.294378
0.652769
0.752592
0.811042
0.770762
0.744211
0.934163
0.968630
0.097597
0.651525
0.671311
0.522635
0.370287
0.284613
0.241409
0.879153
0.813154
0.870785
0.123994
0.489833
0.687770
0.570867
0.777449
0.007976
0.279931
0.559013
0.536517
0.782298
0.108216
0.162637
0.056962
0.754542
0.399055
0.669955
0.350104
0.569201
0.425415
0.963723
0.144655
0.757893
0.411201
0.633197
0.030703
0.374159
0.080665
0.997477
0.530427
0.468018
0.089726
0.767240
0.077422
0.304778
0.246466
0.948468
0.170408
0.561997
0.703145
0.949354
0.435737
0.286486
0.734015
0.754867
0.192871
0.644057
0.868414
0.709626
0.075660
0.108318
0.659556
0.015259
0.076276
0.004668
0.004959
0.075857
0.683267
0.773209
0.754217
0.186824
0.649940
0.178175
0.107074
0.135864
0.495201
0.258699
0.046532
0.798621
0.329920
0.609941
0.135166
0.548331
0.215511
0.726514
0.734236
0.517357
0.554931
0.553058
0.512315
0.409289
0.924964
0.763061
0.211438
0.905441
0.498583
0.522419
0.888430
0.994933
0.080665
0.880425
0.072954
0.648696
0.278015
0.995230
0.172814
0.965744
0.336445
0.733795
0.349240
0.806692
0.457496
0.616479
0.791492
0.292696
0.306984
0.420258
0.803537
0.341865
0.410627
0.335100
0.742025
0.336698
0.131683
0.821626
0.305644
0.076499
0.441896
0.981835
0.009890
0.800982
0.151652
0.244727
0.272907
0.391575
0.345968
0.445593
0.878301
0.004668
0.195702
0.471930
0.012146
0.822416
0.900357
0.831517
0.118953
0.177917
0.326360
0.621106
0.980099
0.288898
0.667809
0.160919
0.164032
0.449912
0.001576
0.989896
0.262338
0.630370
0.019494
0.001099
0.317214
0.702249
0.345196
0.439804
0.847237
0.550748
0.111952
0.910621
0.944548
0.409098
0.420161
0.068902
0.892178
0.258629
0.639983
0.144872
0.182299
0.201467
0.777131
0.034590
0.949354
0.384917
0.841586
0.697319
0.452735
0.710965
0.630031
0.382622
0.177143
0.661026
0.201010
0.816259
0.432084
0.958101
0.972194
0.426783
0.928519
0.405481
0.291933
0.933782
0.479490
0.374882
0.281263
0.783663
0.243728
0.597232
0.454960
0.569423
0.106307
0.640662
0.878301
0.615802
0.574314
0.925371
0.241080
0.157064
0.353315
0.319240
0.546465
0.408812
0.547453
0.849568
0.829379
0.177504
0.685069
0.278236
0.574982
0.953028
0.891449
0.621896
0.402922
0.645188
0.796666
0.291324
0.227037
0.803129
0.934797
0.599254
0.013745
0.815559
0.475754
0.540991
0.318510
0.820338
0.513494
0.365372
0.221739
0.885374
0.037268
0.220138
0.958101
0.029381
0.387960
0.954859
0.575093
0.786282
0.307933
0.747810
0.333590
0.362798
0.271605
0.210074
0.482405
0.910399
0.336951
0.731703
0.637947
0.881439
0.508254
0.339402
0.637721
0.353663
0.874697
0.045874
0.476790
0.615013
0.946214
0.034782
0.302818
0.191276
0.654806
0.202269
0.244861
0.183409
0.538916
0.615802
0.232626
0.727288
0.604762
0.622800
0.838446
0.772359
0.857482
0.232434
0.798621
0.271388
0.927255
0.945068
0.150976
0.140285
0.636816
0.991092
0.233461
0.271316
0.940291
0.499748
0.791596
0.273705
0.127341
0.729718
0.531621
0.725408
0.035893
0.169860
0.281930
0.435242
0.427958
0.977653
0.602513
0.298074
0.065505
0.619751
0.320379
0.790141
0.253176
0.509535
0.125447
0.870085
0.981653
0.459835
0.577878
0.168968
0.643038
0.373979
0.650732
0.157203
0.911360
0.827623
0.113210
0.217025
0.821527
0.430804
0.140623
0.137310
0.243529
0.304857
0.292543
0.321112
0.548440
0.865136
0.411680
0.876161
0.252287
0.331168
0.221369
0.433563
0.856022
0.014137
0.538916
0.850497
0.186340
0.851609
0.053191
0.722861
0.817456
0.726072
0.688333
0.015011
0.787118
0.939686
0.589609
0.430116
0.682929
0.123160
0.160066
0.105710
0.842533
0.237735
0.159594
0.863798
0.240816
0.295453
0.222233
0.797593
0.822614
0.235655
0.636024
0.379696
0.378330
0.402827
0.534557
0.702473
0.663853
0.476998
0.997283
0.391947
0.823600
0.113844
0.699673
0.250177
0.627658
0.245997
0.374702
0.183144
0.855840
0.615464
0.238911
0.763705
0.213707
0.410340
0.870260
0.611405
0.619300
0.189692
0.626980
0.778188
0.553498
0.709626
0.217815
0.561002
0.553719
0.900980
0.397646
0.726846
0.777766
0.102770
0.495835
0.873832
0.109335
0.898242
0.741478
0.250109
0.374521
0.850497
0.143142
0.837298
0.287238
0.136854
0.602513
0.676164
0.116770
0.653787
0.624381
0.862005
0.918939
0.144785
0.656389
0.405766
0.422006
0.298306
0.985544
0.361471
0.846582
0.642359
0.553719
0.821527
0.864245
0.472962
0.264101
0.980573
0.633762
0.901136
0.143573
0.218120
0.990143
0.432478
0.663401
0.595773
0.748790
0.959526
0.514351
0.121507
0.883372
0.349672
0.869734
0.756813
0.521556
0.070960
0.551298
0.455264
0.694289
0.437024
0.352011
0.034114
0.047551
0.162781
0.808618
0.022479
0.478243
0.673117
0.401410
0.468223
0.273995
0.846675
0.286561
0.602288
0.645867
0.496996
0.062632
0.676728
0.614787
0.540882
0.330336
0.095068
0.475030
0.642812
0.374521
0.132647
0.547233
0.634893
0.974256
0.537280
0.437817
0.448503
0.190128
0.211616
0.539462
0.436628
0.598131
0.349672
0.998760
0.876505
0.432281
0.425904
0.830644
0.979649
0.929904
0.333506
0.193590
0.124795
0.267726
0.800777
0.954444
0.875645
0.393250
0.968251
0.853546
0.854282
0.034638
0.491620
0.435341
0.722418
0.760803
0.908461
0.286186
0.652090
0.665323
0.390553
0.803537
0.327682
0.475651
0.175554
0.181983
0.670859
0.720865
0.691031
0.256963
0.711411
0.327516
0.879153
0.537934
0.126294
0.767240
0.336614
0.079271
0.596447
0.411010
0.519401
0.260164
0.302897
0.971128
0.939322
0.708957
0.517142
0.878216
0.936615
0.909208
0.271027
0.689570
0.477516
0.406526
0.132647
0.277134
0.727730
0.981593
0.803945
0.903377
0.268513
0.563990
0.243662
0.687320
0.708287
0.585692
0.920973
0.483135
0.961587
0.954755
0.815659
0.515102
0.188118
0.670746
0.430215
0.991636
0.069082
0.939807
0.115121
0.725187
0.659443
0.563547
0.709626
0.709403
0.590280
0.059302
0.178330
0.133374
0.140327
0.561776
0.254961
0.753459
0.813355
0.937792
0.260653
0.474719
0.137518
0.949904
0.589385
0.131923
0.305644
0.775755
0.871484
0.453544
0.031505
0.992538
0.544712
0.122632
0.582787
0.229564
0.502718
0.280374
0.597457
0.582564
0.735885
0.595100
0.517680
0.480842
0.386390
0.362355
0.222110
0.711634
0.950232
0.592521
0.681126
0.596671
0.293995
0.406526
