0.155173
0.387466
0.606091
0.499975
0.916063
0.817866
0.402779
0.982043
0.587702
0.052901
0.606091
0.038098
0.768734
0.751088
0.115746
0.937933
0.387466
0.482750
0.624567
0.482750
0.001689
0.927419
0.155173
0.402779
0.733168
0.849457
0.402779
0.292098
0.418451
0.009535
0.751088
0.008972
0.624567
0.499975
0.059014
0.624567
0.624567
0.292098
0.196037
0.733168
0.027221
0.937933
0.003178
0.304778
0.624567
0.849457
0.864391
0.085357
0.372518
0.402779
0.751088
0.751088
0.751088
0.624567
0.606091
0.499975
0.864391
0.292098
0.733168
0.864391
0.849457
0.317849
0.080978
0.465808
0.606091
0.024249
0.059014
0.499975
0.927419
0.121745
0.019311
0.733168
0.927419
0.499975
0.155173
0.387466
0.733168
0.768734
0.833931
0.450820
0.020478
0.225124
0.402779
0.849457
0.372518
0.927419
0.387466
0.110007
0.982043
0.624567
0.387466
0.768734
0.059014
0.080978
0.587702
0.402779
0.372518
0.976721
0.042621
0.089946
0.517464
0.733168
0.715027
0.849457
0.059014
0.715027
0.089946
0.465808
0.733168
0.970536
0.715027
0.402779
0.624567
0.937933
0.402779
0.937933
0.817866
0.215069
0.849457
0.465808
0.121745
0.661629
0.849457
0.121745
0.357946
0.606091
0.624567
0.733168
0.482750
0.482750
0.059014
0.715027
0.817866
0.751088
0.062306
0.482750
0.482750
0.402779
0.849457
0.499975
0.292098
0.864391
0.916063
0.624567
0.482750
0.304778
0.387466
0.499975
0.292098
0.292098
0.372518
0.387466
0.304778
0.499975
0.387466
0.733168
0.279807
0.927419
0.970536
0.402779
0.449170
0.005871
0.864391
0.768734
0.002313
0.927419
0.733168
0.643093
0.982043
0.849457
0.387466
0.024249
0.937933
0.372518
0.733168
0.624567
0.121745
0.849457
0.849457
0.624567
0.080978
0.482750
0.751088
0.587702
0.606091
0.005518
0.535191
0.624567
0.937933
0.372518
0.072820
0.205375
0.587702
0.833931
0.849457
0.715027
0.849457
0.482750
0.482750
0.733168
0.833931
0.937933
0.624567
0.089946
0.587702
0.864391
0.733168
0.751088
0.817866
0.372518
0.387466
0.751088
0.499975
0.849457
0.715027
0.927419
0.292098
0.292098
0.751088
0.499975
0.751088
0.215069
0.292098
0.661629
0.215069
0.499975
0.715027
0.624567
0.121745
0.402779
0.976721
0.225124
0.372518
0.055881
0.304778
0.768734
0.499975
0.643093
0.465808
0.817866
0.624567
0.292098
0.864391
0.733168
0.372518
0.387466
0.817866
0.733168
0.624567
0.499975
0.110007
0.833931
0.205375
0.089946
0.715027
0.643093
0.715027
0.606091
0.624567
0.624567
0.715027
0.937933
0.606091
0.372518
0.715027
0.864391
0.499975
0.402779
0.916063
0.976721
0.849457
0.833931
0.499975
0.372518
0.982043
0.482750
0.517464
0.147779
0.235548
0.292098
0.849457
0.733168
0.937933
0.499975
0.402779
0.833931
0.215069
0.040301
0.499975
0.916063
0.517464
0.162877
0.768734
0.643093
0.927419
0.215069
0.587702
0.916063
0.849457
0.833931
0.587702
0.733168
0.817866
0.499975
0.215069
0.535191
0.733168
0.849457
0.976721
0.357946
0.982043
0.606091
0.162877
0.606091
0.833931
0.402779
0.004326
0.292098
0.292098
0.482750
0.482750
0.115746
0.849457
0.624567
0.517464
0.916063
0.916063
0.624567
0.045065
0.849457
0.833931
0.768734
0.751088
0.279807
0.025695
0.225124
0.115746
0.715027
0.817866
0.916063
0.817866
0.927419
0.002627
0.402779
0.751088
0.080978
0.661629
0.624567
0.387466
0.982043
0.055881
0.517464
0.937933
0.643093
0.696716
0.553132
0.833931
0.661629
0.465808
0.292098
0.482750
0.387466
0.733168
0.643093
0.715027
0.027221
0.372518
0.008441
0.465808
0.606091
0.587702
0.833931
0.499975
0.121745
0.733168
0.733168
0.387466
0.733168
0.643093
0.715027
0.482750
0.751088
0.833931
0.001583
0.733168
0.715027
0.833931
0.624567
0.624567
0.624567
0.849457
0.196037
0.927419
0.916063
0.937933
0.499975
0.482750
0.624567
0.059014
0.733168
0.733168
0.304778
0.292098
0.482750
0.768734
0.482750
0.751088
0.304778
0.982043
0.587702
0.643093
0.292098
0.768734
0.024249
0.833931
0.499975
0.927419
0.372518
0.643093
0.817866
0.372518
0.587702
0.304778
0.080978
0.864391
0.715027
0.643093
0.849457
0.482750
0.864391
0.606091
0.587702
0.587702
0.587702
0.387466
0.733168
0.292098
0.817866
0.304778
0.864391
0.864391
0.085357
0.535191
0.606091
0.292098
0.587702
0.000294
0.402779
0.849457
0.205375
0.499975
0.927419
0.115746
0.387466
0.624567
0.001689
0.927419
0.817866
0.937933
0.499975
0.040301
0.817866
0.402779
0.624567
0.733168
0.927419
0.085357
0.833931
0.833931
0.292098
0.937933
0.849457
0.304778
0.606091
0.927419
0.317849
0.155173
0.751088
0.751088
0.317849
0.976721
0.225124
0.927419
0.606091
0.279807
0.733168
0.624567
0.733168
0.606091
0.864391
0.085357
0.292098
0.499975
0.372518
0.937933
0.606091
0.927419
0.849457
0.849457
0.215069
0.733168
0.553132
0.849457
0.402779
0.155173
0.997068
0.402779
0.062306
0.768734
0.927419
0.733168
0.927419
0.343753
0.927419
0.499975
0.768734
0.065765
0.372518
0.292098
0.001012
0.482750
0.013611
0.055881
0.937933
0.916063
0.465808
0.080978
0.937933
0.001012
0.115746
0.080978
0.751088
0.864391
0.624567
0.661629
0.643093
0.927419
0.215069
0.115746
0.292098
0.205375
0.768734
0.927419
0.215069
0.065765
0.115746
0.643093
0.004063
0.937933
0.028832
0.751088
0.624567
0.696716
0.000198
0.115746
0.606091
0.535191
0.751088
0.849457
0.624567
0.733168
0.027221
0.020478
0.357946
0.916063
0.304778
0.733168
0.080978
0.751088
0.304778
0.733168
0.606091
0.937933
0.624567
0.317849
0.387466
0.517464
0.387466
0.499975
0.733168
0.624567
0.059014
0.304778
0.482750
0.030532
0.110007
0.643093
0.937933
0.059014
0.062306
0.587702
0.372518
0.715027
0.661629
0.499975
0.535191
0.387466
0.587702
0.517464
0.499975
0.225124
0.916063
0.036007
0.012819
0.372518
0.387466
0.927419
0.833931
0.465808
0.317849
0.849457
0.606091
0.279807
0.733168
0.225124
0.927419
0.643093
0.014448
0.751088
0.916063
0.304778
0.076801
0.751088
0.833931
0.205375
0.387466
0.085357
0.387466
0.976721
0.372518
0.927419
0.927419
0.292098
0.085357
0.817866
0.482750
0.817866
0.606091
0.279807
0.661629
0.661629
0.643093
0.733168
0.292098
0.387466
0.751088
0.162877
0.000198
0.937933
0.864391
0.733168
0.661629
0.115746
0.751088
0.059014
0.292098
0.624567
0.976721
0.085357
0.482750
0.017164
0.927419
0.817866
0.155173
0.661629
0.372518
0.715027
0.768734
0.080978
0.155173
0.000002
0.927419
0.624567
0.733168
0.279807
0.372518
0.624567
0.499975
0.733168
0.864391
0.643093
0.970536
0.317849
0.801317
0.768734
0.733168
0.499975
0.937933
0.643093
0.155173
0.292098
0.499975
0.916063
0.864391
0.587702
0.155173
0.715027
0.733168
0.715027
0.606091
0.606091
0.482750
0.733168
0.402779
0.643093
0.833931
0.864391
0.624567
0.246344
0.833931
0.643093
0.402779
0.292098
0.733168
0.434469
0.110007
0.715027
0.215069
0.849457
0.499975
0.499975
0.733168
0.733168
0.768734
0.000734
0.267903
0.751088
0.482750
0.215069
0.482750
0.402779
0.624567
0.080978
0.715027
0.085357
0.768734
0.017164
0.089946
0.050068
0.372518
0.937933
0.225124
0.517464
0.482750
0.624567
0.927419
0.372518
0.733168
0.606091
0.751088
0.733168
0.235548
0.751088
0.402779
0.849457
0.606091
0.976721
0.465808
0.733168
0.052901
0.055881
0.768734
0.482750
0.751088
0.187930
0.927419
0.110007
0.499975
0.624567
0.317849
0.225124
0.225124
0.849457
0.916063
0.696716
0.482750
0.715027
0.028832
0.927419
0.304778
0.643093
0.833931
0.080978
0.304778
0.927419
0.372518
0.517464
0.849457
0.482750
0.937933
0.246344
0.733168
0.372518
0.402779
0.864391
0.434469
0.027221
0.080978
0.715027
0.215069
0.833931
0.864391
0.121745
0.751088
0.085357
0.849457
0.864391
0.916063
0.304778
0.499975
0.751088
0.062306
0.482750
0.115746
0.937933
0.304778
0.643093
0.205375
0.155173
0.402779
0.387466
0.733168
0.715027
0.733168
0.499975
0.062306
0.643093
0.045065
0.927419
0.002983
0.215069
0.040301
0.085357
0.733168
0.482750
0.517464
0.387466
0.013611
0.482750
0.304778
0.587702
0.643093
0.482750
0.387466
0.013611
0.864391
0.267903
0.062306
0.733168
0.235548
0.065765
0.768734
0.976721
0.000095
0.387466
0.733168
0.357946
0.982043
0.927419
0.062306
0.482750
0.817866
0.387466
0.643093
0.147779
0.937933
0.482750
0.115746
0.937933
0.751088
0.535191
0.661629
0.751088
0.115746
0.062306
0.292098
0.751088
0.849457
0.304778
0.499975
0.751088
0.643093
0.751088
0.304778
0.569437
0.482750
0.849457
0.115746
0.357946
0.678283
0.864391
0.916063
0.624567
0.849457
0.465808
0.982043
0.267903
0.937933
0.849457
0.864391
0.643093
0.751088
0.465808
0.606091
0.162877
0.733168
0.833931
0.387466
0.849457
0.643093
0.465808
0.002983
0.864391
0.499975
0.733168
0.733168
0.027221
0.402779
0.482750
0.833931
0.225124
0.937933
0.937933
0.387466
0.387466
0.155173
0.751088
0.065765
0.517464
0.292098
0.402779
0.004326
0.849457
0.387466
0.849457
0.267903
0.387466
0.147779
0.833931
0.062306
0.768734
0.155173
0.115746
0.235548
0.937933
0.643093
0.387466
0.733168
0.040301
0.937933
0.012819
0.849457
0.055881
0.155173
0.085357
0.535191
0.751088
0.733168
0.751088
0.833931
0.292098
0.624567
0.357946
0.045065
0.937933
0.387466
0.387466
0.751088
0.499975
0.643093
0.499975
0.482750
0.042621
0.304778
0.733168
0.038098
0.000314
0.849457
0.387466
0.499975
0.059014
0.643093
0.292098
0.076801
0.970536
0.317849
0.418451
0.304778
0.155173
0.402779
0.849457
0.733168
0.643093
0.849457
0.606091
0.927419
0.292098
0.916063
0.606091
0.916063
0.715027
0.715027
0.215069
0.059014
0.499975
0.121745
0.833931
0.849457
0.733168
0.624567
0.916063
0.624567
0.768734
0.733168
0.482750
0.606091
0.976721
0.587702
0.115746
0.357946
0.751088
0.833931
0.976721
0.661629
0.849457
0.499975
0.715027
0.569437
0.499975
0.008441
0.733168
0.768734
0.499975
0.517464
0.643093
0.624567
0.162877
0.005871
0.357946
0.499975
0.304778
0.606091
0.170899
0.402779
0.643093
0.733168
0.482750
0.833931
0.482750
0.624567
0.017164
0.751088
0.751088
0.833931
0.587702
0.715027
0.849457
0.768734
0.624567
0.372518
0.916063
0.279807
0.215069
0.849457
0.624567
0.927419
0.465808
0.733168
0.535191
0.849457
0.833931
0.011366
0.733168
0.018208
0.606091
0.849457
0.643093
0.733168
0.553132
0.065765
0.927419
0.292098
0.059014
0.008972
0.535191
0.849457
0.080978
0.733168
0.372518
0.696716
0.937933
0.624567
0.817866
0.982043
0.317849
0.000001
0.715027
0.292098
0.001230
0.624567
0.387466
0.643093
0.661629
0.606091
0.402779
0.372518
0.085357
0.012819
0.535191
0.624567
0.162877
0.115746
0.162877
0.715027
0.402779
0.927419
0.643093
0.225124
0.089946
0.606091
0.304778
0.162877
0.246344
0.059014
0.661629
0.205375
0.643093
0.733168
0.864391
0.003816
0.937933
0.606091
0.085357
0.499975
0.643093
0.482750
0.304778
0.155173
0.696716
0.661629
0.733168
0.849457
0.751088
0.833931
0.215069
0.059014
0.849457
0.927419
0.643093
0.733168
0.215069
0.402779
0.115746
0.864391
0.357946
0.864391
0.225124
0.927419
0.569437
0.864391
0.402779
0.357946
0.036007
0.080978
0.751088
0.733168
0.751088
0.517464
0.482750
0.304778
0.482750
0.643093
0.916063
0.587702
0.751088
0.833931
0.482750
0.040301
0.449170
0.817866
0.624567
0.267903
0.751088
0.624567
0.624567
0.235548
0.982043
0.643093
0.768734
0.751088
0.499975
0.019311
0.372518
0.849457
0.751088
0.696716
0.115746
0.849457
0.751088
0.587702
0.110007
0.402779
0.643093
0.279807
0.733168
0.499975
0.849457
0.003816
0.643093
0.937933
0.205375
0.499975
0.387466
0.587702
0.009535
0.587702
0.927419
0.768734
0.110007
0.927419
0.155173
0.028832
0.817866
0.849457
0.849457
0.643093
0.751088
0.267903
0.849457
0.001921
0.147779
0.715027
0.292098
0.733168
0.147779
0.715027
0.937933
0.038098
0.624567
0.499975
0.387466
0.751088
0.357946
0.080978
0.062306
0.715027
0.115746
0.997068
0.864391
0.387466
0.434469
0.849457
0.482750
0.833931
0.499975
0.155173
0.927419
0.387466
0.624567
0.372518
0.535191
0.643093
0.196037
0.982043
0.849457
0.402779
0.864391
0.587702
0.387466
0.499975
0.624567
0.387466
0.606091
0.155173
0.606091
0.733168
0.733168
0.976721
0.080978
0.751088
0.317849
0.587702
0.304778
0.000000
0.170899
0.225124
0.733168
0.751088
0.003583
0.304778
0.085357
0.304778
0.733168
0.155173
0.733168
0.624567
0.849457
0.751088
0.606091
0.643093
0.733168
0.279807
0.751088
0.465808
0.000089
0.517464
0.733168
0.733168
0.279807
0.121745
0.751088
0.696716
0.499975
0.292098
0.937933
0.418451
0.849457
0.465808
0.864391
0.000185
0.715027
0.849457
0.372518
0.643093
0.817866
0.733168
0.833931
0.465808
0.357946
0.849457
0.115746
0.387466
0.062306
0.235548
0.465808
0.715027
0.751088
0.008972
0.733168
0.733168
0.817866
0.768734
0.624567
0.292098
0.304778
0.927419
0.733168
0.768734
0.976721
0.304778
0.606091
0.005518
0.643093
0.387466
0.387466
0.292098
0.499975
0.465808
0.387466
0.317849
0.849457
0.279807
0.751088
0.482750
0.715027
0.317849
0.849457
0.196037
0.025695
0.643093
0.661629
0.418451
0.372518
0.715027
0.976721
0.256385
0.849457
0.179248
0.387466
0.982043
0.225124
0.733168
0.027221
0.292098
0.292098
0.751088
0.372518
0.012819
0.833931
0.000001
0.499975
0.005518
0.499975
0.916063
0.643093
0.499975
0.387466
0.304778
0.606091
0.976721
0.387466
0.587702
0.937933
0.751088
0.976721
0.387466
0.062306
0.062306
0.304778
0.937933
0.235548
0.372518
0.080978
0.606091
0.162877
0.085357
0.065765
0.715027
0.864391
0.864391
0.864391
0.982043
0.372518
0.624567
0.304778
0.080978
0.115746
0.849457
0.304778
0.292098
0.751088
0.976721
0.317849
0.849457
0.751088
0.864391
0.849457
0.089946
0.140686
0.482750
0.751088
0.042621
0.162877
0.849457
0.768734
0.864391
0.434469
0.292098
0.115746
0.115746
0.482750
0.927419
0.998315
0.387466
0.002465
0.849457
0.155173
0.155173
0.121745
0.304778
0.751088
0.751088
0.849457
0.052901
0.733168
0.292098
0.000497
0.017164
0.038098
0.055881
0.517464
0.038098
0.751088
0.292098
0.076801
0.864391
0.937933
0.304778
0.849457
0.387466
0.304778
0.715027
0.402779
0.937933
0.121745
0.215069
0.115746
0.643093
0.225124
0.715027
0.937933
0.110007
0.304778
0.003816
0.205375
0.927419
0.499975
0.304778
0.833931
0.304778
0.937933
0.000000
0.357946
0.465808
0.817866
0.482750
0.751088
0.733168
0.661629
0.215069
0.864391
0.205375
0.833931
0.864391
0.517464
0.998315
0.402779
0.751088
0.937933
0.000032
0.916063
0.292098
0.357946
0.179248
0.624567
0.387466
0.027221
0.304778
0.696716
0.849457
0.751088
0.643093
0.606091
0.927419
0.012819
0.937933
0.768734
0.833931
0.661629
0.643093
0.304778
0.304778
0.387466
0.499975
0.927419
0.062306
0.733168
0.751088
0.937933
0.179248
0.849457
0.019311
0.267903
0.733168
0.304778
0.849457
0.279807
0.304778
0.317849
0.733168
0.535191
0.817866
0.292098
0.937933
0.372518
0.751088
0.768734
0.005871
0.357946
0.817866
0.205375
0.482750
0.903897
0.849457
0.624567
0.387466
0.121745
0.465808
0.982043
0.434469
0.304778
0.733168
0.751088
0.225124
0.937933
0.715027
0.606091
0.927419
0.402779
0.140686
0.006644
0.482750
0.372518
0.499975
0.482750
0.465808
0.121745
0.170899
0.833931
0.606091
0.304778
0.465808
0.817866
0.624567
0.715027
0.115746
0.751088
0.817866
0.927419
0.235548
0.499975
0.569437
0.982043
0.927419
0.768734
0.833931
0.499975
0.004063
0.733168
0.449170
0.002983
0.849457
0.982043
0.733168
0.020478
0.080978
0.434469
0.387466
0.927419
0.927419
0.643093
0.624567
0.768734
0.040301
0.661629
0.817866
0.005518
0.450820
0.517464
0.482750
0.019311
0.768734
0.357946
0.062306
0.387466
0.028832
0.833931
0.027221
0.372518
0.849457
0.833931
0.110007
0.162877
0.402779
0.055881
0.304778
0.751088
0.006644
0.089946
0.357946
0.624567
0.465808
0.517464
0.499975
0.715027
0.849457
0.147779
0.000068
0.715027
0.624567
0.661629
0.927419
0.482750
0.751088
0.624567
0.465808
0.246344
0.606091
0.317849
0.372518
0.387466
0.121745
0.606091
0.833931
0.751088
0.387466
0.624567
0.715027
0.162877
0.733168
0.279807
0.005518
0.517464
0.751088
0.104520
0.606091
0.418451
0.833931
0.715027
0.482750
0.517464
0.215069
0.833931
0.028832
0.387466
0.482750
0.817866
0.279807
0.849457
0.817866
0.317849
0.624567
0.849457
0.235548
0.162877
0.205375
0.372518
0.304778
0.372518
0.482750
0.085357
0.733168
0.062306
0.715027
0.768734
0.372518
0.733168
0.499975
0.833931
0.215069
0.292098
0.937933
0.372518
0.028832
0.624567
0.147779
0.982043
0.864391
0.080978
0.162877
0.499975
0.387466
0.833931
0.849457
0.606091
0.927419
0.751088
0.606091
0.927419
0.916063
0.012819
0.833931
0.517464
0.304778
0.927419
0.751088
0.465808
0.864391
0.304778
0.304778
0.643093
0.482750
0.055881
0.215069
0.751088
0.849457
0.927419
0.304778
0.849457
0.569437
0.833931
0.292098
0.927419
0.402779
0.849457
0.215069
0.317849
0.317849
0.937933
0.849457
0.482750
0.937933
0.387466
0.517464
0.715027
0.225124
0.927419
0.517464
0.065765
0.817866
0.927419
0.751088
0.387466
0.606091
0.225124
0.012819
0.304778
0.643093
0.624567
0.499975
0.162877
0.937933
0.849457
0.418451
0.055881
0.304778
0.402779
0.696716
0.643093
0.624567
0.916063
0.402779
0.008441
0.587702
0.004063
0.849457
0.235548
0.733168
0.864391
0.304778
0.833931
0.733168
0.982043
0.055881
0.624567
0.267903
0.751088
0.019311
0.864391
0.624567
0.387466
0.004326
0.317849
0.055881
0.768734
0.292098
0.304778
0.027221
0.059014
0.000211
0.372518
0.372518
0.569437
0.002048
0.304778
0.292098
0.733168
0.849457
0.751088
0.624567
0.317849
0.499975
0.849457
0.817866
0.005871
0.304778
0.292098
0.482750
0.927419
0.062306
0.864391
0.499975
0.402779
0.849457
0.982043
0.849457
0.817866
0.215069
0.317849
0.937933
0.768734
0.387466
0.661629
0.733168
0.304778
0.387466
0.927419
0.317849
0.937933
0.733168
0.115746
0.499975
0.751088
0.155173
0.751088
0.402779
0.733168
0.751088
0.864391
0.155173
0.715027
0.927419
0.833931
0.997068
0.982043
0.535191
0.643093
0.751088
0.982043
0.916063
0.027221
0.768734
0.055881
0.864391
0.606091
0.624567
0.751088
0.927419
0.927419
0.246344
0.982043
0.499975
0.624567
0.535191
0.155173
0.215069
0.279807
0.304778
0.225124
0.372518
0.162877
0.304778
0.121745
0.499975
0.155173
0.733168
0.402779
0.292098
0.916063
0.864391
0.304778
0.372518
0.696716
0.833931
0.304778
0.751088
0.235548
0.110007
0.499975
0.110007
0.733168
0.768734
0.372518
0.387466
0.085357
0.864391
0.372518
0.751088
0.357946
0.162877
0.587702
0.387466
0.387466
0.715027
0.482750
0.849457
0.624567
0.715027
0.849457
0.115746
0.606091
0.864391
0.715027
0.733168
0.733168
0.643093
0.517464
0.751088
0.916063
0.292098
0.104520
0.465808
0.606091
0.482750
0.696716
0.976721
0.817866
0.402779
0.751088
0.849457
0.927419
0.733168
0.801317
0.751088
0.606091
0.089946
0.849457
0.482750
0.012819
0.916063
0.643093
0.937933
0.482750
0.279807
0.624567
0.482750
0.751088
0.937933
0.155173
0.215069
0.387466
0.864391
0.833931
0.317849
0.606091
0.482750
0.402779
0.387466
0.304778
0.008972
0.357946
0.768734
0.927419
0.402779
0.624567
0.155173
0.624567
0.849457
0.903897
0.733168
0.499975
0.115746
0.903897
0.624567
0.817866
0.733168
0.372518
0.982043
0.080978
0.115746
0.927419
0.225124
0.606091
0.849457
0.147779
0.034023
0.751088
0.751088
0.751088
0.292098
0.317849
0.372518
0.606091
0.998315
0.864391
0.418451
0.849457
0.661629
0.606091
0.643093
0.089946
0.587702
0.801317
0.162877
0.927419
0.833931
0.121745
0.927419
0.833931
0.012819
0.624567
0.080978
0.927419
0.833931
0.225124
0.768734
0.624567
0.864391
0.162877
0.179248
0.372518
0.937933
0.042621
0.587702
0.587702
0.465808
0.768734
0.000275
0.062306
0.387466
0.304778
0.535191
0.115746
0.025695
0.833931
0.215069
0.372518
0.387466
0.062306
0.606091
0.937933
0.751088
0.372518
0.059014
0.569437
0.624567
0.040301
0.606091
0.110007
0.751088
0.833931
0.215069
0.402779
0.235548
0.009535
0.225124
0.387466
0.482750
0.535191
0.006246
0.292098
0.976721
0.235548
0.062306
0.304778
0.733168
0.833931
0.121745
0.606091
0.715027
0.849457
0.225124
0.110007
0.000257
0.115746
0.864391
0.402779
0.014448
0.624567
0.225124
0.715027
0.196037
0.072820
0.696716
0.047637
0.482750
0.606091
0.982043
0.089946
0.115746
0.235548
0.606091
0.696716
0.849457
0.751088
0.000052
0.042621
0.025695
0.028832
0.235548
0.733168
0.864391
0.927419
0.155173
0.733168
0.553132
0.849457
0.903897
0.387466
0.205375
0.387466
0.624567
0.624567
0.292098
0.304778
0.587702
0.715027
0.115746
0.976721
0.482750
0.387466
0.292098
0.751088
0.499975
0.624567
0.499975
0.587702
0.624567
0.715027
0.215069
0.751088
0.903897
0.982043
0.387466
0.110007
0.499975
0.317849
0.115746
0.372518
0.696716
0.927419
0.304778
0.005518
0.849457
0.000465
0.387466
0.036007
0.372518
0.517464
0.715027
0.733168
0.002627
0.215069
0.624567
0.482750
0.059014
0.019311
0.147779
0.833931
0.402779
0.076801
0.387466
0.304778
0.085357
0.482750
0.587702
0.115746
0.733168
0.104520
0.000052
0.482750
0.292098
0.733168
0.387466
0.089946
0.715027
0.916063
0.817866
0.387466
0.499975
0.246344
0.115746
0.317849
0.643093
0.387466
0.104520
0.833931
0.482750
0.715027
0.292098
0.517464
0.372518
0.005871
0.624567
0.751088
0.751088
0.304778
0.482750
0.864391
0.976721
0.465808
0.215069
0.517464
0.733168
0.499975
0.062306
0.225124
0.606091
0.643093
0.028832
0.402779
0.976721
0.267903
0.768734
0.279807
0.482750
0.482750
0.008972
0.982043
0.499975
0.927419
0.998315
0.849457
0.115746
0.733168
0.768734
0.387466
0.304778
0.715027
0.751088
0.849457
0.387466
0.715027
0.849457
0.715027
0.004063
0.937933
0.849457
0.162877
0.715027
0.849457
0.849457
0.733168
0.038098
0.482750
0.715027
0.751088
0.751088
0.042621
0.246344
0.387466
0.751088
0.110007
0.733168
0.661629
0.864391
0.982043
0.833931
0.606091
0.025695
0.715027
0.357946
0.817866
0.402779
0.482750
0.833931
0.715027
0.110007
0.482750
0.279807
0.982043
0.402779
0.864391
0.196037
0.013611
0.833931
0.606091
0.864391
0.387466
0.849457
0.849457
0.833931
0.304778
0.055881
0.817866
0.817866
0.643093
0.080978
0.606091
0.606091
0.982043
0.205375
0.292098
0.624567
0.162877
0.927419
0.768734
0.927419
0.121745
0.304778
0.606091
0.304778
0.019311
0.733168
0.927419
0.916063
0.768734
0.387466
0.019311
0.643093
0.005871
0.643093
0.751088
0.372518
0.040301
0.517464
0.205375
0.038098
