0.135905
0.083787
0.964764
0.291096
0.128395
0.971327
0.910991
0.780614
0.451524
0.618058
0.009348
0.166118
0.582117
0.310713
0.932566
0.488364
0.362886
0.400467
0.809326
0.247676
0.127652
0.905441
0.410914
0.361029
0.454758
0.716867
0.123653
0.146268
0.524687
0.444192
0.294608
0.336782
0.061932
0.650959
0.731593
0.338386
0.081213
0.776179
0.424050
0.865314
0.841017
0.275379
0.909804
0.599703
0.157296
0.766812
0.530970
0.935991
0.723083
0.570645
0.754650
0.308092
0.741478
0.595549
0.370646
0.048377
0.695524
0.714642
0.927589
0.335856
0.066111
0.003254
0.230454
0.833066
0.064033
0.847798
0.472755
0.394930
0.203361
0.411872
0.925777
0.608589
0.024992
0.012021
0.135905
0.036142
0.571089
0.565430
0.991672
0.811042
0.707058
0.348377
0.539244
0.200383
0.604537
0.744102
0.330003
0.276402
0.772572
0.252833
0.531621
0.799546
0.471414
0.110190
0.093722
0.707952
0.095068
0.099651
0.450818
0.027574
0.266087
0.397740
0.795221
0.272617
0.909059
0.149854
0.976506
0.474099
0.482822
0.676841
0.257448
0.659669
0.612983
0.214788
0.964944
0.546027
0.135576
0.480322
0.146268
0.018228
0.053909
0.799238
0.972194
0.239829
0.720200
0.329090
0.482822
0.644509
0.550308
0.770549
0.827916
0.358738
0.925642
0.529559
0.329173
0.136813
0.117023
0.241475
0.201810
0.143099
0.897137
0.363063
0.161871
0.186233
0.852809
0.147809
0.291629
0.012021
0.901058
0.818551
0.604200
0.310156
0.246668
0.408526
0.385653
0.370916
0.027285
0.124299
0.312870
0.214728
0.460956
0.391389
0.095310
0.421423
0.866026
0.678759
0.646093
0.982812
0.765635
0.084570
0.735445
0.356370
0.451221
0.010161
0.600939
0.125677
0.194644
0.357158
0.510711
0.133253
0.987347
0.247071
0.374521
0.466683
0.747157
0.769483
0.509535
0.909059
0.281188
0.708845
0.647451
0.102996
0.355583
0.666679
0.649827
0.462895
0.955426
0.933399
0.150661
0.577321
0.766170
0.038851
0.694851
0.627658
0.282525
0.398585
0.222233
0.885207
0.068205
0.334428
0.484492
0.446997
0.052184
0.912390
0.487945
0.547123
0.320786
0.033470
0.372806
0.232434
0.941550
0.108588
0.901058
0.454353
0.407002
0.148562
0.610391
0.280818
0.154659
0.654919
0.816059
0.892662
0.143444
0.079399
0.977858
0.091021
0.752809
0.381980
0.704823
0.328013
0.036846
0.697992
0.797181
0.770762
0.427468
0.088249
0.222667
0.579216
0.985958
0.971565
0.525552
0.944316
0.766384
0.335436
0.765742
0.742900
0.365016
0.749877
0.543617
0.673230
0.269445
0.093069
0.291248
0.262267
0.414079
0.430313
0.301647
0.619300
0.025179
0.358123
0.745848
0.263606
0.503461
0.027333
0.516390
0.833838
0.602738
0.313190
0.965656
0.331251
0.147191
0.673682
0.131643
0.824486
0.315117
0.349153
0.938651
0.307301
0.551957
0.665210
0.954131
0.472446
0.912390
0.789516
0.919080
0.101200
0.568979
0.300945
0.716533
0.341184
0.255719
0.430116
0.337541
0.905745
0.755732
0.455670
0.065570
0.272617
0.260024
0.244061
0.706611
0.295530
0.563990
0.491304
0.179732
0.031330
0.800777
0.655258
0.451020
0.206725
0.034854
0.791907
0.282004
0.403774
0.505483
0.307459
0.391947
0.014913
0.944779
0.855474
0.776285
0.083223
0.333004
0.109745
0.989368
0.534230
0.642133
0.766599
0.387313
0.637947
0.726735
0.183568
0.285586
0.249093
0.424830
0.340080
0.626302
0.030832
0.641002
0.251468
0.430215
0.861825
0.133131
0.893146
0.504950
0.737313
0.918373
0.328510
0.239108
0.797387
0.468634
0.822219
0.231410
0.918798
0.623929
0.897137
0.406051
0.019438
0.455568
0.112964
0.568979
0.659217
0.852809
0.150796
0.234362
0.494674
0.780193
0.723637
0.273632
0.570978
0.701914
0.318186
0.927855
0.176270
0.642586
0.580443
0.839590
0.700570
0.376241
0.525011
0.461465
0.509215
0.005532
0.598131
0.155580
0.279709
0.771082
0.649148
0.817755
0.678308
0.714753
0.970646
0.447499
0.708175
0.210548
0.123463
0.358299
0.201638
0.737752
0.999976
0.854465
0.509855
0.394276
0.217025
0.555812
0.386575
0.682253
0.354447
0.714197
0.592745
0.418128
0.937668
0.187524
0.422006
0.625511
0.304543
0.988690
0.417066
0.647451
0.036129
0.831129
0.464224
0.972038
0.310873
0.050409
0.920834
0.846207
0.123539
0.325783
0.294762
0.910769
0.016158
0.521772
0.112964
0.443692
0.651638
0.805778
0.363950
0.880679
0.789412
0.999102
0.110913
0.239370
0.609039
0.380244
0.178486
0.156506
0.593194
0.639305
0.950831
0.210844
0.614787
0.206725
0.505163
0.337120
0.958645
0.299546
0.045026
0.387128
0.537171
0.928387
0.901679
0.780193
0.957002
0.792219
0.431690
0.237735
0.550968
0.918231
0.393157
0.917450
0.536081
0.069354
0.869909
0.129141
0.458919
0.353402
0.286186
0.752592
0.132164
0.562440
0.929312
0.078760
0.089326
0.688783
0.792530
0.017704
0.452432
0.367512
0.692492
0.048969
0.328178
0.874697
0.500383
0.099181
0.196990
0.434155
0.964268
0.578658
0.722750
0.626528
0.027944
0.951587
0.914938
0.595100
0.685970
0.003377
0.965744
0.443692
0.917877
0.240421
0.043938
0.419774
0.792011
0.187848
0.609715
0.381523
0.309440
0.257102
0.806895
0.188659
0.304857
0.528908
0.639531
0.360853
0.536081
0.112824
0.199133
0.721087
0.227603
0.673343
0.385561
0.035572
0.339571
0.214668
0.606000
0.188443
0.996631
0.876161
0.296222
0.938651
0.653109
0.055574
0.571089
0.269086
0.988031
0.442893
0.464019
0.766063
0.600152
0.882869
0.834706
0.946442
0.512315
0.684055
0.848171
0.252765
0.928784
0.992332
0.351490
0.465350
0.335940
0.872878
0.972116
0.675487
0.967399
0.912096
0.241872
0.335352
0.359442
0.862724
0.350797
0.992790
0.726183
0.888183
0.238453
0.841207
0.512530
0.805473
0.587258
0.145307
0.965744
0.092128
0.539025
0.050749
0.714085
0.188768
0.959038
0.633536
0.185698
0.232370
0.568757
0.608589
0.796975
0.676728
0.164708
0.302271
0.420646
0.429429
0.414560
0.385561
0.387221
0.836819
0.054162
0.480946
0.855290
0.712303
0.520263
0.423076
0.375607
0.754109
0.485955
0.029618
0.615351
0.880002
0.352532
0.243263
0.759511
0.801903
0.753676
0.878301
0.175350
0.206316
0.887278
0.850683
0.295606
0.552288
0.577098
0.945757
0.266656
0.565319
0.500065
0.273124
0.727620
0.089554
0.726183
0.400279
0.423173
0.482405
0.988779
0.656163
0.190400
0.953344
0.619751
0.117785
0.837107
0.220630
0.662383
0.217876
0.437817
0.810638
0.661931
0.472652
0.217572
0.130964
0.880848
0.092128
0.292696
0.542085
0.786909
0.121470
0.034458
0.280966
0.111223
0.657973
0.353750
0.560118
0.689008
0.267583
0.911065
0.574871
0.137435
0.796769
0.962291
0.831226
0.366798
0.872269
0.890474
0.998651
0.046564
0.567536
0.147059
0.432971
0.605100
0.060194
0.438413
0.164757
0.427958
0.002120
0.551517
0.835283
0.893949
0.027749
0.614562
0.034566
0.463201
0.196990
0.341865
0.348463
0.362267
0.899106
0.945183
0.207251
0.374430
0.681802
0.692717
0.930166
0.316407
0.924828
0.964087
0.206900
0.200383
0.050104
0.784711
0.221430
0.652090
0.667357
0.320134
0.459224
0.315600
0.688220
0.264313
0.125677
0.638626
0.453240
0.919643
0.486269
0.495940
0.599029
0.880848
0.945298
0.728835
0.695748
0.853178
0.645641
0.589385
0.713974
0.741369
0.359442
0.155673
0.938834
0.663627
0.823600
0.822120
0.759188
0.164660
0.102964
0.097505
0.402544
0.946952
0.084245
0.302506
0.539680
0.753242
0.697319
0.746067
0.186072
0.218913
0.739507
0.277134
0.798416
0.106107
0.335100
0.682929
0.704040
0.902143
0.773422
0.281856
0.469148
0.723194
0.535428
0.449509
0.171107
0.388885
0.174281
0.371545
0.923119
0.308092
0.700346
0.078202
0.008323
0.099243
0.535972
0.730159
0.071145
0.280818
0.419968
0.275160
0.932695
0.049885
0.539025
0.534557
0.372625
0.369390
0.461772
0.035084
0.491620
0.620429
0.038439
0.278309
0.231538
0.244061
0.742463
0.295299
0.945298
0.764778
0.878131
0.910695
0.546685
0.167292
0.941907
0.436925
0.694401
0.941072
0.249363
0.896662
0.510069
0.725408
0.721087
0.065548
0.731262
0.736764
0.017325
0.363063
0.392226
0.760157
0.366530
0.119578
0.307617
0.304857
0.770336
0.321193
0.435539
0.987984
0.453544
0.800982
0.406906
0.160967
0.897769
0.086130
0.953028
0.901989
0.907786
0.204111
0.952070
0.066133
0.357071
0.520263
0.940772
0.133131
0.189800
0.933143
0.746067
0.328675
0.486897
0.828697
0.552398
0.340335
0.471414
0.601276
0.594203
0.480842
0.595998
0.147499
0.838828
0.829282
0.455062
0.301491
0.746503
0.005515
0.184204
0.724523
0.323811
0.223784
0.699001
0.404721
0.933909
0.295299
0.953555
0.980099
0.198624
0.153286
0.595773
0.978499
0.323319
0.530752
0.277281
0.432084
0.673456
0.840637
0.942381
0.080821
0.063633
0.175299
0.798416
0.916593
0.994013
0.216661
0.695075
0.211557
0.440700
0.861105
0.115121
0.106873
0.432084
0.214427
0.646546
0.098092
0.848544
0.681802
0.725187
0.774801
0.578324
0.230581
0.454758
0.139610
0.992435
0.399055
0.411968
0.957203
0.769803
0.819743
0.090472
0.224095
0.980761
0.908536
0.526417
0.300323
0.640436
0.876333
0.413791
0.728172
0.957404
0.716200
0.697656
0.421909
0.087239
0.877190
0.690357
0.718756
0.303915
0.693840
0.564765
0.205502
0.096036
0.843950
0.030810
0.873659
0.668826
0.725187
0.799854
0.571311
0.953555
0.835668
0.308488
0.409480
0.787118
0.412064
0.769910
0.942853
0.528692
0.434649
0.038006
0.469457
0.796975
0.652430
0.518002
0.103514
0.191825
0.074224
0.898399
0.261705
0.933782
0.865937
0.940170
0.786072
0.892178
0.445393
0.902143
0.724191
0.209542
0.094378
0.392598
0.035523
0.322664
0.306274
0.685519
0.843006
0.401410
0.490148
0.959817
0.117712
0.642359
0.160445
0.339910
0.971644
0.507081
0.353837
0.574091
0.629127
0.519294
0.155811
0.703145
0.741369
0.444993
0.902761
0.614336
0.868767
0.818253
0.453342
0.255995
0.748681
0.255926
0.940652
0.860654
0.558129
0.062632
0.116194
0.521664
0.557357
0.643943
0.554159
0.818352
0.656842
0.595998
0.571311
0.724080
0.935364
0.392691
0.752592
0.478554
0.613660
0.435836
0.651072
0.524903
0.246735
0.527391
0.651751
0.547343
0.329422
0.528692
0.417066
0.765956
0.393437
0.093217
0.024055
0.644283
0.087072
0.928387
0.259047
0.669955
0.697768
0.301179
0.307854
0.484701
0.084408
0.564433
0.768736
0.142970
0.849289
0.041890
0.753242
0.346225
0.199474
0.719756
0.289579
0.616253
0.848731
0.720865
0.842344
0.442594
0.851331
0.754434
0.490043
0.371365
0.970322
0.121694
0.123236
0.189800
0.171457
0.060694
0.454151
0.127808
0.343741
0.218913
0.415812
0.246265
0.435044
0.151924
0.256548
0.857209
0.615802
0.786909
0.173167
0.841586
0.541538
0.177556
0.950505
0.850683
0.142156
0.724080
0.973007
0.029216
0.314072
0.474823
0.553498
0.203419
0.949244
0.284314
0.127691
0.557357
0.528041
0.624381
0.740821
0.664983
0.600714
0.153880
0.999846
0.006899
0.667357
0.176117
0.652882
0.335940
0.616930
0.458105
0.901446
0.525335
0.539680
0.141048
0.386482
0.351403
0.649375
0.606450
0.244861
0.853546
0.947065
0.263042
0.917592
0.698553
0.573646
0.054053
0.576986
0.288671
0.023168
0.342291
0.613660
0.742463
0.945643
0.518648
0.153058
0.099087
0.141558
0.908236
0.884708
0.950940
0.189583
0.138770
0.840637
0.937792
0.267869
0.112056
0.207661
0.195368
0.957604
0.877789
0.074708
0.453948
0.076549
0.869909
0.088108
0.901291
0.765528
0.644170
0.142156
0.458105
0.006647
0.625511
0.014805
0.236953
0.403300
0.288143
0.542413
0.284987
0.493198
0.284164
0.139273
0.230900
0.112335
0.548440
0.898792
0.145874
0.637947
0.592633
0.249905
0.597794
0.526309
0.390182
0.196766
0.454353
0.559013
0.585133
0.159311
0.325290
0.188226
0.724744
0.629466
0.709292
0.573424
0.800572
0.481571
0.726625
0.862185
0.938283
0.276841
0.242269
0.063591
0.831905
0.615125
0.291933
0.614562
0.102415
0.488364
0.233783
0.274577
0.663175
0.505695
0.237800
0.453443
0.416294
0.672666
0.281411
0.388422
0.999327
0.471930
0.959720
0.049634
0.524038
0.599478
0.222729
0.934670
0.422200
0.448403
0.867532
0.212689
0.415427
0.907334
0.014261
0.307380
0.458105
0.693615
0.468326
0.859389
0.036317
0.219647
0.279562
0.813556
0.094798
0.418032
0.407763
0.457699
0.288596
0.241277
0.385009
0.439307
0.877789
0.002293
0.192045
0.305172
0.934163
0.341184
0.286486
0.359354
0.177041
0.321765
0.987106
0.548770
0.914359
0.922568
0.170607
0.930688
0.362709
0.988645
0.069491
0.759188
0.258838
0.072433
0.130924
0.033077
0.899106
0.695524
0.920485
0.129299
0.128160
0.474409
0.313912
0.660800
0.640097
0.307538
0.316003
0.991782
0.192045
0.721753
0.044736
0.351837
0.629805
0.048804
0.086961
0.449912
0.129496
0.416101
0.745848
0.015617
0.089554
0.088729
0.479178
0.720422
0.928586
0.676390
0.973389
0.855657
0.749225
0.307380
0.519940
0.952922
0.346655
0.601389
0.893226
0.036017
0.132084
0.963540
0.661366
0.805066
0.566760
0.752375
0.252902
0.971802
0.423076
0.629466
0.631727
0.047631
0.617946
0.919503
0.756057
0.923531
0.717200
0.504950
0.342887
0.864066
0.906579
0.700682
0.277281
0.899576
0.497314
0.508467
0.939078
0.117168
0.720976
0.140116
0.752592
0.686757
0.252218
0.087267
0.076375
0.362001
0.823994
0.319728
0.232562
0.305172
0.782613
0.711634
0.543726
0.668713
0.195758
0.681802
0.864602
0.975758
0.149720
0.923668
0.402355
0.207895
0.866647
0.029993
0.523067
0.665549
0.645980
0.307301
0.937174
0.873312
0.222915
0.372715
0.145438
0.678082
0.228361
0.583792
0.669165
0.108690
0.519940
0.519401
0.607350
0.405956
0.725629
0.476790
0.155673
0.174179
0.963356
0.796975
0.625059
0.744648
0.478451
0.704264
0.523714
0.495940
0.980761
0.350537
0.561223
0.522959
0.317376
0.772784
0.281040
0.028992
0.932309
0.210844
0.805371
0.600377
0.650054
0.136482
0.324385
0.971407
0.668826
0.294915
0.180462
0.349153
0.827036
0.482717
0.332085
0.943733
0.711634
0.716422
0.050222
0.654014
0.079656
0.231858
0.444993
0.420549
0.080120
0.104558
0.905441
0.905973
0.373076
0.130248
0.242534
0.503036
0.651185
0.566760
0.280005
0.236498
0.285361
0.951372
0.648696
0.041933
0.108859
0.045611
0.956700
0.022114
0.160777
0.647791
0.336024
0.877019
0.583122
0.108690
0.774059
0.303601
0.688445
0.198060
0.200041
0.820933
0.808618
0.932309
0.600827
0.750312
0.897927
0.565319
0.602625
0.570200
0.827623
0.332837
0.021158
0.056490
0.267797
0.054507
0.677518
0.349067
0.548990
0.489938
0.808112
0.950723
0.186609
0.863977
0.639983
0.503249
0.663401
0.658878
0.090963
0.751072
0.710519
0.040137
0.041463
0.563215
0.944083
0.743119
0.123805
0.704599
0.681126
0.347601
0.902915
0.352011
0.390367
0.224718
0.851978
0.418805
0.720200
0.133334
0.514995
0.307143
0.857118
0.799751
0.197890
0.143099
0.411201
0.508894
0.976717
0.015880
0.455974
0.962849
0.955528
0.280374
0.112929
0.147411
0.842060
0.610954
0.622235
0.697880
0.496151
0.010064
0.774059
0.132768
0.512744
0.768416
0.369659
0.547123
0.854465
0.447900
0.594203
0.037512
0.581112
0.590168
0.140412
0.833838
0.883874
0.228867
0.123274
0.536953
0.978499
0.763061
0.164225
0.090963
0.876333
0.739945
0.854282
0.377966
0.922223
0.982812
0.619977
0.596335
0.609715
0.227414
0.123539
0.425806
0.297842
0.900357
0.770549
0.566095
0.965123
0.917165
0.955426
0.687095
0.785968
0.162733
0.601838
0.074878
0.703145
0.115907
0.744648
0.443592
0.961728
0.342973
0.216600
0.608026
0.093692
0.966403
0.508574
0.114339
0.251809
0.304072
0.654240
0.446295
0.190346
0.437917
0.981714
0.796872
0.467196
0.253861
0.004534
0.420258
0.005522
0.034102
0.184524
0.010064
0.195312
0.640775
0.599815
0.244261
0.582229
0.474512
0.985123
0.275160
0.045271
0.195200
0.159405
0.176322
0.715755
0.382438
0.351924
0.420064
0.609490
0.243928
0.379787
0.149229
0.386944
0.560007
0.857300
0.552068
0.464633
0.816059
0.341099
0.857755
0.852532
0.793152
0.407192
0.530318
0.367869
0.352098
0.791181
0.063507
0.435539
0.003236
0.039361
0.135002
0.836436
0.526850
0.944432
0.974553
0.914938
0.929772
0.972622
0.665097
0.135864
0.217085
0.295914
0.396614
0.888840
0.830352
0.449006
0.440401
0.506974
0.138812
0.663401
0.389070
0.869822
0.716311
0.016735
0.730159
0.464224
0.391203
0.186609
0.689232
0.581894
0.526093
0.786072
0.206958
0.710296
0.137976
0.195312
0.396240
0.969462
0.310793
0.326031
0.916879
0.990406
0.444792
0.602962
0.114694
0.196486
0.669277
0.882113
0.379240
0.872182
0.027535
0.613885
0.406526
0.092657
0.107342
0.577989
0.820338
0.628675
0.823994
0.234621
0.991818
0.291857
0.391761
0.599703
0.266941
0.005006
0.055518
0.919643
0.810235
0.957704
0.296915
0.843384
0.494041
0.896265
0.000019
0.310235
0.081003
0.155396
0.189909
0.239764
0.323237
0.373798
0.029155
0.974701
0.212272
0.006406
0.708734
0.743337
0.090530
0.689682
0.131603
0.818054
0.438413
0.384733
0.935991
0.342035
0.407477
0.358036
0.229310
0.672440
0.468737
0.320786
0.312870
0.417838
0.176578
0.448905
0.545807
0.284164
0.137976
0.485432
0.018386
0.648922
0.184204
0.893146
0.085443
0.458512
0.262267
0.504525
0.910250
0.979778
0.579104
0.544602
0.425708
0.790141
0.239436
0.387498
0.624833
0.711411
0.664418
0.944374
0.655371
0.623929
0.818253
0.161538
0.331335
0.553719
0.317295
0.228487
0.221554
0.698777
0.937050
0.103644
0.339402
0.551737
0.458715
0.741369
0.623703
0.001808
0.659783
0.837298
0.532599
0.108487
0.687320
0.196150
0.021271
0.308488
0.750529
0.838064
0.010397
0.970807
0.125255
0.423173
0.203361
0.582675
0.415427
0.746067
0.477205
0.041577
0.831517
0.411010
0.161109
0.740164
0.025366
0.562882
0.220753
0.593642
0.000040
0.733355
0.442095
0.383906
0.455366
0.617381
0.112056
0.485432
0.444592
0.845456
0.570534
0.852071
0.680450
0.151607
0.912683
0.877789
0.213168
0.553058
0.117132
0.100818
0.904679
0.688445
0.292086
0.003582
0.472239
0.157576
0.080613
0.712971
0.674359
0.152740
0.485746
0.756165
0.637495
0.879917
0.668939
0.579550
0.589273
0.516713
0.152241
0.121432
0.492567
0.419580
0.770549
0.252287
0.292620
0.170159
0.701690
0.354447
0.266087
0.574871
0.567647
0.966491
0.753026
0.029104
0.014816
0.052377
0.088164
0.267583
0.947404
0.274723
0.931274
0.866114
0.055075
0.602850
0.188659
0.552508
0.014639
0.024554
0.458512
0.223163
0.275087
0.082398
0.871659
0.047390
0.029639
0.200611
0.280300
0.810638
0.011152
0.471827
0.112056
0.610504
0.885955
0.083384
0.215511
0.447699
0.186233
0.032181
0.400279
0.086240
0.786700
0.027886
0.884208
0.178797
0.420452
0.529125
0.494885
0.842722
0.381797
0.958201
0.804149
0.498160
0.735005
0.847424
0.943616
0.407573
0.069787
0.490989
0.540336
0.346569
0.897137
0.503249
0.120428
0.911507
0.354360
0.774483
0.779560
0.059341
0.024895
0.169463
0.192430
0.424537
0.890148
0.613660
0.844139
0.789933
0.407858
0.208012
0.949904
0.502930
0.426490
0.001733
0.624155
0.469148
0.749877
0.303445
0.322418
0.240289
0.548111
0.879493
0.066067
0.526309
0.270667
0.820735
0.842912
0.649262
0.442594
0.720311
0.913923
0.729387
0.449106
0.753784
0.788162
0.533577
0.508040
0.610504
0.495623
0.253724
0.897453
0.532599
0.271171
0.172814
0.232049
0.066678
0.016182
0.108385
0.068564
0.407097
0.494252
0.080977
0.904067
0.696422
0.265376
0.342887
0.572757
0.792945
0.249905
0.872095
0.004648
0.541319
0.902761
0.852440
0.631388
0.709180
0.433957
0.141303
0.972038
0.876676
0.609490
0.391203
0.799033
0.284762
0.785340
0.067782
0.180149
0.434056
0.864245
0.944779
0.884708
0.533686
0.308250
0.383172
0.567204
0.571311
0.268656
0.241541
0.428644
0.968964
0.351230
0.550858
0.601613
0.320216
0.098775
0.986289
0.967571
0.356195
0.765206
0.376967
0.358563
0.185591
0.242269
0.111743
0.970727
0.453240
0.465043
0.715977
0.056208
0.686645
0.508040
0.176065
0.450919
0.157017
0.116915
0.457699
0.407287
0.489518
0.813756
0.684844
0.257240
0.868591
0.300400
0.902761
0.088221
0.235267
0.590280
0.433464
0.643830
0.547892
0.074272
0.491409
0.638400
0.468840
0.645754
0.787535
0.743119
0.977994
0.609039
0.348549
0.260934
0.793152
0.390646
0.277061
0.184577
0.853546
0.219893
0.332336
0.708845
0.332670
0.726293
0.025339
0.098526
0.266300
0.324961
0.781667
0.238127
0.574537
0.918373
0.010087
0.290337
0.411776
0.173369
0.119100
0.817257
0.272617
0.638173
0.341354
0.495940
0.823403
0.710965
0.014204
0.113140
0.542194
0.113315
0.807402
0.283194
0.735005
0.430903
0.650393
0.518433
0.401221
0.673794
0.541975
0.101742
0.176065
0.218363
0.621896
0.959234
0.370197
0.874005
0.149899
0.781246
0.276548
0.536844
0.571534
0.810840
0.007641
0.875214
0.183091
0.385285
0.947291
0.321765
0.627432
0.643265
0.940170
0.195926
0.456379
0.792945
0.959720
0.043997
0.406811
0.977584
0.923531
0.574537
0.447398
0.884041
0.020496
0.308805
0.743774
0.356282
0.802925
0.261144
0.418032
0.312950
0.526958
0.843006
0.752266
0.589609
0.215995
0.383539
0.472755
0.389255
0.390367
0.455771
0.608251
0.091079
0.634554
0.392133
0.552838
0.706388
0.510069
0.769483
0.047664
0.768309
0.312870
0.520478
0.175758
0.257102
0.162541
0.924828
0.084761
0.037152
0.036179
0.211914
0.166655
0.136317
0.406906
0.101742
0.731593
0.846863
0.968166
0.953292
0.550638
0.594091
0.854098
0.279340
0.631275
0.296530
0.646999
0.459326
0.806489
0.360853
0.618058
0.845925
0.847984
0.454252
0.202269
0.626528
0.058655
0.000595
0.220384
0.793773
0.236823
0.290868
0.682478
0.385653
0.248215
0.593306
0.741588
0.133739
0.895708
0.161919
0.864780
0.798519
0.733575
0.724301
0.344682
0.519940
0.026416
0.454960
0.503249
0.700794
0.758541
0.142670
0.413215
0.563990
0.664983
0.774059
0.765956
0.639531
0.993514
0.560449
0.899420
0.543179
0.802925
0.480946
0.157670
0.756165
0.988690
0.953344
0.741150
0.479698
0.479282
0.969792
0.616930
0.593642
0.837968
0.442294
0.512851
0.930558
0.248485
0.384825
0.731593
0.521340
0.166655
0.111952
0.375244
0.349845
0.865314
0.634441
0.078227
0.220937
0.366173
0.387128
0.441696
0.811646
0.899733
0.315439
0.922223
0.691593
0.817655
0.595325
0.238388
0.615238
0.381706
0.516820
0.865848
0.837107
0.164370
0.358211
0.841965
0.582117
0.526634
0.728614
0.790765
0.834706
0.911655
0.724523
0.909953
0.702809
0.059262
0.833935
0.597569
0.511352
0.314715
0.268369
0.006332
0.617381
0.648243
0.255443
0.564100
0.730821
0.070728
0.322010
0.561776
0.418999
0.230199
0.354012
0.104591
0.419580
0.094618
0.502399
0.437619
0.500595
0.974181
0.163790
0.691481
0.636024
0.698665
0.876161
0.908760
0.924352
0.276988
0.764349
0.071986
0.384825
