0.300359
0.797695
0.300359
0.842732
0.842732
0.842732
0.749429
0.749429
0.842732
0.797695
0.883390
0.797695
0.009443
0.883390
0.797695
0.797695
0.797695
0.300359
0.883390
0.797695
0.842732
0.045296
0.842732
0.235542
0.883390
0.842732
0.883390
0.749429
0.842732
0.038778
0.797695
0.883390
0.883390
0.797695
0.266468
0.300359
0.797695
0.918608
0.749429
0.235542
0.797695
0.009443
0.749429
0.300359
0.300359
0.266468
0.883390
0.235542
0.300359
0.797695
0.266468
0.061460
0.000142
0.883390
0.883390
0.300359
0.797695
0.300359
0.842732
0.207493
0.797695
0.266468
0.883390
0.883390
0.235542
0.207493
0.842732
0.235542
0.797695
0.052813
0.842732
0.842732
0.797695
0.797695
0.300359
0.842732
0.038778
0.699087
0.266468
0.842732
0.842732
0.699087
0.266468
0.300359
0.797695
0.918608
0.699087
0.207493
0.842732
0.009443
0.918608
0.061460
0.842732
0.883390
0.918608
0.842732
0.300359
0.266468
0.266468
0.842732
0.797695
0.749429
0.749429
0.337253
0.061460
0.797695
0.266468
0.797695
0.300359
0.266468
0.883390
0.842732
0.061460
0.749429
0.266468
0.266468
0.842732
0.918608
0.842732
0.883390
0.842732
0.045296
0.749429
0.842732
0.300359
0.300359
0.266468
0.052813
0.842732
0.011174
0.266468
0.235542
0.842732
0.883390
0.797695
0.797695
0.009443
0.300359
0.235542
0.235542
0.797695
0.182195
0.300359
0.207493
0.797695
0.842732
0.842732
0.842732
0.749429
0.000118
0.266468
0.207493
0.300359
0.797695
0.207493
0.007971
0.038778
0.013206
0.842732
0.797695
0.006720
0.266468
0.300359
0.797695
0.235542
0.797695
0.883390
0.266468
0.842732
0.266468
0.749429
0.842732
0.266468
0.300359
0.266468
0.797695
0.337253
0.797695
0.842732
0.797695
0.207493
0.842732
0.797695
0.797695
0.797695
0.749429
0.797695
0.300359
0.883390
0.207493
0.797695
0.842732
0.007971
0.337253
0.883390
0.052813
0.842732
0.337253
0.842732
0.883390
0.011174
0.300359
0.842732
0.235542
0.883390
0.883390
0.918608
0.918608
0.235542
0.918608
0.235542
0.266468
0.300359
0.797695
0.337253
0.207493
0.883390
0.842732
0.337253
0.883390
0.883390
0.749429
0.749429
0.797695
0.207493
0.207493
0.045296
0.842732
0.011174
0.699087
0.699087
0.009443
0.797695
0.883390
0.797695
0.009443
0.235542
0.842732
0.749429
0.749429
0.918608
0.749429
0.749429
0.842732
0.797695
0.749429
0.797695
0.337253
0.797695
0.300359
0.300359
0.797695
0.337253
0.005659
0.011174
0.300359
0.749429
0.797695
0.842732
0.300359
0.749429
0.842732
0.842732
0.918608
0.235542
0.749429
0.842732
0.797695
0.300359
0.797695
0.797695
0.266468
0.337253
0.842732
0.797695
0.842732
0.842732
0.918608
0.842732
0.797695
0.842732
0.266468
0.883390
0.009443
0.266468
0.797695
0.883390
0.300359
0.797695
0.266468
0.797695
0.797695
0.300359
0.749429
0.797695
0.749429
0.797695
0.918608
0.300359
0.918608
0.842732
0.266468
0.883390
0.797695
0.842732
0.797695
0.235542
0.797695
0.749429
0.883390
0.235542
0.699087
0.797695
0.266468
0.842732
0.883390
0.797695
0.207493
0.797695
0.006720
0.300359
0.842732
0.235542
0.207493
0.883390
0.045296
0.797695
0.266468
0.883390
0.749429
0.009443
0.842732
0.061460
0.797695
0.842732
0.842732
0.842732
0.699087
0.883390
0.006720
0.842732
0.797695
0.842732
0.266468
0.000097
0.749429
0.797695
0.045296
0.235542
0.842732
0.006720
0.918608
0.842732
0.797695
0.749429
0.011174
0.842732
0.005659
0.842732
0.842732
0.300359
0.797695
0.009443
0.207493
0.797695
0.235542
0.266468
0.235542
0.266468
0.235542
0.797695
0.052813
0.797695
0.842732
0.182195
0.883390
0.842732
0.038778
0.842732
0.647752
0.883390
0.749429
0.300359
0.797695
0.883390
0.337253
0.235542
0.266468
0.842732
0.883390
0.842732
0.797695
0.300359
0.842732
0.797695
0.842732
0.842732
0.235542
0.883390
0.266468
0.235542
0.038778
0.797695
0.207493
0.300359
0.842732
0.797695
0.883390
0.337253
0.797695
0.749429
0.052813
0.842732
0.749429
0.883390
0.749429
0.883390
0.038778
0.038778
0.000022
0.797695
0.300359
0.918608
0.842732
0.918608
0.842732
0.699087
0.000000
0.749429
0.842732
0.000852
0.749429
0.300359
0.883390
0.337253
0.797695
0.699087
0.045296
0.842732
0.007971
0.000710
0.842732
0.001022
0.235542
0.842732
0.842732
0.797695
0.797695
0.842732
0.749429
0.052813
0.749429
0.235542
0.883390
0.266468
0.749429
0.842732
0.749429
0.266468
0.749429
0.235542
0.842732
0.842732
0.842732
0.207493
0.842732
0.797695
0.883390
0.797695
0.883390
0.337253
0.235542
0.207493
0.052813
0.842732
0.883390
0.266468
0.842732
0.009443
0.797695
0.883390
0.797695
0.797695
0.009443
0.749429
0.842732
0.749429
0.749429
0.300359
0.797695
0.235542
0.883390
0.266468
0.749429
0.842732
0.797695
0.842732
0.235542
0.883390
0.842732
0.235542
0.797695
0.045296
0.797695
0.797695
0.918608
0.235542
0.883390
0.883390
0.749429
0.842732
0.207493
0.842732
0.842732
0.007971
0.266468
0.842732
0.266468
0.842732
0.266468
0.797695
0.842732
0.883390
0.337253
0.749429
0.797695
0.842732
0.207493
0.300359
0.842732
0.883390
0.797695
0.235542
0.647752
0.918608
0.235542
0.797695
0.266468
0.038778
0.918608
0.842732
0.749429
0.842732
0.749429
0.038778
0.797695
0.647752
0.883390
0.842732
0.009443
0.749429
0.883390
0.266468
0.918608
0.749429
0.918608
0.004761
0.235542
0.749429
0.797695
0.266468
0.699087
0.842732
0.797695
0.842732
0.797695
0.918608
0.883390
0.300359
0.699087
0.842732
0.883390
0.842732
0.235542
0.300359
0.797695
0.842732
0.038778
0.883390
0.038778
0.749429
0.918608
0.300359
0.045296
0.918608
0.300359
0.883390
0.797695
0.045296
0.918608
0.749429
0.266468
0.883390
0.883390
0.842732
0.797695
0.842732
0.918608
0.797695
0.842732
0.842732
0.266468
0.883390
0.918608
0.045296
0.842732
0.842732
0.797695
0.699087
0.797695
0.207493
0.300359
0.883390
0.883390
0.842732
0.842732
0.182195
0.842732
0.266468
0.842732
0.842732
0.797695
0.045296
0.842732
0.883390
0.001466
0.052813
0.045296
0.300359
0.842732
0.918608
0.749429
0.883390
0.266468
0.797695
0.797695
0.699087
0.300359
0.797695
0.033139
0.266468
0.797695
0.300359
0.749429
0.842732
0.797695
0.883390
0.797695
0.749429
0.011174
0.266468
0.842732
0.749429
0.009443
0.842732
0.883390
0.797695
0.011174
0.918608
0.842732
0.207493
0.797695
0.235542
0.842732
0.266468
0.797695
0.883390
0.797695
0.883390
0.918608
0.797695
0.797695
0.883390
0.842732
0.045296
0.699087
0.797695
0.699087
0.842732
0.797695
0.045296
0.045296
0.883390
0.749429
0.918608
0.842732
0.749429
0.235542
0.883390
0.883390
0.235542
0.266468
0.300359
0.842732
0.266468
0.918608
0.300359
0.001022
0.883390
0.842732
0.749429
0.797695
0.699087
0.842732
0.266468
0.699087
0.842732
0.883390
0.883390
0.749429
0.883390
0.797695
0.000852
0.883390
0.300359
0.918608
0.235542
0.337253
0.883390
0.007971
0.842732
0.883390
0.300359
0.918608
0.883390
0.006720
0.842732
0.000018
0.883390
0.300359
0.000118
0.918608
0.842732
0.337253
0.883390
0.000002
0.883390
0.842732
0.266468
0.797695
0.842732
0.207493
0.797695
0.266468
0.797695
0.883390
0.842732
0.038778
0.300359
0.842732
0.797695
0.337253
0.749429
0.842732
0.011174
0.207493
0.842732
0.009443
0.842732
0.883390
0.337253
0.883390
0.266468
0.842732
0.883390
0.883390
0.797695
0.000142
0.749429
0.235542
0.842732
0.797695
0.842732
0.266468
0.797695
0.883390
0.797695
0.045296
0.883390
0.883390
0.266468
0.337253
0.797695
0.842732
0.235542
0.797695
0.842732
0.749429
0.235542
0.918608
0.797695
0.749429
0.006720
0.883390
0.749429
0.842732
0.300359
0.842732
0.842732
0.797695
0.006720
0.266468
0.000002
0.009443
0.300359
0.011174
0.007971
0.052813
0.842732
0.883390
0.266468
0.797695
0.061460
0.300359
0.842732
0.918608
0.842732
0.006720
0.182195
0.797695
0.061460
0.883390
0.797695
0.235542
0.300359
0.797695
0.883390
0.883390
0.061460
0.749429
0.699087
0.266468
0.842732
0.797695
0.842732
0.842732
0.749429
0.883390
0.883390
0.918608
0.007971
0.337253
0.000852
0.797695
0.749429
0.235542
0.207493
0.883390
0.300359
0.061460
0.266468
0.883390
0.052813
0.699087
0.842732
0.883390
0.235542
0.842732
0.918608
0.918608
0.918608
0.842732
0.883390
0.061460
0.797695
0.797695
0.235542
0.001225
0.842732
0.235542
0.235542
0.797695
0.883390
0.842732
0.918608
0.052813
0.842732
0.699087
0.842732
0.842732
0.918608
0.842732
0.749429
0.842732
0.842732
0.266468
0.266468
0.300359
0.797695
0.842732
0.797695
0.797695
0.266468
0.797695
0.300359
0.797695
0.000118
0.797695
0.009443
0.235542
0.266468
0.797695
0.842732
0.797695
0.000852
0.266468
0.235542
0.883390
0.300359
0.883390
0.647752
0.699087
0.842732
0.797695
0.300359
0.699087
0.300359
0.842732
0.300359
0.300359
0.207493
0.883390
0.842732
0.266468
0.842732
0.235542
0.007971
0.842732
0.842732
0.182195
0.842732
0.300359
0.300359
0.883390
0.207493
0.797695
0.918608
0.300359
0.842732
0.883390
0.699087
0.842732
0.061460
0.797695
0.337253
0.842732
0.842732
0.337253
0.749429
0.883390
0.797695
0.235542
0.883390
0.797695
0.842732
0.842732
0.797695
0.797695
0.182195
0.235542
0.300359
0.883390
0.797695
0.235542
0.266468
0.749429
0.266468
0.061460
0.797695
0.749429
0.883390
0.918608
0.797695
0.797695
0.300359
0.749429
0.842732
0.207493
0.883390
0.842732
0.266468
0.918608
0.045296
0.000492
0.883390
0.052813
0.006720
0.266468
0.797695
0.207493
0.300359
0.797695
0.038778
0.266468
0.842732
0.797695
0.883390
0.842732
0.883390
0.883390
0.842732
0.300359
0.883390
0.797695
0.842732
0.061460
0.235542
0.266468
0.842732
0.797695
0.647752
0.749429
0.006720
0.797695
0.797695
0.883390
0.647752
0.797695
0.842732
0.842732
0.797695
0.883390
0.699087
0.000081
0.207493
0.883390
0.883390
0.797695
0.749429
0.182195
0.235542
0.883390
0.883390
0.699087
0.842732
0.883390
0.842732
0.883390
0.300359
0.883390
0.235542
0.842732
0.797695
0.883390
0.749429
0.052813
0.749429
0.266468
0.300359
0.207493
0.797695
0.842732
0.797695
0.883390
0.001466
0.300359
0.235542
0.300359
0.235542
0.235542
0.883390
0.647752
0.797695
0.235542
0.883390
0.266468
0.797695
0.235542
0.266468
0.337253
0.300359
0.001022
0.011174
0.749429
0.207493
0.842732
0.266468
0.006720
0.749429
0.699087
0.842732
0.266468
0.045296
0.266468
0.749429
0.842732
0.842732
0.045296
0.842732
0.797695
0.009443
0.011174
0.842732
0.883390
0.842732
0.797695
0.749429
0.842732
0.842732
0.797695
0.842732
0.842732
0.052813
0.749429
0.797695
0.797695
0.797695
0.797695
0.842732
0.038778
0.842732
0.300359
0.918608
0.883390
0.235542
0.842732
0.235542
0.797695
0.061460
0.006720
0.883390
0.235542
0.842732
0.235542
0.842732
0.842732
0.000001
0.883390
0.797695
0.842732
0.918608
0.038778
0.883390
0.797695
0.842732
0.883390
0.749429
0.749429
0.883390
0.300359
0.797695
0.266468
0.033139
0.045296
0.797695
0.918608
0.797695
0.300359
0.883390
0.883390
0.647752
0.749429
0.842732
0.266468
0.842732
0.001225
0.883390
0.797695
0.009443
0.699087
0.699087
0.300359
0.749429
0.883390
0.001225
0.842732
0.337253
0.182195
0.797695
0.842732
0.797695
0.235542
0.797695
0.842732
0.918608
0.797695
0.207493
0.235542
0.266468
0.918608
0.009443
0.235542
0.207493
0.038778
