0.911401
0.210640
0.683781
0.568486
0.338687
0.541162
0.205941
0.257418
0.999222
0.114856
0.841450
0.131146
0.364355
0.910218
0.062561
0.034191
0.798679
0.893513
0.653964
0.240655
0.460707
0.601564
0.278571
0.541162
0.184553
0.407055
0.655774
0.052475
0.053613
0.534183
0.019900
0.255206
0.657584
0.408579
0.115999
0.968946
0.243832
0.798679
0.872753
0.844474
0.080601
0.426349
0.194564
0.568486
0.071531
0.573820
0.627721
0.383866
0.016457
0.074770
0.482985
0.223757
0.134372
0.142737
0.089999
0.205012
0.542912
0.943239
0.411638
0.970264
0.757306
0.889622
0.516021
0.110107
0.970264
0.535924
0.256310
0.909027
0.739020
0.657584
0.798679
0.620492
0.353103
0.069686
0.911401
0.255206
0.207811
0.568486
0.388289
0.793728
0.260763
0.167762
0.620492
0.383866
0.315565
0.404016
0.089542
0.432632
0.294805
0.871359
0.889622
0.198148
0.062231
0.769330
0.157416
0.564938
0.358700
0.653964
0.715150
0.207811
0.678371
0.927693
0.303489
0.762477
0.489682
0.737265
0.546417
0.170137
0.683781
0.594378
0.179501
0.338687
0.769330
0.488004
0.711585
0.590791
0.541162
0.207811
0.082705
0.432632
0.592584
0.507460
0.867139
0.272730
0.435792
0.493047
0.633147
0.926623
0.277396
0.429484
0.944174
0.235433
0.028285
0.357295
0.715150
0.566711
0.549930
0.992096
0.713368
0.005458
0.031544
0.206874
0.627721
0.927693
0.923364
0.820493
0.585420
0.144116
0.793728
0.245968
0.537668
0.986479
0.012478
0.224754
0.716929
0.563166
0.457451
0.861426
0.596173
0.081437
0.033814
0.690982
0.589000
0.627721
0.431056
0.867139
0.888312
0.075160
0.944174
0.413173
0.312995
0.294805
0.747762
0.742524
0.685583
0.825229
0.146205
0.991810
0.316856
0.192792
0.943239
0.944174
0.928755
0.790407
0.790407
0.070788
0.505755
0.413173
0.197247
0.674761
0.001623
0.655774
0.687383
0.158914
0.184553
0.427915
0.818905
0.739020
0.063897
0.298504
0.587209
0.795382
0.058239
0.278571
0.509168
0.772738
0.568486
0.683781
0.021072
0.991810
0.358700
0.241711
0.003914
0.746019
0.657584
0.505755
0.731985
0.010581
0.687383
0.800322
0.844474
0.034957
0.793728
0.089542
0.000075
0.389770
0.311715
0.080601
0.889622
0.549930
0.735507
0.959163
0.910218
0.769330
0.888312
0.731985
0.930855
0.312995
0.367205
0.603363
0.820493
0.214461
0.690982
0.737265
0.264141
0.624106
0.624106
0.058239
0.957582
0.062893
0.512590
0.210640
0.255206
0.912577
0.798679
0.516021
0.592584
0.625913
0.907828
0.479652
0.150462
0.089999
0.437377
0.661203
0.171736
0.627721
0.199960
0.112041
0.258529
0.125814
0.312995
0.484655
0.760756
0.676566
0.709801
0.622299
0.596173
0.488004
0.969609
0.792070
0.089086
0.032435
0.929809
0.847476
0.221774
0.999332
0.652154
0.631338
0.242770
0.385337
0.131146
0.280934
0.822077
0.427915
0.792070
0.034957
0.912577
0.261885
0.995534
0.181172
0.737265
0.944174
0.862864
0.596173
0.241711
0.924458
0.907828
0.587209
0.889622
0.646723
0.871359
0.713368
0.280934
0.888312
0.568486
0.681978
0.312995
0.912577
0.088632
0.541162
0.711585
0.890926
0.320750
0.892223
0.278571
0.380934
0.633147
0.869959
0.489682
0.676566
0.102144
0.890926
0.930855
0.432632
0.016745
0.713368
0.765909
0.431056
0.767621
0.209694
0.407055
0.277396
0.516021
0.018416
0.793728
0.319448
0.341402
0.995534
0.793728
0.661203
0.462339
0.928755
0.599766
0.205941
0.103695
0.739020
0.205941
0.185407
0.910218
0.479652
0.944174
0.767621
0.207811
0.869959
0.198148
0.298504
0.946018
0.776133
0.534183
0.767621
0.912577
0.460707
0.713368
0.980370
0.404016
0.537668
0.407055
0.624106
0.199052
0.888312
0.680175
0.094935
0.683781
0.294805
0.864295
0.088180
0.228776
0.220787
0.820493
0.625913
0.255206
0.407055
0.315565
0.297267
0.885669
0.516021
0.314278
0.261885
0.818905
0.284505
0.764195
0.013583
0.410107
0.596173
0.245968
0.293579
0.130508
0.969609
0.841450
0.053041
0.486328
0.706227
0.063561
0.029090
0.380934
0.862864
0.294805
0.797033
0.115426
0.414711
0.969609
0.744273
0.690982
0.517740
0.706227
0.945100
0.383866
0.016939
0.097862
0.769330
0.432632
0.205941
0.657584
0.570263
0.240655
0.191911
0.681978
0.845978
0.800322
0.239604
0.360108
0.979861
0.892223
0.767621
0.385337
0.438965
0.797033
0.946928
0.273891
0.226758
0.182013
0.942296
0.512590
0.942296
0.243832
0.181172
0.943239
0.769330
0.797033
0.599766
0.083560
0.678371
0.587209
0.842965
0.455828
0.928755
0.001343
0.868552
0.890926
0.248118
0.687383
0.798679
0.142737
0.739020
0.333302
0.944174
0.033164
0.062893
0.509168
0.177843
0.196349
0.594378
0.120969
0.911401
0.071158
0.012625
0.537668
0.624106
0.597969
0.311715
0.486328
0.979861
0.764195
0.121565
0.685583
0.178670
0.886994
0.131146
0.943239
0.410107
0.711585
0.318150
0.618686
0.001984
0.659394
0.534183
0.968946
0.618686
0.793728
0.315565
0.959941
0.081858
0.767621
0.765909
0.820493
0.318150
0.460707
0.335988
0.385337
0.507460
0.068599
0.928755
0.689183
0.005199
0.959163
0.546417
0.620492
0.411638
0.762477
0.711585
0.224754
0.739020
0.735507
0.764195
0.212544
0.197247
0.716929
0.820493
0.438965
0.481317
0.364355
0.340043
0.927693
0.378017
0.772738
0.069322
0.502353
0.648533
0.911401
0.196349
0.230808
0.382398
0.844474
0.357295
0.653964
0.283311
0.907828
0.564938
0.168551
0.970264
0.481317
0.263011
0.910218
0.482985
0.355894
0.792070
0.737265
0.845978
0.195455
0.340043
0.943239
0.166194
0.174971
0.788742
0.294805
0.338687
0.767621
0.739020
0.926623
0.681978
0.192792
0.596173
0.000051
0.316856
0.767621
0.435792
0.434210
0.019787
0.625913
0.596173
0.765909
0.335988
0.385337
0.069322
0.334643
0.334643
0.242770
0.910218
0.820493
0.844474
0.629530
0.482985
0.589000
0.689183
0.956778
0.126432
0.704438
0.405534
0.956778
0.169342
0.735507
0.407055
0.592584
0.258529
0.599766
0.652154
0.432632
0.029748
0.400991
0.255206
0.207811
0.594378
0.568486
0.657584
0.793728
0.075551
0.601564
0.488004
0.069322
0.889622
0.276224
0.177843
0.572041
0.871359
0.316856
0.165415
0.489682
0.210640
0.135025
0.181172
0.652154
0.998232
0.123371
0.405534
0.627721
0.622299
0.653964
0.735507
0.053613
0.765909
0.168551
0.319448
0.986075
0.514304
0.764195
0.505755
0.889622
0.596173
0.367205
0.769330
0.431056
0.708015
0.161184
0.735507
0.335988
0.341402
0.385337
0.999332
0.514304
0.296034
0.957582
0.113160
0.260763
0.798679
0.312995
0.104216
0.685583
0.797033
0.259644
0.073039
0.774437
0.589000
0.193676
0.482985
0.769330
0.177843
0.746019
0.516021
0.657584
0.405534
0.385337
0.463975
0.627721
0.559627
0.709801
0.542912
0.991517
0.820493
0.293579
0.322056
0.177018
0.995534
0.383866
0.088180
0.892223
0.314278
0.070051
0.620492
0.311715
0.737265
0.404016
0.718708
0.657584
0.154455
0.351712
0.742524
0.541162
0.354497
0.424787
0.739020
0.034572
0.907828
0.512590
0.539414
0.681978
0.690982
0.927693
0.057929
0.179501
0.302237
0.165415
0.007013
0.385337
0.823655
0.275056
0.841450
0.024989
0.847476
0.029090
0.341402
0.494733
0.338687
0.842965
0.535924
0.716929
0.986479
0.943239
0.437377
0.432632
0.663012
0.958377
0.653964
0.650344
0.844474
0.945100
0.715150
0.053041
0.657584
0.823655
0.382398
0.122165
0.251916
0.844474
0.103695
0.566711
0.867139
0.967595
0.978817
0.544664
0.970910
0.564938
0.239604
0.315565
0.385337
0.319448
0.744273
0.740773
0.263011
0.021868
0.735507
0.121565
0.986479
0.426349
0.379474
0.517740
0.616881
0.155191
0.572041
0.362936
0.115426
0.825229
0.740773
0.648533
0.459078
0.102144
0.245968
0.592584
0.275056
0.624106
0.546417
0.019617
0.889622
0.320750
0.733747
0.333302
0.238556
0.026217
0.672955
0.787072
0.376564
0.481317
0.006505
0.482985
0.146908
0.494733
0.661203
0.386811
0.320750
0.925544
0.792070
0.599766
0.542912
0.000705
0.573820
0.465613
0.601564
0.929809
0.907828
0.657584
0.277396
0.142737
0.986479
0.798679
0.597969
0.294805
0.818905
0.818905
0.217363
0.052475
0.942296
0.211590
0.225754
0.345501
0.867139
0.383866
0.765909
0.429484
0.353103
0.272730
0.573820
0.848969
0.294805
0.844474
0.260763
0.597969
0.844474
0.680175
0.945100
0.001789
0.481317
0.563166
0.169342
0.058239
0.772738
0.959941
0.096388
0.793728
0.429484
0.102144
0.024018
0.243832
0.344131
0.004819
0.594378
0.798679
0.944174
0.122767
0.767621
0.020015
0.929809
0.140690
0.713368
0.298504
0.790407
0.273891
0.812507
0.535924
0.146908
0.820493
0.713368
0.462339
0.489682
0.820493
0.491363
0.601564
0.792070
0.765909
0.769330
0.045357
0.822077
0.772738
0.535924
0.411638
0.657584
0.970264
0.016842
0.033349
0.818905
0.455828
0.105266
0.650344
0.542912
0.573820
0.568486
0.016552
0.434210
0.890926
0.046604
0.566711
0.968275
0.689183
0.105266
0.532443
0.605163
0.711585
0.038079
0.541162
0.648533
0.294805
0.620492
0.399484
0.212544
0.737265
0.507460
0.845978
0.979861
0.680175
0.544664
0.191911
0.438965
0.298504
0.772738
0.449364
0.158914
0.739020
0.683781
0.995534
0.946018
0.625913
0.760756
0.123371
0.685583
0.195455
0.616881
0.620492
0.223757
0.674761
0.867139
0.407055
0.375114
0.380934
0.847476
0.820493
0.999382
0.322056
0.144809
0.272730
0.051222
0.438965
0.314278
0.190158
0.131785
0.823655
0.848969
0.616881
0.484655
0.024429
0.979343
0.325995
0.625913
0.459078
0.570263
0.181172
0.507460
0.059490
0.378017
0.226758
0.597969
0.176197
0.746019
0.134372
0.570263
0.762477
0.956778
0.544664
0.261885
0.477990
0.657584
0.631338
0.709801
0.032980
0.454207
0.957582
0.537668
0.459078
0.596173
0.391255
0.792070
0.382398
0.815715
0.106859
0.570263
0.817313
0.312995
0.017997
0.681978
0.541162
0.322056
0.603363
0.648533
0.539414
0.223757
0.631338
0.318150
0.177018
0.243832
0.685583
0.517740
0.029253
0.544664
0.014868
0.683781
0.239604
0.864295
0.868552
0.847476
0.594378
0.170935
0.653964
0.438965
0.341402
0.715150
0.488004
0.678371
0.429484
0.720484
0.847476
0.687383
0.062561
0.242770
0.912577
0.978283
0.871359
0.762477
0.822077
0.941345
0.634957
0.180335
0.913746
0.025923
0.435792
0.125814
0.844474
0.263011
0.315565
0.457451
0.793728
0.168551
0.652154
0.388289
0.631338
0.075551
0.596173
0.627721
0.999278
0.038079
0.341402
0.512590
0.839930
0.382398
0.488004
0.179501
0.016220
0.130508
0.457451
0.361520
0.844474
0.597969
0.678371
0.261885
0.871359
0.184553
0.432632
0.018737
0.845978
0.823655
0.450976
0.925544
0.050673
0.683781
0.995534
0.769330
0.045604
0.379474
0.404016
0.382398
0.624106
0.245968
0.062561
0.709801
0.594378
0.633147
0.187986
0.005199
0.049326
0.169342
0.357295
0.155930
0.713368
0.541162
0.131785
0.886994
0.590791
0.653964
0.792070
0.716929
0.769330
0.740773
0.512590
0.244898
0.603363
0.928755
0.278571
0.120375
0.284505
0.324678
0.912577
0.437377
0.322056
0.007836
0.104216
0.191033
0.293579
0.241711
0.795382
0.089542
0.888312
0.817313
0.868552
0.930855
0.627721
0.435792
0.709801
0.911401
0.300989
0.800322
0.893513
0.156671
0.302237
0.238556
0.105795
0.435792
0.795382
0.424787
0.709801
0.930855
0.133721
0.482985
0.818905
0.929809
0.491363
0.081858
0.771035
0.683781
0.624106
0.622299
0.979861
0.685583
0.625913
0.762477
0.259644
0.155930
0.405534
0.622299
0.068959
0.655774
0.219804
0.867139
0.596173
0.191033
0.089542
0.958377
0.135025
0.455828
0.427915
0.942296
0.967595
0.680175
0.911401
0.618686
0.132428
0.280934
0.892223
0.166977
0.382398
0.257418
0.744273
0.790407
0.842965
0.995725
0.742524
0.889622
0.199960
0.276224
0.911401
0.945100
0.795382
0.930855
0.865720
0.463975
0.133721
0.452590
0.842965
0.293579
0.026217
0.183703
0.742524
0.985244
0.059807
0.867139
0.484655
0.340043
0.735507
0.969609
0.912577
0.823655
0.135681
0.573820
0.769330
0.186263
0.177843
0.168551
0.256310
0.769330
0.434210
0.704438
0.361520
0.144116
0.316856
0.338687
0.135025
0.169342
0.659394
0.652154
0.264141
0.790407
0.271573
0.042142
0.068959
0.797033
0.564938
0.599766
0.120969
0.191911
0.587209
0.704438
0.411638
0.910218
0.535924
0.788742
0.711585
0.037870
0.018311
0.730221
0.928755
0.242770
0.360108
0.452590
0.681978
0.459078
0.482985
0.454207
0.943239
0.911401
0.823655
0.204086
0.259644
0.820493
0.011663
0.514304
0.986479
0.022118
0.209694
0.105266
0.242770
0.257418
0.820493
0.378017
0.968946
0.486328
0.404016
0.380934
0.340043
0.681978
0.742524
0.888312
0.207811
0.454207
0.357295
0.661203
0.012924
0.004036
0.385337
0.825229
0.945100
0.708015
0.889622
0.929809
0.928755
0.494733
0.516021
0.563166
0.090459
0.678371
0.841450
0.711585
0.601564
0.038289
0.239604
0.455828
0.716929
0.042142
0.241711
0.798679
0.004437
0.652154
0.942296
0.011459
0.481317
0.315565
0.653964
0.512590
0.793728
0.678371
0.042838
0.383866
0.945100
0.020015
0.969609
0.762477
0.742524
0.120375
0.209694
0.075551
0.790407
0.025273
0.945100
0.795382
0.322056
0.847476
0.168551
0.082280
0.625913
0.489682
0.848969
0.615076
0.715150
0.629530
0.351712
0.798679
0.434210
0.068959
0.340043
0.097862
0.080601
0.408579
0.930855
0.462339
0.657584
0.528969
0.144809
0.685583
0.928755
0.711585
0.979861
0.223757
0.276224
0.633147
0.657584
0.797033
0.572041
0.711585
0.742524
0.337336
0.970264
0.541162
0.120969
0.122165
0.986875
0.082280
0.297267
0.867139
0.342765
0.532443
0.133073
0.237511
0.241711
0.841450
0.739020
0.351712
0.510878
0.869959
0.713368
0.070051
0.546417
0.153723
0.978817
0.022499
0.886994
0.029915
0.270419
0.769330
0.049861
0.334643
0.411638
0.655774
0.429484
0.257418
0.241711
0.311715
0.661203
0.767621
0.762477
0.765909
0.239604
0.025777
0.888312
0.871359
0.380934
0.510878
0.383866
0.971548
0.240655
0.713368
0.221774
0.848969
0.929809
0.958377
0.599766
0.361520
0.382398
0.959163
0.362936
0.438965
0.341402
0.509168
0.592584
0.181172
0.655774
0.440557
0.889622
0.760756
0.718708
0.624106
0.154455
0.482985
0.800322
0.892223
0.258529
0.771035
0.222763
0.995725
0.081018
0.113160
0.655774
0.120375
0.354497
0.676566
0.505755
0.237511
0.795382
0.765909
0.069686
0.655774
0.561396
0.294805
0.133721
0.774437
0.929809
0.435792
0.029582
0.341402
0.978817
0.357295
0.407055
0.414711
0.431056
0.986075
0.928755
0.657584
0.680175
0.276224
0.842965
0.685583
0.170137
0.312995
0.484655
0.123371
0.013425
0.740773
0.346875
0.842965
0.207811
0.208751
0.747762
0.105795
0.871359
0.224754
0.112599
0.792070
0.590791
0.711585
0.978817
0.284505
0.241711
0.601564
0.407055
0.987265
0.929809
0.000559
0.910218
0.946018
0.484655
0.627721
0.646723
0.236470
0.158163
0.088632
0.364355
0.196349
0.871359
0.275056
0.380934
0.507460
0.206874
0.906622
0.008344
0.114288
0.678371
0.277396
0.680175
0.532443
0.957582
0.627721
0.795382
0.767621
0.541162
0.360108
0.283311
0.058861
0.735507
0.847476
0.746019
0.655774
0.280934
0.629530
0.589000
0.452590
0.512590
0.542912
0.615076
0.206874
0.177843
0.793728
0.517740
0.080601
0.537668
0.627721
0.945100
0.454207
0.405534
0.320750
0.316856
0.267552
0.868552
0.378017
0.762477
0.133073
0.842965
0.568486
0.627721
0.764195
0.825229
0.624106
0.112041
0.906622
0.735507
0.689183
0.052757
0.197247
0.081858
0.871359
0.661203
0.089999
0.663012
0.122767
0.312995
0.063897
0.122165
0.868552
0.153723
0.133073
0.910218
0.063561
0.546417
0.408579
0.112041
0.140690
0.181172
0.125814
0.563166
0.650344
0.152993
0.542912
0.427915
0.016842
0.842965
0.627721
0.455828
0.360108
0.718708
0.683781
0.191911
0.871359
0.926623
0.910218
0.946928
0.817313
0.304744
0.481317
0.970264
0.926623
0.535924
0.731985
0.850456
0.062231
0.718708
0.683781
0.792070
0.594378
0.123371
0.542912
0.925544
0.629530
0.822077
0.929809
0.205941
0.312995
0.788742
0.848969
0.143425
0.088632
0.088180
0.746019
0.822077
0.872753
0.823655
0.094455
0.733747
0.792070
0.867139
0.521185
0.928755
0.992096
0.992096
0.264141
0.362936
0.718708
0.219804
0.379474
0.316856
0.532443
0.457451
0.534183
0.570263
0.844474
0.986075
0.047112
0.627721
0.516021
0.463975
0.769330
0.797033
0.021620
0.958377
0.383866
0.767621
0.243832
0.912577
0.847476
0.687383
0.622299
0.455828
0.086837
0.541162
0.624106
0.094935
0.742524
0.711585
0.176197
0.929809
0.865720
0.432632
0.482985
0.411638
0.945100
0.320750
0.845978
0.624106
0.238556
0.346875
0.123371
0.191033
0.625913
0.465613
0.702648
0.624106
0.257418
0.590791
0.592584
0.634957
0.868552
0.795382
0.278571
0.385337
0.191033
0.820493
0.818905
0.739020
0.491363
0.620492
0.291139
0.263011
0.015395
0.223757
0.194564
0.217363
0.715150
0.094455
0.871359
0.867139
0.847476
0.892223
0.561396
0.541162
0.455828
0.542912
0.195455
0.493047
0.535924
0.299745
0.454207
0.625913
0.687383
0.706227
0.179501
0.869959
0.910218
0.382398
0.211590
0.820493
0.892223
0.340043
0.227765
0.539414
0.622299
0.958377
0.259644
0.969609
0.589000
0.182013
0.222763
0.488004
0.062893
0.629530
0.320750
0.979861
0.082705
0.818905
0.790407
0.542912
0.044624
0.681978
0.968946
0.979343
0.597969
0.801960
0.737265
0.089086
0.312995
0.194564
0.713368
0.482985
0.378017
0.597969
0.449364
0.737265
0.063561
0.334643
0.255206
0.489682
0.542912
0.592584
0.230808
0.285703
0.030848
0.484655
0.822077
0.541162
0.102659
0.089999
0.224754
0.484655
0.659394
0.646723
0.510878
0.031544
0.795382
0.968946
0.426349
0.291139
0.224754
0.772738
0.237511
0.435792
0.742524
0.000038
0.488004
0.516021
0.546417
0.544664
0.534183
0.771035
0.514304
0.740773
0.110932
0.958377
0.045604
0.158163
0.742524
0.958377
0.959163
0.815715
0.296034
0.514304
0.474674
0.341402
0.279751
0.133721
0.312995
0.063897
0.631338
0.297267
0.850456
0.380934
0.156671
0.790407
0.195455
0.590791
0.505755
0.196349
0.968946
0.648533
0.709801
0.625913
0.041684
0.792070
0.322056
0.708015
0.382398
0.230808
0.199960
0.625913
0.510878
0.239604
0.243832
0.713368
0.683781
0.946018
0.076339
0.010213
0.715150
0.477990
0.871359
0.052757
0.625913
0.618686
0.709801
0.541162
0.740773
0.774437
0.195455
0.069322
0.772738
0.929809
0.213501
0.733747
0.599766
0.680175
0.272730
0.892223
0.930855
0.045852
0.739020
0.389770
0.650344
0.314278
0.437377
0.408579
0.871359
0.008596
0.622299
0.978817
0.742524
0.739020
0.293579
0.069322
0.004330
0.537668
0.074770
0.512590
0.510878
0.260763
0.294805
0.596173
0.818905
0.360108
0.735507
0.226758
0.575601
0.297267
0.910218
0.431056
0.041006
0.220787
0.563166
0.735507
0.132428
0.927693
0.559627
0.380934
0.045604
0.563166
0.340043
0.652154
0.733747
0.370068
0.867139
0.716929
0.592584
0.048534
0.200871
0.839930
0.206874
0.488004
0.315565
0.131146
0.943239
0.864295
0.890926
0.240655
0.992096
0.566711
0.718708
0.410107
0.029417
0.871359
0.568486
0.790407
0.597969
0.594378
0.685583
0.344131
0.820493
0.296034
0.087731
0.303489
0.650344
0.795382
0.297267
0.573820
0.124587
0.259644
0.514304
0.505755
0.481317
0.385337
0.167762
0.739020
0.620492
0.537668
0.909027
0.572041
0.822077
0.765909
0.661203
0.653964
0.942296
0.054190
0.280934
0.437377
0.294805
0.236470
0.599766
0.254106
0.845978
0.507460
0.411638
0.978283
0.383866
0.793728
0.131146
0.767621
0.048797
0.074770
0.815715
0.537668
0.594378
0.945100
0.596173
0.568486
0.911401
0.998128
0.509168
0.685583
0.389770
0.312995
0.133721
0.842965
0.871359
0.156671
0.930855
0.941345
0.144116
0.182013
0.358700
0.618686
0.315565
0.383866
0.872753
0.573820
0.192792
0.572041
0.358700
0.716929
0.825229
0.380934
0.165415
0.817313
0.539414
0.155191
0.653964
0.998018
0.542912
0.739020
0.968275
0.652154
0.596173
0.239604
0.462339
0.622299
0.167762
0.312995
0.711585
0.394235
0.689183
0.978817
0.872753
0.427915
0.594378
0.277396
0.625913
0.871359
0.408579
0.942296
0.131146
0.797033
0.431056
0.625913
0.440557
0.685583
0.765909
0.376564
0.979343
0.537668
0.094455
0.452590
0.744273
0.847476
0.484655
0.793728
0.566711
0.868552
0.817313
0.979343
0.690982
0.224754
0.509168
0.104740
0.340043
0.032255
0.627721
0.011324
0.537668
0.129874
0.289925
0.616881
0.292357
0.847476
0.633147
0.926623
0.652154
0.771035
0.737265
0.275056
0.388289
0.376564
0.659394
0.704438
0.105266
0.869959
0.957582
0.076339
0.624106
0.740773
0.319448
0.410107
0.793728
0.049326
0.434210
0.170137
0.402502
0.176197
0.631338
0.564938
0.167762
0.312995
0.847476
0.410107
0.957582
0.224754
0.911401
0.930855
0.123978
0.404016
0.709801
0.622299
0.653964
0.035542
0.648533
0.028927
0.158163
0.767621
0.713368
0.144116
0.353103
0.180335
0.380934
0.514304
0.865720
0.459078
0.455828
0.153723
0.740773
0.303489
0.681978
0.532443
0.032076
0.825229
0.254106
0.176197
0.892223
0.316856
0.663012
0.235433
0.512590
0.507460
0.970264
0.223757
0.053326
0.825229
0.570263
0.798679
0.559627
0.715150
0.537668
0.867139
0.767621
0.222763
0.539414
0.845978
0.587209
0.739020
0.742524
0.385337
0.739020
0.319448
0.095417
0.457451
0.869959
0.622299
0.597969
0.659394
0.958377
0.744273
0.541162
0.225754
0.888312
0.509168
0.167762
0.652154
0.890926
0.652154
0.320750
0.646723
0.986479
0.886994
0.020596
0.744273
0.735507
0.318150
0.713368
0.442151
0.998128
0.627721
0.113160
0.035151
0.514304
0.449364
0.844474
0.391255
0.715150
0.956778
0.652154
0.427915
0.978817
0.405534
0.319448
0.460707
0.867139
0.410107
0.715150
0.823655
0.986479
0.053326
0.760756
0.735507
0.790407
0.368635
0.257418
0.685583
0.978817
0.573820
0.255206
0.590791
0.259644
0.620492
0.455828
0.261885
0.800322
0.653964
0.256310
0.297267
0.713368
0.740773
0.622299
0.884338
0.792070
0.131146
0.653964
0.648533
0.624106
0.620492
0.414711
0.534183
0.255206
0.911401
0.177018
0.650344
0.818905
0.431056
0.676566
0.376564
0.507460
0.652154
0.685583
0.117732
0.142052
0.867139
0.563166
0.002884
0.659394
0.541162
0.943239
0.733747
0.242770
0.653964
0.542912
0.968946
0.737265
0.601564
0.361520
0.437377
0.930855
0.338687
0.767621
0.823655
0.338687
0.358700
0.713368
0.391255
0.303489
0.890926
0.288714
0.509168
0.333302
0.165415
0.122767
0.245968
0.711585
0.278571
0.505755
0.041684
0.622299
0.739020
0.769330
0.601564
0.140013
0.631338
0.399484
0.680175
0.058861
0.223757
0.528969
0.683781
0.847476
0.510878
0.058861
0.179501
0.893513
0.275056
0.542912
0.298504
0.624106
0.818905
0.400991
0.715150
0.460707
0.795382
0.059807
0.337336
0.260763
0.346875
0.166977
0.481317
0.892223
0.219804
0.507460
