0.000000
0.000000
0.000000
0.000000
0.000000
0.000000
0.000000
0.000000
0.165177
0.200947
0.549058
0.471858
0.740208
0.294968
0.398329
0.503068
0.000000
0.000000
0.000000
0.000000
0.000000
0.000000
0.000000
0.000000
0.250673
0.811225
0.908697
0.283501
0.429156
0.779256
0.982455
0.571106
0.669690
0.457686
0.382228
0.633776
0.732680
0.787178
0.825549
0.715495
0.000000
0.000000
0.000000
0.000000
0.000000
0.000000
0.000000
0.000000
0.000000
0.000000
0.000000
0.000000
0.000000
0.000000
0.000000
0.000000
0.205671
0.243543
0.807132
0.743037
0.821624
0.067637
0.200266
0.660683
0.000000
0.000000
0.000000
0.000000
0.000000
0.000000
0.000000
0.000000
0.000000
0.000000
0.000000
0.000000
0.000000
0.000000
0.000000
0.000000
0.000000
0.000000
0.000000
0.000000
0.000000
0.000000
0.000000
0.000000
0.000000
0.000000
0.000000
0.000000
0.000000
0.000000
0.000000
0.000000
0.000000
0.000000
0.000000
0.000000
0.000000
0.000000
0.000000
0.000000
0.159832
0.703036
0.382155
0.588045
0.299314
0.098732
0.273690
0.308672
0.000000
0.000000
0.000000
0.000000
0.000000
0.000000
0.000000
0.000000
0.000000
0.000000
0.000000
0.000000
0.000000
0.000000
0.000000
0.000000
