0.037934
0.116081
0.510171
0.978597
0.700415
0.510171
0.874721
0.978597
0.874721
0.978597
0.874721
0.700415
0.011223
0.978597
0.874721
0.978597
0.874721
0.067342
0.978597
0.700415
0.874721
0.978597
0.001326
0.037934
0.874721
0.510171
0.001326
0.700415
0.978597
0.067342
0.700415
0.874721
0.700415
0.037934
0.510171
0.700415
0.510171
0.874721
0.510171
0.510171
0.874721
0.874721
0.510171
0.874721
0.116081
0.067342
0.510171
0.067342
0.874721
0.874721
0.700415
0.510171
0.874721
0.874721
0.874721
0.510171
0.700415
0.067342
0.874721
0.510171
0.874721
0.067342
0.874721
0.874721
0.874721
0.700415
0.510171
0.874721
0.000033
0.978597
0.874721
0.874721
0.700415
0.978597
0.037934
0.874721
0.700415
0.874721
0.700415
0.700415
0.874721
0.978597
0.874721
0.067342
0.978597
0.978597
0.700415
0.700415
0.510171
0.067342
0.700415
0.067342
0.510171
0.874721
0.874721
0.874721
0.510171
0.067342
0.874721
0.978597
0.978597
0.510171
0.344707
0.874721
0.037934
0.700415
0.874721
0.978597
0.510171
0.874721
0.978597
0.700415
0.037934
0.700415
0.510171
0.874721
0.874721
0.510171
0.874721
0.874721
0.978597
0.510171
0.011223
0.874721
0.510171
0.874721
0.510171
0.700415
0.067342
0.344707
0.700415
0.700415
0.510171
0.067342
0.000671
0.067342
0.067342
0.874721
0.874721
0.067342
0.874721
0.037934
0.116081
0.700415
0.067342
0.067342
0.067342
0.978597
0.700415
0.700415
0.874721
0.700415
0.874721
0.874721
0.700415
0.700415
0.116081
0.344707
0.978597
0.510171
0.011223
0.510171
0.037934
0.874721
0.116081
0.000279
0.001326
0.344707
0.700415
0.874721
0.700415
0.510171
0.700415
0.700415
0.978597
0.510171
0.116081
0.874721
0.037934
0.700415
0.510171
0.000138
0.510171
0.067342
0.700415
0.978597
0.067342
0.700415
0.000336
0.700415
0.700415
0.700415
0.874721
0.700415
0.067342
0.510171
0.037934
0.116081
0.067342
0.700415
0.700415
0.978597
0.978597
0.067342
0.874721
0.037934
0.344707
0.020849
0.700415
0.700415
0.978597
0.874721
0.700415
0.874721
0.510171
0.978597
0.978597
0.874721
0.874721
0.510171
0.037934
0.037934
0.700415
0.978597
0.510171
0.874721
0.874721
0.116081
0.700415
0.978597
0.020849
0.874721
0.700415
0.978597
0.874721
0.344707
0.700415
0.510171
0.510171
0.037934
0.874721
0.000336
0.700415
0.037934
0.874721
0.700415
0.133453
0.874721
0.510171
0.020849
0.700415
0.874721
0.067342
0.978597
0.067342
0.874721
0.700415
0.700415
0.978597
0.700415
0.510171
0.133453
0.700415
0.116081
0.344707
0.700415
0.874721
0.020849
0.700415
0.978597
0.116081
0.700415
0.067342
0.037934
0.510171
0.700415
0.700415
0.510171
0.874721
0.067342
0.978597
0.978597
0.700415
0.874721
0.510171
0.874721
0.510171
0.037934
0.700415
0.219563
0.700415
0.700415
0.978597
0.978597
0.116081
0.037934
0.700415
0.067342
0.978597
0.037934
0.067342
0.978597
0.344707
0.874721
0.874721
0.510171
0.874721
0.978597
0.874721
0.874721
0.510171
0.874721
0.978597
0.700415
0.133453
0.874721
0.874721
0.700415
0.978597
0.874721
0.037934
0.510171
0.874721
0.874721
0.874721
0.037934
0.978597
0.510171
0.874721
0.344707
0.978597
0.874721
0.874721
0.219563
0.874721
0.874721
0.700415
0.700415
0.874721
0.874721
0.037934
0.700415
0.510171
0.037934
0.700415
0.874721
0.510171
0.510171
0.874721
0.978597
0.700415
0.874721
0.874721
0.510171
0.700415
0.874721
0.510171
0.874721
0.510171
0.037934
0.020849
0.874721
0.874721
0.700415
0.510171
0.067342
0.067342
0.000671
0.874721
0.510171
0.700415
0.978597
0.978597
0.011223
0.874721
0.874721
0.874721
0.510171
0.978597
0.978597
0.874721
0.510171
0.700415
0.978597
0.011223
0.874721
0.700415
0.510171
0.978597
0.874721
0.700415
0.874721
0.874721
0.700415
0.874721
0.978597
0.874721
0.978597
0.344707
0.020849
0.344707
0.700415
0.874721
0.067342
0.700415
0.874721
0.874721
0.700415
0.000671
0.700415
0.510171
0.874721
0.700415
0.874721
0.874721
0.978597
0.874721
0.700415
0.978597
0.000671
0.874721
0.510171
0.700415
0.874721
0.510171
0.037934
0.344707
0.700415
0.067342
0.700415
0.874721
0.344707
0.700415
0.978597
0.510171
0.700415
0.700415
0.000671
0.700415
0.219563
0.344707
0.700415
0.000336
0.510171
0.700415
0.067342
0.700415
0.067342
0.510171
0.510171
0.874721
0.510171
0.874721
0.700415
0.978597
0.700415
0.874721
0.700415
0.510171
0.510171
0.700415
0.510171
0.020849
0.700415
0.978597
0.874721
0.510171
0.344707
0.344707
0.344707
0.700415
0.874721
0.874721
0.874721
0.510171
0.978597
0.510171
0.700415
0.344707
0.510171
0.874721
0.344707
0.978597
0.700415
0.874721
0.037934
0.700415
0.510171
0.133453
0.874721
0.510171
0.510171
0.510171
0.874721
0.510171
0.874721
0.874721
0.874721
0.978597
0.978597
0.700415
0.116081
0.219563
0.700415
0.116081
0.700415
0.510171
0.874721
0.874721
0.067342
0.978597
0.344707
0.037934
0.510171
0.344707
0.874721
0.700415
0.978597
0.700415
0.510171
0.700415
0.874721
0.700415
0.510171
0.874721
0.874721
0.002590
0.874721
0.978597
0.037934
0.700415
0.978597
0.116081
0.037934
0.700415
0.510171
0.700415
0.874721
0.001326
0.700415
0.116081
0.700415
0.116081
0.700415
0.067342
0.874721
0.700415
0.874721
0.510171
0.700415
0.700415
0.874721
0.874721
0.978597
0.700415
0.067342
0.700415
0.020849
0.700415
0.344707
0.874721
0.067342
0.874721
0.874721
0.020849
0.037934
0.700415
0.874721
0.510171
0.874721
0.874721
0.700415
0.700415
0.700415
0.874721
0.700415
0.700415
0.037934
0.067342
0.510171
0.874721
0.116081
0.037934
0.700415
0.700415
0.510171
0.874721
0.020849
0.874721
0.874721
0.874721
0.978597
