0.849671
0.142769
0.747375
0.053680
0.732328
0.954246
0.346111
0.029298
0.323073
0.064174
0.465707
0.914309
0.800526
0.883975
0.414655
0.574706
0.602771
0.452947
0.799301
0.466932
0.265566
0.826867
0.346111
0.154431
0.883975
0.186175
0.402695
0.214696
0.618242
0.704476
0.022372
0.149300
0.148768
0.002907
0.239863
0.884971
0.173124
0.774354
0.862224
0.850780
0.402695
0.863295
0.109118
0.283825
0.390944
0.491752
0.200024
0.323073
0.323073
0.705811
0.490497
0.186175
0.193659
0.223088
0.590040
0.960520
0.861150
0.166304
0.390944
0.230975
0.058830
0.079055
0.207955
0.324052
0.246602
0.646592
0.533291
0.479886
0.104534
0.479886
0.862224
0.904066
0.020371
0.838986
0.849671
0.940135
0.255950
0.255950
0.904066
0.247404
0.223088
0.440372
0.506291
0.662127
0.066615
0.479886
0.493009
0.732328
0.676291
0.160275
0.058830
0.223830
0.294208
0.248208
0.825697
0.333456
0.002489
0.172521
0.029420
0.562117
0.647943
0.689072
0.003720
0.038192
0.491752
0.454154
0.248208
0.883975
0.689072
0.166304
0.415805
0.223088
0.947449
0.036729
0.020371
0.369156
0.478645
0.931539
0.117510
0.690414
0.368087
0.108712
0.026717
0.759667
0.186816
0.863295
0.003545
0.171921
0.192998
0.546986
0.506291
0.576036
0.036428
0.439184
0.153884
0.248208
0.719781
0.849671
0.705811
0.010185
0.066877
0.894238
0.368087
0.295124
0.265566
0.923168
0.689072
0.838986
0.999009
0.826867
0.112618
0.304866
0.863295
0.414655
0.066354
0.127851
0.719781
0.358035
0.021304
0.466932
0.017799
0.732328
0.976214
0.850780
0.602771
0.850780
0.521008
0.092485
0.732328
0.303928
0.931539
0.990391
0.214696
0.604114
0.923168
0.987653
0.590040
0.604114
0.533291
0.801749
0.590040
0.452947
0.800526
0.873297
0.108712
0.389836
0.179551
0.546986
0.166888
0.534590
0.546986
0.478645
0.002626
0.787553
0.825697
0.200704
0.256775
0.274582
0.109118
0.760953
0.518436
0.255950
0.274582
0.746073
0.704476
0.590040
0.894238
0.313876
0.415805
0.005999
0.265566
0.618242
0.660777
0.760953
0.884971
0.604114
0.404957
0.020459
0.674944
0.690414
0.704476
0.380496
0.999009
0.590040
0.008819
0.047488
0.200704
0.913441
0.426820
0.223088
0.137970
0.403825
0.283825
0.531993
0.800526
0.894238
0.787553
0.239080
0.519722
0.960520
0.631057
0.439184
0.113456
0.546986
0.883975
0.904979
0.138469
0.704476
0.732328
0.017799
0.303928
0.849671
0.466932
0.081687
0.379407
0.193659
0.440372
0.849671
0.618242
0.247404
0.505019
0.009766
0.691757
0.006944
0.904979
0.230975
0.825697
0.904979
0.533291
0.401567
0.021395
0.053895
0.605458
0.862224
0.863295
0.931539
0.285611
0.923168
0.576036
0.002626
0.838986
0.894238
0.293295
0.904066
0.647943
0.813249
0.838986
0.574706
0.987653
0.602771
0.590040
0.787553
0.947449
0.813249
0.562117
0.380496
0.562117
0.947449
0.788799
0.704476
0.100876
0.440372
0.344064
0.403825
0.787553
0.092837
0.904979
0.379407
0.072595
0.849671
0.075617
0.478645
0.465707
0.039871
0.426820
0.454154
0.704476
0.923168
0.403825
0.646592
0.179551
0.953621
0.602771
0.085371
0.118379
0.574706
0.368087
0.931539
0.223088
0.142769
0.813249
0.494267
0.402695
0.732328
0.604114
0.691757
0.548297
0.760953
0.230975
0.674944
0.223088
0.104534
0.029298
0.179551
0.440372
0.122586
0.491752
0.415805
0.239080
0.690414
0.954246
0.519722
0.719781
0.005226
0.451741
0.427989
0.904066
0.368087
0.302993
0.604114
0.185536
0.705811
0.632408
0.404957
0.427989
0.333456
0.602771
0.025562
0.143283
0.026943
0.562117
0.215415
0.922345
0.894238
0.345087
0.787553
0.166304
0.379407
0.984461
0.465707
0.186816
0.604114
0.207255
0.533291
0.379407
0.143283
0.862224
0.222348
0.588703
0.333456
0.690414
0.576036
0.984461
0.505019
0.452947
0.302993
0.335459
0.914309
0.560796
0.646592
0.104534
0.133310
0.402695
0.137970
0.691757
0.590040
0.402695
0.775620
0.660777
0.274582
0.324052
0.021395
0.159711
0.604114
0.390944
0.369156
0.179551
0.850780
0.862224
0.127386
0.117944
0.704476
0.059064
0.061328
0.884971
0.824524
0.214696
0.546986
0.207255
0.082317
0.173727
0.813249
0.602771
0.733643
0.355942
0.602771
0.294208
0.548297
0.478645
0.464484
0.440372
0.429160
0.704476
0.072878
0.186175
0.947449
0.971500
0.390944
0.646592
0.747375
0.732328
0.086027
0.075324
0.574706
0.689072
0.862224
0.345087
0.047488
0.368087
0.355942
0.660777
0.850780
0.043614
0.082001
0.602771
0.256775
0.137970
0.546986
0.223088
0.518436
0.690414
0.787553
0.519722
0.478645
0.014844
0.061086
0.861150
0.303928
0.345087
0.946775
0.302993
0.718455
0.063922
0.505019
0.439184
0.323073
0.392054
0.172521
0.718455
0.402695
0.676291
0.747375
0.704476
0.676291
0.994611
0.265566
0.440372
0.414655
0.631057
0.478645
0.017012
0.493009
0.689072
0.704476
0.266415
0.380496
0.632408
0.012252
0.976636
0.976214
0.426820
0.478645
0.633758
0.185536
0.801749
0.873297
0.024454
0.049741
0.186175
0.850780
0.519722
0.619590
0.947449
0.633758
0.786305
0.884971
0.414655
0.172521
0.165722
0.618242
0.033540
0.813249
0.533291
0.369156
0.590040
0.519722
0.010668
0.632408
0.185536
0.082001
0.990391
0.255950
0.192998
0.230975
0.171921
0.826867
0.704476
0.704476
0.283825
0.760953
0.334456
0.814447
0.426820
0.861150
0.704476
0.200024
0.451741
0.690414
0.954246
0.873297
0.602771
0.014716
0.660777
0.704476
0.274582
0.618242
0.801749
0.884971
0.186175
0.019477
0.999451
0.994611
0.787553
0.230215
0.646592
0.904979
0.533291
0.117944
0.379407
0.704476
0.056201
0.732328
0.703140
0.173124
0.990391
0.335459
0.747375
0.439184
0.788799
0.045513
0.775620
0.049741
0.479886
0.056650
0.914309
0.560796
0.248208
0.441561
0.733643
0.966271
0.531993
0.122586
0.414655
0.533291
0.108712
0.284717
0.000011
0.814447
0.904066
0.478645
0.215415
0.814447
0.733643
0.548297
0.787553
0.619590
0.976214
0.088865
0.001120
0.108712
0.137970
0.215415
0.264719
0.999009
0.154980
0.588703
0.590040
0.576036
0.533291
0.034740
0.703140
0.519722
0.247404
0.465707
0.165722
0.690414
0.939412
0.148768
0.390944
0.082001
0.604114
0.533291
0.826867
0.913441
0.616895
0.142769
0.505019
0.647943
0.304866
0.142769
0.479886
0.193659
0.041960
0.123036
0.214696
0.491752
0.992701
0.759667
0.573378
0.588703
0.883975
0.894238
0.788799
0.760953
0.143283
0.531993
0.479886
0.479886
0.148238
0.534590
0.894238
0.479886
0.104926
0.774354
0.123036
0.207255
0.759667
0.872259
0.914309
0.774354
0.505019
0.355942
0.646592
0.718455
0.939412
0.674944
0.788799
0.207955
0.884971
0.577366
0.302059
0.647943
0.704476
0.002614
0.256775
0.662127
0.367020
0.884971
0.075617
0.704476
0.283825
0.914309
0.904979
0.546986
0.758380
0.148768
0.312919
0.717128
0.760953
0.719781
0.733643
0.732328
0.493009
0.282935
0.282935
0.519722
0.255126
0.056425
0.984461
0.904066
0.861150
0.505019
0.200704
0.378319
0.494267
0.997466
0.491752
0.980420
0.533291
0.533291
0.403825
0.690414
0.788799
0.939412
0.415805
0.633758
0.036729
0.588703
0.602771
0.531993
0.762237
0.590040
0.313876
0.837846
0.645241
0.179551
0.775620
0.439184
0.010668
0.826867
0.895193
0.088865
0.940135
0.215415
0.173124
0.465707
0.633758
0.379407
0.800526
0.960520
0.426820
0.247404
0.618242
0.005226
0.466932
0.690414
0.660777
0.850780
0.117510
0.154431
0.465707
0.355942
0.733643
0.774354
0.704476
0.774354
0.939412
0.631057
0.283825
0.007629
0.452947
0.403825
0.825697
0.160275
0.813249
0.689072
0.008454
0.814447
0.491752
0.051676
0.914309
0.733643
0.429160
0.108712
0.149300
0.104926
0.369156
0.874331
0.160842
0.719781
0.367020
0.862224
0.913441
0.478645
0.058597
0.334456
0.132347
0.774354
0.247404
0.246602
0.117510
0.559476
0.531993
0.813249
0.762237
0.367020
0.283825
0.132828
0.413507
0.760953
0.838986
0.166888
0.186175
0.505019
0.294208
0.533291
0.574706
0.334456
0.389836
0.814447
0.239080
0.971500
0.465707
0.507563
0.894238
0.179551
0.619590
0.531993
0.838986
0.904979
0.179551
0.662127
0.987653
0.759667
0.230215
0.426820
0.646592
0.800526
0.904979
0.283825
0.676291
0.632408
0.178931
0.590040
0.747375
0.813249
0.186816
0.078751
0.813249
0.223088
0.465707
0.415805
0.201385
0.545677
0.323073
0.904979
0.939412
0.356987
0.862224
0.055978
0.479886
0.787553
0.465707
0.884971
0.838986
0.704476
0.414655
0.478645
0.413507
0.096600
0.100876
0.215415
0.426820
0.085045
0.346111
0.033263
0.429160
0.813249
0.849671
0.368087
0.451741
0.072595
0.519722
0.773086
0.837846
0.011752
0.058830
0.284717
0.082317
0.838986
0.938684
0.389836
0.616895
0.255950
0.257603
0.883975
0.275453
0.214696
0.618242
0.022468
0.931539
0.365956
0.633758
0.214696
0.466932
0.143283
0.947449
0.160275
0.992701
0.004960
0.604114
0.676291
0.256775
0.604114
0.200704
0.066615
0.256775
0.294208
0.602771
0.574706
0.390944
0.222348
0.775620
0.574706
0.894238
0.072595
0.333456
0.506291
0.031977
0.312919
0.256775
0.966271
0.100498
0.646592
0.960520
0.760953
0.966271
0.861150
0.718455
0.000012
0.519722
0.971500
0.380496
0.826867
0.747375
0.491752
0.704476
0.747375
0.533291
0.947449
0.451741
0.426820
0.849671
0.862224
0.873297
0.619590
0.704476
0.965746
0.230975
0.149300
0.759667
0.760953
0.312919
0.477405
0.402695
0.632408
0.122137
0.294208
0.862224
0.914309
0.018700
0.414655
0.813249
0.207255
0.413507
0.618242
0.939412
0.546986
0.883975
0.533291
0.760953
0.415805
0.025778
0.440372
0.647943
0.293295
0.478645
0.179551
0.533291
0.883975
0.056201
0.534590
0.092837
0.939412
0.787553
0.078751
0.646592
0.923168
0.959945
0.192998
0.904979
0.109118
0.132828
0.452947
0.247404
0.082317
0.230215
0.036428
0.531993
0.303928
0.148238
0.477405
0.082001
0.506291
0.747375
0.379407
0.548297
0.096600
0.302059
0.825697
0.590040
0.718455
0.207255
0.137970
0.451741
0.426820
0.033540
0.078751
0.913441
0.275453
0.334456
0.999731
0.008454
0.257603
0.904979
0.199346
0.971500
0.604114
0.282935
0.061328
0.953621
0.534590
0.072595
0.923986
0.894238
0.862224
0.283825
0.747375
0.704476
0.426820
0.939412
0.113036
0.346111
0.255950
0.223830
0.507563
0.849671
0.966271
0.426820
0.987653
0.265566
0.426820
0.990391
0.984461
0.100876
0.931539
0.801749
0.465707
0.324052
0.427989
0.143283
0.293295
0.113036
0.439184
0.862224
0.223830
0.533291
0.464484
0.732328
0.914309
0.787553
0.186175
0.355942
0.633758
0.215415
0.230215
0.800526
0.519722
0.980795
0.284717
0.760953
0.946775
0.216137
0.519722
0.345087
0.534590
0.546986
0.378319
0.493009
0.477405
0.033540
0.356987
0.923168
0.324052
0.674944
0.759667
0.914309
0.335459
0.256775
0.703140
0.122137
0.746073
0.323073
0.355942
0.545677
0.137473
0.826867
0.264719
0.590040
0.837846
0.154980
0.633758
0.222348
0.774354
0.031977
0.531993
0.256775
0.966271
0.602771
0.774354
0.690414
0.546986
0.465707
0.356987
0.207255
0.746073
0.976214
0.367020
0.053895
0.239080
0.519722
0.562117
0.531993
0.347137
0.200704
0.148238
0.904979
0.043614
0.257603
0.996154
0.336464
0.505019
0.966271
0.038192
0.051469
0.883975
0.138469
0.454154
0.294208
0.346111
0.481129
0.521008
0.038192
0.021395
0.274582
0.662127
0.674944
0.200704
0.122586
0.894238
0.632408
0.031977
0.760953
0.477405
0.987369
0.904066
0.154980
0.505019
0.324052
0.302993
0.533291
0.914309
0.546986
0.089204
0.646592
0.590040
0.546986
0.283825
0.533291
0.369156
0.883975
0.813249
0.605458
0.616895
0.760953
0.560796
0.824524
0.440372
0.478645
0.160275
0.732328
0.534590
0.662127
0.850780
0.838986
0.660777
0.690414
0.774354
0.746073
0.705811
0.345087
0.028038
0.562117
0.223088
0.718455
0.837846
0.660777
0.733643
0.604114
0.324052
0.378319
0.160275
0.633758
0.192998
0.143283
0.987653
0.923168
0.335459
0.689072
0.966271
0.872259
0.705811
0.323073
0.414655
0.953621
0.082001
0.148768
0.850780
0.826867
0.849671
0.519722
0.825697
0.718455
0.984461
0.546986
0.096600
0.427989
0.618242
0.987369
0.000030
0.247404
0.923168
0.939412
0.662127
0.691757
0.971500
0.576036
0.368087
0.676291
0.173124
0.264719
0.047680
0.413507
0.826867
0.923168
0.122586
0.335459
0.760953
0.632408
0.760953
0.518436
0.132828
0.313876
0.016258
0.192998
0.588703
0.747375
0.283825
0.786305
0.704476
0.466932
0.223088
0.604114
0.186175
0.003737
0.439184
0.172521
0.984461
0.904979
0.787553
0.047680
0.604114
0.904979
0.760953
0.452947
0.295124
0.759667
0.043614
0.825697
0.403825
0.931539
0.166888
0.632408
0.215415
0.574706
0.265566
0.760953
0.732328
0.379407
0.939412
0.646592
0.294208
0.153884
0.415805
0.704476
0.662127
0.689072
0.036428
0.248208
0.717128
0.787553
0.618242
0.216137
0.676291
0.036881
0.389836
0.576036
0.662127
0.507563
0.334456
0.451741
0.976214
0.718455
0.874331
0.231738
0.895193
0.334456
0.576036
0.931539
0.172521
0.441561
0.096600
0.505019
0.604114
0.239863
0.082001
0.440372
0.704476
0.154431
0.230975
0.002268
0.662127
0.954246
0.996283
0.800526
0.931539
0.703140
0.732328
0.283825
0.478645
0.947449
0.894238
0.850780
0.303928
0.646592
0.214696
0.548297
0.676291
0.367020
0.774354
0.874331
0.787553
0.230215
0.883975
0.439184
0.775620
0.325034
0.367020
0.401567
0.247404
0.863295
0.946775
0.148768
0.293295
0.038035
0.733643
0.800526
0.323073
0.895193
0.590040
0.787553
0.774354
0.521008
0.108308
0.862224
0.660777
0.216137
0.402695
0.939412
0.389836
0.440372
0.704476
0.813249
0.545677
0.334456
0.825697
0.731012
0.914309
0.302993
0.302993
0.619590
0.507563
0.345087
0.632408
0.439184
0.216137
0.324052
0.703140
0.633758
0.704476
0.017799
0.403825
0.690414
0.633758
0.604114
0.014780
0.378319
0.248208
0.574706
0.718455
0.491752
0.214696
0.559476
0.323073
0.954246
0.274582
0.862224
0.999009
0.519722
0.862224
0.801749
0.058597
0.392054
0.047488
0.427989
0.230975
0.704476
0.137473
0.021395
0.414655
0.465707
0.604114
0.800526
0.994611
0.138469
0.533291
0.440372
0.493009
0.010668
0.096600
0.533291
0.894238
0.284717
0.747375
0.959945
0.646592
0.452947
0.104534
0.294208
0.660777
0.414655
0.590040
0.390944
0.178931
0.390944
0.976214
0.546986
0.230975
0.849671
0.894238
0.025562
0.718455
0.313876
0.604114
0.872259
0.043437
0.122586
0.800526
0.786305
0.238299
0.092837
0.479886
0.560796
0.454154
0.718455
0.215415
0.560796
0.931539
0.931539
0.283825
0.367020
0.861150
0.049741
0.994611
0.884971
0.813249
0.354898
0.574706
0.602771
0.294208
0.984461
0.518436
0.493009
0.231738
0.787553
0.604114
0.403825
0.085045
0.850780
0.283825
0.990391
0.160275
0.618242
0.096600
0.939412
0.604114
0.677638
0.505019
0.415805
0.773086
0.814447
0.255126
0.414655
0.872259
0.003204
0.030738
0.787553
0.113036
0.414655
0.519722
0.379407
0.403825
0.850780
0.255950
0.414655
0.980420
0.186175
0.275453
0.345087
0.548297
0.390944
0.022278
0.303928
0.133310
0.230215
0.732328
0.505019
0.207955
0.646592
0.007312
0.660777
0.389836
0.127386
0.947449
0.954246
0.284717
0.618242
0.574706
0.089204
0.800526
0.011173
0.148768
0.954246
0.127851
0.689072
0.045513
0.850780
0.414655
0.132347
0.159711
0.646592
0.850780
0.732328
0.054111
0.719781
0.647943
0.814447
0.787553
0.033540
0.883975
0.976636
0.427989
0.045513
0.334456
0.588703
0.479886
0.274582
0.674944
0.953621
0.367020
0.718455
0.862224
0.002382
0.142769
0.562117
0.426820
0.223088
0.302993
0.576036
0.814447
0.056201
0.493009
0.786305
0.801749
0.354898
0.247404
0.519722
0.255950
0.645241
0.004508
0.274582
0.014780
0.940135
0.618242
0.324052
0.117510
0.379407
0.690414
0.787553
0.223088
0.590040
0.704476
0.230215
0.200704
0.193659
0.466932
0.632408
0.602771
0.402695
0.506291
0.895193
0.200704
0.618242
0.732328
0.414655
0.000964
0.051676
0.733643
0.838986
0.939412
0.312919
0.521008
0.092837
0.517152
0.560796
0.760953
0.719781
0.826867
0.335459
0.403825
0.987653
0.355942
0.223830
0.646592
0.800526
0.199346
0.223088
0.000225
0.632408
0.813249
0.505019
0.838986
0.787553
0.016258
0.061328
0.346111
0.207255
0.616895
0.746073
0.894238
0.605458
0.633758
0.465707
0.825697
0.479886
0.904979
0.800526
0.200024
0.493009
0.293295
0.618242
0.275453
0.645241
0.850780
0.009281
0.814447
0.590040
0.604114
0.026943
0.874331
0.003529
0.477405
0.590040
0.894238
0.022468
0.454154
0.800526
0.862224
0.691757
0.732328
0.439184
0.069411
0.588703
0.001066
0.505019
0.560796
0.838986
0.265566
0.931539
0.274582
0.481129
0.813249
0.932311
0.403825
0.402695
0.850780
0.812049
0.826867
0.904979
0.465707
0.800526
0.705811
0.913441
0.214696
0.773086
0.137473
0.531993
0.939412
0.006026
0.192998
0.294208
0.214696
0.747375
0.324052
0.426820
0.257603
0.126922
0.574706
0.659427
0.192998
0.861150
0.674944
0.605458
0.960520
0.718455
0.704476
0.324052
0.063671
0.799301
0.663477
0.274582
0.440372
0.646592
0.426820
0.303928
0.275453
0.303928
0.415805
0.923168
0.137970
0.760953
0.965746
0.862224
0.466932
0.126922
0.850780
0.747375
0.478645
0.293295
0.960520
0.825697
0.980420
0.264719
0.747375
0.604114
0.826867
0.154980
0.126459
0.676291
0.980420
0.367020
0.265566
0.662127
0.999009
0.378319
0.440372
0.047296
0.574706
0.367020
0.883975
0.971500
0.800526
0.493009
0.813249
0.223088
0.001115
0.215415
0.605458
0.015536
0.689072
0.602771
0.863295
0.414655
0.813249
0.718455
0.632408
0.193659
0.884971
0.719781
0.154431
0.312919
0.078447
0.690414
0.746073
0.490497
0.990391
0.813249
0.591378
0.874331
0.574706
0.718455
0.255126
0.904979
0.075910
0.633758
0.947449
0.884971
0.971500
0.883975
0.999009
0.452947
0.646592
0.660777
0.704476
0.874331
0.155530
0.303928
0.883975
0.873297
0.760953
0.519722
0.997367
0.056425
0.274582
0.006026
0.312919
0.800526
0.324052
0.355942
0.574706
0.230975
0.704476
0.647943
0.631057
0.787553
0.690414
0.746073
0.283825
0.996154
0.632408
0.747375
0.345087
0.427989
0.980795
0.718455
0.104534
0.826867
0.238299
0.534590
0.367020
0.800526
0.016188
0.274582
0.660777
0.618242
0.215415
0.506291
0.647943
0.402695
0.324052
0.346111
0.533291
0.773086
0.587367
0.873297
0.838986
0.746073
0.478645
0.452947
0.747375
0.207955
0.392054
0.415805
0.165722
0.747375
0.862224
0.478645
0.960520
0.054328
0.479886
0.647943
0.186175
0.223830
0.999009
0.971500
0.200704
0.075324
0.132828
0.452947
0.414655
0.452947
0.014121
0.931539
0.747375
0.302993
0.056201
0.479886
0.800526
0.303928
0.389836
0.947449
0.414655
0.633758
0.104926
0.465707
0.588703
0.323073
0.704476
0.959945
0.904979
0.953621
0.026830
0.303928
0.646592
0.089204
0.954246
0.719781
0.403825
0.143283
0.576036
0.576036
0.002047
0.894238
0.618242
0.390944
0.923168
0.800526
0.075910
0.825697
0.904979
0.479886
0.533291
0.546986
0.149833
0.984461
0.760953
0.006319
0.230975
0.389836
0.358035
0.282935
0.923168
0.284717
0.333456
0.946775
0.718455
0.003347
0.061328
0.883975
0.690414
0.415805
0.402695
0.452947
0.452947
0.717128
0.414655
0.647943
0.873297
0.971500
0.265566
0.618242
0.402695
0.837846
0.660777
0.506291
0.478645
0.493009
0.521008
0.451741
0.324052
0.590040
0.491752
0.814447
0.747375
0.256775
0.274582
0.849671
0.264719
0.718455
0.689072
0.616895
0.690414
0.390944
0.760953
0.063922
0.466932
0.166304
0.931539
0.085699
0.732328
0.850780
0.117944
0.379407
0.035028
0.518436
0.733643
0.143283
0.546986
0.705811
0.800526
0.334456
0.932311
0.546986
0.631057
0.478645
0.439184
0.746073
0.883975
0.506291
0.966271
0.355942
0.072595
0.478645
0.662127
0.576036
0.546986
0.894238
0.302993
0.704476
0.733643
0.838986
0.960520
0.335459
0.123036
0.207255
0.100498
0.284717
0.676291
0.148768
0.800526
0.747375
0.873297
0.020459
0.051884
0.746073
0.334456
0.813249
0.166304
0.826867
0.323073
0.959945
0.414655
0.940135
0.056201
0.239863
0.814447
0.401567
0.849671
0.873297
0.732328
0.759667
0.478645
0.874331
0.039871
0.104534
0.403825
0.216137
0.954246
0.895193
0.066354
0.760953
0.862224
0.160275
0.255950
0.884971
0.646592
0.904979
0.024454
0.676291
0.826867
0.904979
0.193659
0.813249
0.122137
0.518436
0.619590
0.591378
0.605458
0.895193
0.895193
0.066354
0.691757
0.493009
0.379407
0.464484
0.302993
0.035028
0.850780
0.005226
0.478645
0.980795
0.264719
0.207955
0.390944
0.478645
0.346111
0.787553
0.187459
0.066615
0.379407
0.246602
0.619590
0.404957
0.200704
0.108308
0.274582
0.020459
0.293295
0.379407
0.026717
0.378319
0.633758
0.947449
0.001367
0.454154
0.414655
0.222348
0.368087
0.883975
0.733643
0.646592
0.873297
0.914309
0.117510
0.884971
0.258433
0.574706
0.574706
0.002268
0.873297
0.014780
0.998361
0.591378
0.029420
0.703140
0.345087
0.704476
0.464484
0.747375
0.031977
0.746073
0.378319
0.505019
0.923168
0.335459
0.479886
0.838986
0.618242
0.747375
0.531993
0.616895
0.051676
0.954246
0.215415
0.122586
0.506291
0.914309
0.248208
0.534590
0.426820
0.126922
0.940135
0.283825
0.662127
0.333456
0.719781
0.012885
0.703140
0.560796
0.282935
0.605458
0.826867
0.573378
0.813249
0.193659
0.971500
0.947449
0.012252
0.186175
0.274582
0.312919
0.036428
0.647943
0.451741
0.800526
0.931539
0.137473
0.545677
0.662127
0.576036
0.747375
0.439184
0.976214
0.075617
0.153884
0.104926
0.493009
0.452947
0.335459
0.862224
0.402695
0.545677
0.946775
0.939412
0.588703
0.023392
0.733643
0.001307
0.631057
0.230975
0.861150
0.646592
0.001689
0.546986
0.647943
0.441561
0.200024
0.759667
0.849671
0.873297
0.274582
0.800526
0.427989
0.390944
0.733643
0.904066
0.192998
0.505019
0.051884
0.746073
0.493009
0.837846
0.971500
0.559476
0.618242
0.000266
0.548297
0.534590
0.193659
0.533291
0.003204
0.294208
0.100121
0.122137
0.200704
0.265566
0.200024
0.838986
0.303928
0.313876
0.137970
0.121690
0.356987
0.813249
0.312919
0.533291
0.731012
0.414655
0.041619
0.479886
0.390944
0.677638
0.602771
0.923168
0.075617
0.647943
0.148768
0.759667
0.759667
0.148768
0.800526
0.426820
0.873297
0.689072
0.466932
0.023293
0.239080
0.850780
0.953621
0.104534
0.786305
0.303928
0.379407
0.200024
0.192998
0.173727
0.923168
0.427989
0.800526
0.001373
0.092837
0.038192
0.966271
0.200024
0.604114
0.662127
0.953621
0.788799
0.862224
0.506291
0.005747
0.947449
0.884971
0.533291
0.069411
0.959945
0.704476
0.029298
0.056425
0.849671
0.923168
0.257603
0.850780
0.028038
0.850780
0.946775
0.616895
0.010185
0.631057
0.347137
0.505019
0.759667
0.367020
0.837846
0.478645
0.192998
0.137970
0.813249
