0.406912
0.742360
0.631169
0.179423
0.838261
0.749340
0.638407
0.728289
0.933849
0.406912
0.527940
0.527940
0.856211
0.856211
0.749340
0.514143
0.631169
0.237413
0.309048
0.850317
0.400850
0.749340
0.638407
0.237413
0.309048
0.324555
0.631169
0.742360
0.623936
0.623936
0.638407
0.616712
0.631169
0.314158
0.186183
0.237413
0.616712
0.844333
0.400850
0.314158
0.413029
0.749340
0.005134
0.176120
0.229187
0.742360
0.527940
0.850317
0.933849
0.023734
0.742360
0.850317
0.314158
0.638407
0.742360
0.929711
0.413029
0.856211
0.856211
0.925443
0.609497
0.978767
0.406912
0.623936
0.832104
0.728289
0.071496
0.631169
0.500496
0.742360
0.400850
0.133660
0.645648
0.850317
0.406912
0.856211
0.314158
0.131086
0.005389
0.514143
0.850317
0.742360
0.980825
0.001542
0.638407
0.631169
0.000193
0.742360
0.742360
0.844333
0.850317
0.016258
0.850317
0.314158
0.131086
0.980825
0.742360
0.929711
0.309048
0.749340
0.065744
0.933849
0.067141
0.309048
0.033610
0.413029
0.756280
0.749340
0.850317
0.850317
0.245867
0.046203
0.742360
0.092511
0.980825
0.735342
0.128554
0.631169
0.233272
0.050376
0.314158
0.400850
0.856211
0.179423
0.623936
0.749340
0.638407
0.623936
0.032148
0.400850
0.749340
0.176120
0.241612
0.844333
0.514143
0.844333
0.850317
0.844333
0.319326
0.623936
0.638407
0.856211
0.241612
0.067141
0.521024
0.245867
0.856211
0.850317
0.933849
0.638407
0.406912
0.933849
0.507300
0.933849
0.844333
0.844333
0.616712
0.319326
0.507300
0.514143
0.010797
0.844333
0.245867
0.616712
0.749340
0.514143
0.623936
0.000000
0.749340
0.756280
0.237413
0.929711
0.933849
0.096343
0.314158
0.638407
0.616712
0.749340
0.092511
0.400850
0.933849
0.245867
0.623936
0.500496
0.007832
0.071496
0.406912
0.319326
0.850317
0.309048
0.507300
0.929711
0.623936
0.314158
0.131086
0.309048
0.933849
0.507300
0.032872
0.507300
0.638407
0.514143
0.413029
0.844333
0.933849
0.609497
0.850317
0.065744
0.016639
0.005134
0.070017
0.050376
0.735342
0.631169
0.514143
0.978767
0.241612
0.742360
0.749340
0.237413
0.521024
0.838261
0.933849
0.623936
0.245867
0.756280
0.233272
0.003600
0.856211
0.929711
0.022680
0.033610
0.319326
0.034364
0.925443
0.631169
0.128554
0.638407
0.850317
0.844333
0.010797
0.631169
0.024278
0.413029
0.844333
0.032872
0.638407
0.933849
0.098310
0.844333
0.003690
0.631169
0.850317
0.400850
0.527940
0.742360
0.638407
0.406912
0.048248
0.229187
0.314158
0.756280
0.850317
0.131086
0.756280
0.507300
0.623936
0.749340
0.749340
0.856211
0.756280
0.623936
0.749340
0.933849
0.749340
0.094410
0.978767
0.735342
0.844333
0.229187
0.007832
0.742360
0.413029
0.425421
0.241612
0.000700
0.728289
0.507300
0.514143
0.856211
0.128554
0.172867
0.756280
0.233272
0.645648
0.838261
0.514143
0.749340
0.047215
0.844333
0.007646
0.023201
0.400850
0.003600
0.742360
0.925443
0.176120
0.237413
0.929711
0.179423
0.507300
0.756280
0.507300
0.728289
0.735342
0.507300
0.500496
0.623936
0.631169
0.978767
0.050376
0.314158
0.856211
0.413029
0.616712
0.645648
0.616712
0.844333
0.921047
0.394843
0.011588
0.394843
0.616712
0.631169
0.514143
0.844333
0.527940
0.631169
0.742360
0.929711
0.237413
0.514143
0.742360
0.514143
0.980825
0.133660
0.324555
0.324555
0.131086
0.016258
0.929711
0.616712
0.616712
0.128554
0.406912
0.978767
0.638407
0.838261
0.521024
0.756280
0.394843
0.314158
0.245867
0.850317
0.850317
0.925443
0.023734
0.929711
0.645648
0.856211
0.514143
0.521024
0.850317
0.631169
0.623936
0.749340
0.998223
0.521024
0.500496
0.400850
0.229187
0.133660
0.980825
0.929711
0.049301
0.309048
0.400850
0.645648
0.237413
0.413029
0.631169
0.241612
0.406912
0.016639
0.844333
0.324555
0.631169
0.749340
0.850317
0.631169
0.314158
0.735342
0.998223
0.394843
0.002333
0.406912
0.098310
0.929711
0.631169
0.980825
0.742360
0.047215
0.098310
0.933849
0.046203
0.400850
0.742360
0.742360
0.309048
0.309048
0.850317
0.749340
0.070017
0.850317
0.237413
0.133660
0.850317
0.623936
0.500496
0.638407
0.749340
0.838261
0.314158
0.850317
0.406912
0.856211
0.237413
0.319326
0.638407
0.850317
0.742360
0.638407
0.413029
0.856211
0.756280
0.521024
0.850317
0.638407
0.507300
0.749340
0.728289
0.413029
0.921047
0.394843
0.245867
0.735342
0.179423
0.844333
0.856211
0.514143
0.303998
0.749340
0.241612
0.929711
0.623936
0.241612
0.742360
0.245867
0.001542
0.929711
0.631169
0.413029
0.756280
0.507300
0.314158
0.406912
0.978767
0.527940
0.172867
0.623936
0.850317
0.850317
0.096343
0.749340
0.925443
0.631169
0.623936
0.742360
0.176120
0.233272
0.096343
0.406912
0.534890
0.856211
0.735342
0.131086
0.616712
0.631169
0.507300
0.980825
0.314158
0.856211
0.065744
0.245867
0.631169
0.850317
0.980825
0.850317
0.172867
0.749340
0.065744
0.742360
0.623936
0.844333
0.032872
0.250181
0.631169
0.844333
0.756280
0.400850
0.319326
0.850317
0.749340
0.623936
0.638407
0.742360
0.980825
0.623936
0.319326
0.925443
0.742360
0.749340
0.514143
0.933849
0.090647
0.406912
0.638407
0.735342
0.010544
0.929711
0.638407
0.742360
0.925443
0.400850
0.406912
0.400850
0.406912
0.850317
0.319326
0.521024
0.514143
0.742360
0.514143
0.406912
0.925443
0.929711
0.514143
0.314158
0.616712
0.749340
0.616712
0.844333
0.856211
0.514143
0.094410
0.933849
0.735342
0.245867
0.250181
0.929711
0.507300
0.250181
0.933849
0.844333
0.728289
0.527940
0.933849
0.735342
0.176120
0.324555
0.838261
0.133660
0.844333
0.514143
0.527940
0.616712
0.742360
0.749340
0.756280
0.735342
0.324555
0.844333
0.400850
0.850317
0.007832
0.998223
0.237413
0.406912
0.400850
0.925443
0.631169
0.493732
0.838261
0.749340
0.514143
0.309048
0.623936
0.022680
0.933849
0.838261
0.838261
0.929711
0.507300
0.314158
0.850317
0.856211
0.742360
0.749340
0.850317
0.507300
0.856211
0.090647
0.096343
0.314158
0.844333
0.856211
0.609497
0.507300
0.728289
0.933849
0.929711
0.514143
0.850317
0.980825
0.521024
0.844333
0.844333
0.131086
0.929711
0.850317
0.623936
0.314158
0.507300
0.976579
0.838261
0.309048
0.980825
0.319326
0.023734
0.319326
0.742360
0.850317
0.631169
0.749340
0.756280
0.735342
0.631169
0.850317
0.071496
0.094410
0.856211
0.623936
0.844333
0.742360
0.756280
0.126065
0.400850
0.735342
0.742360
0.742360
0.068565
0.514143
0.500496
0.978767
0.033610
0.609497
0.929711
0.092511
0.172867
0.856211
0.616712
0.176120
0.735342
0.133660
0.929711
0.623936
0.742360
0.631169
0.241612
0.856211
0.237413
0.980825
0.844333
0.507300
0.233272
0.245867
0.749340
0.400850
0.507300
0.500496
0.925443
0.638407
0.176120
0.229187
0.929711
0.309048
0.742360
0.742360
0.068565
0.133660
0.527940
0.003513
0.400850
0.980825
0.980825
0.527940
0.850317
0.176120
1.000000
0.756280
0.925443
0.406912
0.500496
0.844333
0.980825
0.400850
0.728289
0.500496
0.179423
0.856211
0.507300
0.631169
0.749340
0.616712
0.033610
0.838261
0.096343
0.047215
0.925443
0.126065
0.007465
0.023734
0.507300
0.098310
0.844333
0.749340
0.314158
0.179423
0.638407
0.131086
0.514143
0.929711
0.623936
0.016258
0.319326
0.850317
0.933849
0.176120
0.092511
0.011054
0.623936
0.400850
0.631169
0.742360
0.182777
0.007465
0.638407
0.742360
0.176120
0.735342
0.400850
0.856211
0.925443
0.514143
0.521024
0.005134
0.623936
0.756280
0.631169
0.000125
0.527940
0.507300
0.413029
0.623936
0.978767
0.400850
0.023201
0.176120
0.631169
0.324555
0.094410
0.000193
0.098310
0.521024
0.756280
0.844333
0.929711
0.616712
0.856211
0.000700
0.616712
0.507300
0.623936
0.406912
0.527940
0.000089
0.933849
0.176120
0.500496
0.850317
0.735342
0.068565
0.645648
0.309048
0.007465
0.314158
0.756280
0.742360
0.319326
0.850317
0.749340
0.844333
0.507300
0.507300
0.245867
0.742360
0.500496
0.068565
0.933849
0.314158
0.850317
0.023201
0.023201
0.179423
0.749340
0.507300
0.033610
0.742360
0.507300
0.182777
0.623936
0.514143
0.645648
0.749340
0.638407
0.319326
0.749340
0.241612
0.756280
0.007465
0.128554
0.047215
0.925443
0.413029
0.976579
0.233272
0.067141
0.844333
0.011054
0.314158
0.400850
0.749340
0.233272
0.749340
0.507300
0.237413
0.749340
0.500496
0.003262
0.742360
0.925443
0.406912
0.527940
0.514143
0.616712
0.997776
0.844333
0.838261
0.319326
0.742360
0.245867
0.507300
0.742360
0.735342
0.324555
0.493732
0.094410
0.309048
0.749340
0.742360
0.131086
0.534890
0.756280
0.978767
0.406912
0.856211
0.023734
0.856211
0.742360
0.067141
0.749340
0.067141
0.749340
0.623936
0.179423
0.933849
0.425421
0.631169
0.400850
0.096343
0.096343
0.179423
0.400850
0.406912
0.929711
0.980825
0.413029
0.742360
0.850317
0.507300
0.017028
0.850317
0.237413
0.749340
0.314158
0.241612
0.406912
0.024278
0.493732
0.507300
0.742360
0.514143
0.048248
0.016258
0.319326
0.176120
0.394843
0.241612
0.742360
0.068565
0.098310
0.856211
0.406912
0.309048
0.756280
0.631169
0.023734
0.182777
0.067141
0.309048
0.241612
0.309048
0.413029
0.507300
0.314158
0.844333
0.832104
0.749340
0.406912
0.749340
0.176120
0.609497
0.749340
0.314158
0.534890
0.742360
0.005522
0.631169
0.756280
0.749340
0.527940
0.749340
0.933849
0.929711
0.303998
0.131086
0.005134
0.406912
0.756280
0.425421
0.032872
0.406912
0.400850
0.309048
0.394843
0.514143
0.003427
0.309048
0.844333
0.645648
0.250181
0.735342
0.096343
0.179423
0.250181
0.980825
0.749340
0.742360
0.929711
0.023201
0.023201
0.638407
0.419199
0.616712
0.007832
0.131086
0.850317
0.728289
0.742360
0.233272
0.756280
0.131086
0.521024
0.071496
0.756280
0.314158
0.048248
0.388890
0.527940
0.735342
0.638407
0.616712
0.176120
0.844333
0.933849
0.400850
0.010544
0.096343
0.925443
0.742360
0.856211
0.406912
0.978767
0.623936
0.034364
0.609497
0.319326
0.131086
0.742360
0.623936
0.514143
0.756280
0.749340
0.241612
0.631169
0.749340
0.319326
0.749340
0.742360
0.749340
0.128554
0.514143
0.609497
0.756280
0.096343
0.001542
0.933849
0.728289
0.631169
0.631169
0.521024
0.514143
0.493732
0.388890
0.011054
0.623936
0.314158
0.096343
0.844333
0.413029
0.749340
0.413029
0.007465
0.186183
0.742360
0.493732
0.128554
0.742360
0.850317
0.742360
0.749340
0.631169
0.507300
0.850317
0.728289
0.001542
0.638407
0.500496
0.856211
0.048248
0.735342
0.844333
0.749340
0.179423
0.319326
0.980825
0.623936
0.929711
0.319326
0.303998
0.324555
0.749340
0.507300
0.314158
0.844333
0.844333
0.623936
0.631169
0.309048
0.728289
0.319326
0.507300
0.978767
0.980825
0.742360
0.976579
0.631169
0.507300
0.413029
0.735342
0.749340
0.933849
0.413029
0.179423
0.980825
0.133660
0.735342
0.309048
0.413029
0.131086
0.309048
0.131086
0.413029
0.507300
0.096343
0.090647
0.514143
0.728289
0.241612
0.616712
0.406912
0.425421
0.527940
0.507300
0.534890
0.749340
0.929711
0.514143
0.319326
0.394843
0.186183
0.850317
0.172867
0.929711
0.742360
0.406912
0.172867
0.756280
0.850317
0.314158
0.638407
0.521024
0.413029
0.237413
0.844333
0.131086
0.844333
0.245867
0.976579
0.925443
0.176120
0.638407
0.850317
0.735342
0.034364
0.309048
0.309048
0.237413
0.742360
0.245867
0.128554
0.131086
0.721205
0.728289
0.521024
0.749340
0.024278
0.844333
0.314158
0.071496
0.609497
0.844333
0.623936
0.844333
0.514143
0.319326
0.756280
0.303998
0.728289
0.094410
0.856211
0.929711
0.933849
0.092511
0.728289
0.638407
0.623936
0.534890
0.092511
0.128554
0.623936
0.631169
0.507300
0.735342
0.933849
0.094410
0.742360
0.638407
0.005389
0.324555
0.131086
0.015522
0.742360
0.241612
0.856211
0.245867
0.929711
0.980825
0.303998
0.850317
0.735342
0.616712
0.241612
0.638407
0.638407
0.314158
0.314158
0.128554
0.034364
0.638407
0.048248
0.749340
0.070017
0.742360
0.507300
0.742360
0.002276
0.094410
0.933849
0.514143
0.850317
0.638407
0.638407
0.856211
0.048248
0.245867
0.096343
0.406912
0.521024
0.742360
0.742360
0.023201
0.742360
1.000000
0.616712
0.742360
0.850317
0.514143
0.176120
0.172867
0.314158
0.616712
0.638407
0.856211
0.314158
0.241612
0.631169
0.850317
0.929711
0.925443
0.856211
0.527940
0.400850
0.616712
0.033610
0.756280
0.172867
0.000700
0.749340
0.406912
0.749340
0.980825
0.844333
0.092511
0.016258
0.742360
0.638407
0.609497
0.507300
0.241612
0.514143
0.749340
0.131086
0.838261
0.514143
0.048248
0.749340
0.850317
0.623936
0.749340
0.742360
0.850317
0.735342
0.638407
0.631169
0.319326
0.314158
0.092511
0.645648
0.098310
0.250181
0.002276
0.521024
0.319326
0.128554
0.645648
0.756280
0.000457
0.094410
0.749340
0.035919
0.406912
0.850317
0.172867
0.631169
0.010797
0.749340
0.400850
0.098310
0.925443
0.182777
0.034364
0.645648
0.314158
0.978767
0.742360
0.925443
0.850317
0.844333
0.749340
0.850317
0.527940
0.638407
0.493732
0.098310
0.406912
0.005134
0.623936
0.068565
0.921047
0.623936
0.850317
0.978767
0.925443
0.309048
0.314158
0.500496
0.929711
0.631169
0.241612
0.067141
0.233272
0.609497
0.250181
0.394843
0.638407
0.068565
0.631169
0.309048
0.735342
0.033610
0.413029
0.850317
0.844333
0.514143
0.623936
0.090647
0.131086
0.933849
0.406912
0.735342
0.933849
0.128554
0.050376
0.844333
0.623936
0.749340
0.742360
0.068565
0.728289
0.413029
0.742360
0.309048
0.507300
0.929711
0.929711
0.850317
0.742360
0.011054
0.241612
0.406912
0.742360
0.179423
0.623936
0.394843
0.742360
0.929711
0.406912
0.631169
0.616712
0.319326
0.245867
0.844333
0.032872
0.500496
0.126065
0.742360
0.749340
0.514143
0.514143
0.638407
0.514143
0.850317
0.024278
0.400850
0.241612
0.071496
0.394843
0.035133
0.735342
0.179423
0.616712
0.735342
0.638407
0.742360
0.844333
0.980825
0.500496
0.978767
0.394843
0.623936
0.980825
0.735342
0.413029
0.309048
0.309048
0.314158
0.925443
0.394843
0.749340
0.749340
0.638407
0.309048
0.000682
0.324555
0.638407
0.067141
0.925443
0.742360
0.929711
0.856211
0.728289
0.756280
0.245867
0.925443
0.616712
0.756280
0.998223
0.929711
0.929711
0.309048
0.394843
0.514143
0.933849
0.929711
0.241612
0.237413
0.413029
0.933849
0.850317
0.929711
0.314158
0.001015
0.735342
0.749340
0.048248
0.749340
0.001622
0.507300
0.070017
0.241612
0.514143
0.623936
0.002333
0.179423
0.978767
0.616712
0.980825
0.413029
0.002453
0.742360
0.980825
0.527940
0.007646
0.067141
0.638407
0.929711
0.623936
0.514143
0.128554
0.742360
0.098310
0.735342
0.032872
0.521024
0.070017
0.933849
0.749340
0.096343
0.631169
0.413029
0.749340
0.015886
0.314158
0.749340
0.735342
0.406912
0.067141
0.070017
0.850317
0.735342
0.096343
0.749340
0.179423
0.933849
0.742360
0.749340
0.850317
0.749340
0.735342
0.638407
0.756280
0.314158
0.638407
0.309048
0.400850
0.749340
0.133660
0.742360
0.176120
0.024278
0.929711
0.933849
0.850317
0.400850
0.507300
0.394843
0.638407
0.309048
0.728289
0.126065
0.319326
0.406912
0.245867
0.070017
0.844333
0.850317
0.400850
0.850317
0.034364
0.638407
0.850317
0.007288
0.756280
0.850317
0.172867
0.067141
0.406912
0.929711
0.131086
0.413029
0.623936
0.319326
0.172867
0.131086
0.742360
0.844333
0.742360
0.856211
0.070017
0.032872
0.623936
0.756280
0.645648
0.179423
0.980825
0.413029
0.314158
0.735342
0.638407
0.742360
0.507300
0.742360
0.126065
0.933849
0.735342
0.314158
0.638407
0.233272
0.742360
0.623936
0.756280
0.070017
0.314158
0.514143
0.314158
0.250181
0.638407
0.929711
0.096343
0.749340
0.514143
0.319326
0.756280
0.978767
0.514143
0.850317
0.735342
0.400850
0.749340
0.631169
0.638407
0.500496
0.742360
0.980825
0.850317
0.096343
0.128554
0.126065
0.925443
0.527940
0.844333
0.176120
0.850317
0.096343
0.856211
0.400850
0.002392
0.005260
0.623936
0.631169
0.844333
0.742360
0.319326
0.022680
0.631169
0.616712
0.176120
0.514143
0.133660
0.131086
0.400850
0.850317
0.534890
0.233272
0.507300
0.856211
0.929711
0.179423
0.507300
0.735342
0.001041
0.933849
0.638407
0.319326
0.844333
0.094410
0.094410
0.929711
0.003427
0.749340
0.500496
0.749340
0.500496
0.850317
0.623936
0.096343
0.406912
0.527940
0.500496
0.749340
0.514143
0.929711
0.850317
0.131086
0.631169
0.638407
0.007646
0.314158
0.425421
0.176120
0.071496
0.616712
0.096343
0.749340
0.749340
0.742360
0.011054
0.406912
0.521024
0.749340
0.131086
0.182777
0.096343
0.756280
0.850317
0.850317
0.176120
0.850317
0.844333
0.631169
0.241612
0.034364
0.749340
0.003513
0.431696
0.742360
0.735342
0.406912
0.850317
0.237413
0.133660
0.507300
0.070017
0.314158
0.406912
0.856211
0.024278
0.128554
0.735342
0.838261
0.319326
0.507300
0.131086
0.176120
0.406912
0.850317
0.033610
0.400850
0.005260
0.850317
0.500496
0.850317
0.850317
0.071496
0.406912
0.047215
0.047215
0.735342
0.241612
0.400850
0.394843
0.067141
0.309048
0.070017
0.514143
0.319326
0.413029
0.925443
0.742360
0.631169
0.980825
0.521024
0.638407
0.186183
0.850317
0.616712
0.413029
0.319326
0.179423
0.309048
0.070017
0.735342
0.850317
0.131086
0.623936
0.645648
0.933849
0.534890
0.092511
0.067141
0.616712
0.406912
0.319326
0.735342
0.735342
0.096343
0.749340
0.749340
0.980825
0.645648
0.133660
0.616712
0.094410
0.645648
0.929711
0.047215
0.856211
0.233272
0.844333
0.126065
0.250181
0.015886
0.309048
0.638407
0.314158
0.400850
0.507300
0.400850
0.176120
0.638407
0.749340
0.749340
0.098310
0.319326
0.050376
0.131086
0.094410
0.237413
0.749340
0.413029
0.749340
0.394843
0.527940
0.933849
0.065744
0.131086
0.616712
0.742360
0.838261
0.319326
0.521024
0.521024
0.128554
0.735342
0.500496
0.319326
0.131086
0.413029
0.623936
0.742360
0.016639
0.007646
0.070017
0.000135
0.850317
0.500496
0.933849
0.514143
0.001041
0.850317
0.048248
0.742360
0.623936
0.065744
0.756280
0.638407
0.631169
0.742360
0.623936
0.623936
0.728289
0.933849
0.856211
0.245867
0.413029
0.096343
0.010797
0.514143
0.856211
0.241612
0.250181
0.000209
0.850317
0.631169
0.319326
0.638407
0.005010
0.514143
0.933849
0.507300
0.756280
0.092511
0.070017
0.000665
0.131086
0.413029
0.623936
0.638407
0.756280
0.742360
0.400850
0.756280
0.245867
0.241612
0.406912
0.735342
0.638407
0.735342
0.319326
0.638407
0.023734
0.638407
0.838261
0.514143
0.638407
0.631169
0.749340
0.047215
0.638407
0.638407
0.933849
0.850317
0.133660
0.631169
0.850317
0.507300
0.856211
0.623936
0.925443
0.850317
0.303998
0.507300
0.413029
0.638407
0.856211
0.631169
0.631169
0.756280
0.850317
0.623936
0.406912
0.176120
0.400850
0.844333
0.925443
0.237413
0.126065
0.838261
0.844333
0.241612
0.179423
0.023734
0.933849
0.047215
0.844333
0.844333
0.850317
0.507300
0.050376
0.735342
0.602295
0.500496
0.034364
0.237413
0.631169
0.514143
0.094410
0.844333
0.394843
0.179423
0.094410
0.001041
0.742360
0.850317
0.749340
0.507300
0.023201
0.735342
0.978767
0.314158
0.925443
0.925443
0.638407
0.176120
0.856211
0.241612
0.309048
0.514143
0.978767
0.749340
0.929711
0.527940
0.631169
0.933849
0.096343
0.324555
0.406912
0.749340
0.980825
0.728289
0.033610
0.400850
0.638407
0.850317
0.631169
0.844333
0.015886
0.929711
0.631169
0.844333
0.844333
0.413029
0.749340
0.933849
0.742360
0.735342
0.728289
0.400850
0.400850
0.838261
0.749340
0.241612
0.998223
0.980825
0.303998
0.406912
0.749340
0.623936
0.514143
0.065744
0.406912
0.735342
0.749340
0.844333
0.616712
0.728289
0.176120
0.007646
0.623936
0.400850
0.735342
0.229187
0.068565
0.925443
0.514143
0.645648
0.319326
0.068565
0.034364
0.631169
0.070017
0.507300
0.742360
0.645648
0.309048
0.241612
0.133660
0.638407
0.514143
0.623936
0.309048
0.728289
0.623936
0.844333
0.850317
0.406912
0.742360
0.406912
0.521024
0.925443
0.413029
0.400850
0.631169
0.005134
0.070017
0.933849
0.245867
0.514143
0.131086
0.050376
0.925443
0.850317
0.742360
0.071496
0.005010
0.749340
0.507300
0.309048
0.400850
0.742360
0.856211
0.735342
0.856211
0.933849
0.319326
0.070017
0.500496
0.631169
0.400850
0.314158
0.742360
0.406912
0.749340
0.413029
0.500496
0.925443
0.623936
0.742360
0.735342
0.850317
0.189641
0.186183
0.749340
0.493732
0.406912
0.856211
0.844333
0.023734
0.003600
0.844333
0.998223
0.749340
0.067141
0.023201
0.176120
0.314158
0.735342
0.068565
0.844333
0.394843
0.844333
0.850317
0.413029
0.623936
0.742360
0.728289
0.406912
0.400850
0.096343
0.623936
0.742360
0.742360
0.978767
0.324555
0.728289
0.500496
0.638407
0.631169
0.749340
0.638407
0.068565
0.098310
0.631169
0.094410
0.850317
0.929711
0.319326
0.925443
0.844333
0.314158
0.098310
0.856211
0.406912
0.844333
0.514143
0.623936
0.000034
0.314158
0.742360
0.742360
0.400850
0.742360
0.309048
0.631169
0.616712
0.179423
0.406912
0.749340
0.850317
0.850317
0.413029
0.844333
0.133660
0.324555
0.319326
0.998223
0.237413
0.241612
0.241612
0.237413
0.324555
0.131086
0.929711
0.929711
0.742360
0.500496
0.735342
0.067141
0.749340
0.521024
0.521024
0.623936
0.241612
0.131086
0.850317
0.742360
0.742360
0.314158
0.742360
0.929711
0.742360
0.245867
0.850317
0.856211
0.245867
0.179423
0.521024
0.400850
0.645648
0.623936
0.933849
0.400850
0.319326
0.638407
0.844333
0.631169
0.514143
0.527940
0.631169
0.844333
0.007288
0.850317
0.406912
0.126065
0.324555
0.507300
0.749340
0.514143
0.303998
0.425421
0.007115
0.034364
0.507300
0.844333
0.756280
0.319326
0.514143
0.929711
0.000989
0.309048
0.925443
0.735342
0.933849
0.844333
0.844333
0.521024
0.008021
0.749340
0.507300
0.742360
0.616712
0.749340
0.929711
0.088816
0.067141
0.749340
0.850317
0.735342
0.850317
0.638407
0.319326
0.500496
0.976579
0.000003
0.016639
0.303998
0.092511
0.070017
0.068565
0.241612
0.850317
0.131086
0.631169
0.929711
0.521024
0.631169
0.638407
0.406912
0.131086
0.850317
0.237413
0.749340
0.002333
0.098310
0.742360
0.003427
0.527940
0.133660
0.925443
0.067141
0.925443
0.742360
0.844333
0.844333
0.507300
0.749340
0.514143
0.406912
0.856211
0.844333
0.749340
0.749340
0.749340
0.844333
0.742360
0.406912
0.507300
0.645648
0.521024
0.176120
0.500496
0.742360
0.133660
0.005134
0.631169
0.070017
0.400850
0.749340
0.131086
0.756280
0.507300
0.400850
0.749340
0.623936
0.500496
0.756280
0.507300
0.394843
0.742360
0.094410
0.929711
0.933849
0.844333
0.319326
0.098310
0.978767
0.507300
0.176120
0.742360
0.838261
0.507300
0.850317
0.237413
0.394843
0.623936
0.742360
0.631169
