0.360108
0.517740
0.535924
0.742524
0.865720
0.535924
0.509168
0.516021
0.844474
0.655774
0.767621
0.534183
0.502353
0.460707
0.683781
0.842965
0.225754
0.191033
0.798679
0.826798
0.333302
0.488004
0.265274
0.928755
0.848969
0.155191
0.912577
0.260763
0.793728
0.178670
0.616881
0.011801
0.541162
0.181172
0.865720
0.407055
0.657584
0.001835
0.355894
0.746019
0.072849
0.078343
0.333302
0.404016
0.659394
0.365778
0.258529
0.484655
0.792070
0.312995
0.402502
0.653964
0.237511
0.312995
0.713368
0.182856
0.353103
0.459078
0.510878
0.299745
0.868552
0.360108
0.018737
0.181172
0.760756
0.411638
0.616881
0.089999
0.867139
0.312995
0.597969
0.546417
0.867139
0.892223
0.360108
0.510878
0.205941
0.318150
0.224754
0.302237
0.413173
0.015395
0.765909
0.535924
0.689183
0.096877
0.841450
0.713368
0.885669
0.314278
0.772738
0.459078
0.113723
0.034002
0.404016
0.892223
0.070051
0.869959
0.192792
0.380934
0.405534
0.399484
0.890926
0.083560
0.929809
0.683781
0.335988
0.709801
0.312995
0.365778
0.653964
0.095902
0.713368
0.625913
0.123371
0.452590
0.646723
0.845978
0.010707
0.156671
0.798679
0.505755
0.742524
0.113160
0.709801
0.765909
0.592584
0.340043
0.166977
0.986075
0.978817
0.847476
0.064575
0.744273
0.869959
0.657584
0.928755
0.845978
0.739020
0.822077
0.744273
0.279751
0.592584
0.026365
0.512590
0.986075
0.411638
0.892223
0.431056
0.000149
0.689183
0.239604
0.541162
0.929809
0.788742
0.618686
0.872753
0.001343
0.912577
0.489682
0.795382
0.672955
0.886994
0.889622
0.455828
0.907828
0.112041
0.681978
0.927693
0.715150
0.136340
0.740773
0.519462
0.379474
0.718708
0.460707
0.689183
0.772738
0.892223
0.278571
0.354497
0.003194
0.120375
0.486328
0.245968
0.489682
0.820493
0.874140
0.302237
0.871359
0.024568
0.844474
0.864295
0.841450
0.844474
0.312995
0.338687
0.082705
0.432632
0.107394
0.319448
0.263011
0.241711
0.676566
0.890926
0.180335
0.764195
0.022628
0.967595
0.000999
0.655774
0.657584
0.001500
0.296034
0.629530
0.970264
0.817313
0.208751
0.616881
0.942296
0.653964
0.280934
0.431056
0.156671
0.764195
0.546417
0.912577
0.340043
0.457451
0.687383
0.995725
0.930855
0.344131
0.043307
0.862864
0.000974
0.869959
0.272730
0.115999
0.386811
0.537668
0.437377
0.822077
0.516021
0.179501
0.601564
0.179501
0.257418
0.015129
0.680175
0.164639
0.248118
0.978817
0.166194
0.222763
0.282120
0.504053
0.432632
0.245968
0.315565
0.184553
0.905408
0.970264
0.340043
0.459078
0.482985
0.383866
0.120969
0.380934
0.929809
0.120375
0.690982
0.457451
0.959163
0.659394
0.192792
0.192792
0.687383
0.687383
0.772738
0.459078
0.364355
0.080186
0.275056
0.169342
0.625913
0.537668
0.631338
0.318150
0.978283
0.065259
0.847476
0.181172
0.386811
0.324678
0.280934
0.845978
0.491363
0.054481
0.187123
0.334643
0.360108
0.104740
0.521185
0.413173
0.481317
0.629530
0.680175
0.733747
0.959163
0.744273
0.848969
0.491363
0.081858
0.266411
0.057316
0.104216
0.486328
0.296034
0.432632
0.596173
0.516021
0.601564
0.459078
0.512590
0.945100
0.434210
0.318150
0.847476
0.820493
0.718708
0.599766
0.909027
0.596173
0.868552
0.338687
0.041457
0.454207
0.507460
0.941345
0.193676
0.194564
0.713368
0.019900
0.000593
0.601564
0.459078
0.892223
0.049861
0.265274
0.278571
0.995910
0.685583
0.944174
0.797033
0.680175
0.652154
0.733747
0.278571
0.681978
0.380934
0.361520
0.132428
0.054190
0.681978
0.589000
0.360108
0.996090
0.229790
0.823655
0.845978
0.871359
0.052757
0.867139
0.400991
0.739020
0.342765
0.147613
0.841450
0.541162
0.928755
0.429484
0.708015
0.871359
0.594378
0.437377
0.657584
0.793728
0.573820
0.012699
0.537668
0.240655
0.627721
0.482985
0.818905
0.912577
0.924458
0.911401
0.489682
0.657584
0.864295
0.979343
0.979343
0.774437
0.845978
0.943239
0.535924
0.005231
0.845978
0.303489
0.075944
0.082705
0.001069
0.299745
0.114288
0.715150
0.022245
0.998018
0.970264
0.851938
0.995725
0.320750
0.462339
0.625913
0.018101
0.081858
0.167762
0.018311
0.019900
0.568486
0.278571
0.907828
0.514304
0.385337
0.014067
0.076339
0.566711
0.114856
0.631338
0.000038
0.083131
0.344131
0.657584
0.823655
0.476330
0.587209
0.792070
0.704438
0.116574
0.967595
0.959163
0.559627
0.294805
0.327315
0.312995
0.841450
0.152993
0.800322
0.038500
0.504053
0.454207
0.355894
0.800322
0.769330
0.322056
0.624106
0.011258
0.592584
0.663012
0.720484
0.685583
0.769330
0.003962
0.680175
0.928755
0.382398
0.740773
0.629530
0.042838
0.772738
0.211590
0.429484
0.002270
0.482985
0.991810
0.238556
0.168551
0.449364
0.690982
0.847476
0.099355
0.462339
0.687383
0.074770
0.062893
0.978817
0.892223
0.625913
0.532443
0.112599
0.888312
0.385337
0.034572
0.847476
0.564938
0.462339
0.038079
0.544664
0.624106
0.131785
0.911401
0.434210
0.657584
0.294805
0.825229
0.889622
0.429484
0.959941
0.616881
0.603363
0.096877
0.655774
0.132428
0.045111
0.995534
0.771035
0.087731
0.986075
0.945100
0.376564
0.577383
0.071158
0.867139
0.069322
0.706227
0.166977
0.659394
0.968275
0.292357
0.978817
0.787072
0.427915
0.631338
0.792070
0.659394
0.314278
0.890926
0.657584
0.537668
0.288714
0.143425
0.170137
0.253009
0.845978
0.476330
0.160424
0.407055
0.624106
0.815715
0.267552
0.733747
0.484655
0.564938
0.625913
0.767621
0.282120
0.825229
0.542912
0.405534
0.338687
0.207811
0.459078
0.514304
0.484655
0.193676
0.413173
0.179501
0.590791
0.661203
0.653964
0.312995
0.893513
0.563166
0.537668
0.817313
0.548173
0.434210
0.530705
0.970264
0.293579
0.930855
0.970910
0.570263
0.325995
0.537668
0.148321
0.097368
0.276224
0.825229
0.969609
0.259644
0.112599
0.592584
0.850456
0.410107
0.489682
0.353103
0.874140
0.192792
0.077135
0.271573
0.847476
0.484655
0.978817
0.340043
0.184553
0.463975
0.718708
0.850456
0.140690
0.929809
0.341402
0.625913
0.709801
0.431056
0.015306
0.907828
0.400991
0.311715
0.767621
0.795382
0.572041
0.345501
0.385337
0.823655
0.338687
0.823655
0.713368
0.995338
0.479652
0.257418
0.912577
0.820493
0.504053
0.105795
0.687383
0.650344
0.655774
0.765909
0.798679
0.740773
0.142052
0.597969
0.333302
0.338687
0.890926
0.180335
0.847476
0.284505
0.713368
0.404016
0.659394
0.744273
0.991810
0.597969
0.075551
0.570263
0.969609
0.509168
0.488004
0.716929
0.512590
0.826798
0.534183
0.242770
0.021497
0.346875
0.792070
0.541162
0.242770
0.818905
0.048272
0.408579
0.312995
0.844474
0.491363
0.683781
0.867139
0.362936
0.793728
0.735507
0.477990
0.432632
0.131785
0.140690
0.224754
0.482985
0.516021
0.124587
0.765909
0.541162
0.629530
0.737265
0.680175
0.223757
0.653964
0.320750
0.484655
0.507460
0.747762
0.845978
0.735507
0.294805
0.407055
0.182856
0.997787
0.969609
0.744273
0.661203
0.568486
0.624106
0.685583
0.391255
0.740773
0.241711
0.535924
0.618686
0.258529
0.241711
0.455828
0.577383
0.223757
0.991810
0.767621
0.320750
0.493047
0.561396
0.681978
0.018206
0.075551
0.166194
0.841450
0.222763
0.795382
0.618686
0.818905
0.709801
0.561396
0.597969
0.678371
0.844474
0.927693
0.178670
0.240655
0.683781
0.599766
0.322056
0.383866
0.294805
0.793728
0.909027
0.155191
0.735507
0.739020
0.818905
0.590791
0.510878
0.215425
0.871359
0.479652
0.105266
0.165415
0.765909
0.847476
0.956778
0.018311
0.685583
0.928755
0.459078
0.429484
0.680175
0.959941
0.625913
0.196349
0.238556
0.139003
0.504053
0.404016
0.930855
0.544664
0.304744
0.616881
0.979861
0.744273
0.603363
0.299745
0.942296
0.992096
0.661203
0.648533
0.655774
0.358700
0.594378
0.713368
0.484655
0.177843
0.890926
0.407055
0.822077
0.437377
0.169342
0.907828
0.869959
0.427915
0.166194
0.572041
0.737265
0.484655
0.242770
0.000123
0.943239
0.022372
0.864295
0.820493
0.535924
0.970264
0.516021
0.376564
0.512590
0.740773
0.382398
0.077536
0.358700
0.890926
0.507460
0.597969
0.166194
0.315565
0.383866
0.631338
0.661203
0.410107
0.842965
0.145506
0.037870
0.618686
0.772738
0.516021
0.296034
0.683781
0.566711
0.742524
0.716929
0.625913
0.657584
0.926623
0.889622
0.429484
0.455828
0.038079
0.847476
0.320750
0.379474
0.146205
0.762477
0.711585
0.869959
0.181172
0.271573
0.517740
0.708015
0.713368
0.455828
0.822077
0.708015
0.166194
0.868552
0.157416
0.413173
0.844474
0.096877
0.765909
0.944174
0.740773
0.340043
0.457451
0.815715
0.427915
0.132428
0.704438
0.848969
0.865720
0.969609
0.124587
0.258529
0.570263
0.376564
0.890926
0.238556
0.181172
0.210640
0.164639
0.220787
0.944174
0.839930
0.192792
0.434210
0.818905
0.152993
0.171736
0.774437
0.605163
0.414711
0.737265
0.450976
0.424787
0.414711
0.225754
0.844474
0.178670
0.163866
0.928755
0.704438
0.407055
0.224754
0.868552
0.009540
0.050947
0.868552
0.797033
0.459078
0.631338
0.206874
0.847476
0.653964
0.652154
0.733747
0.438965
0.711585
0.146908
0.318150
0.135025
0.155930
0.476330
0.740773
0.716929
0.179501
0.454207
0.176197
0.181172
0.958377
0.132428
0.910218
0.517740
0.681978
0.507460
0.198148
0.596173
0.648533
0.599766
0.706227
0.944174
0.132428
0.361520
0.191911
0.009427
0.906622
0.145506
0.772738
0.683781
0.643102
0.414711
0.823655
0.601564
0.142737
0.594378
0.314278
0.207811
0.627721
0.652154
0.889622
0.196349
0.285703
0.926623
0.702648
0.190158
0.516021
0.620492
0.007141
0.046101
0.847476
0.429484
0.652154
0.969609
0.435792
0.364355
0.067528
0.041006
0.689183
0.113160
0.293579
0.168551
0.968946
0.762477
0.063897
0.488004
0.889622
0.303489
0.169342
0.383866
0.482985
0.709801
0.680175
0.104740
0.814114
0.622299
0.026217
0.460707
0.276224
0.408579
0.477990
0.024707
0.622299
0.653964
0.133721
0.713368
0.023680
0.820493
0.530705
0.030848
0.107394
0.320750
0.206874
0.275056
0.625913
0.944174
0.482985
0.534183
0.842965
0.018523
0.842965
0.618686
0.460707
0.385337
0.711585
0.650344
0.385337
0.733747
0.277396
0.312995
0.335988
0.986875
0.844474
0.345501
0.597969
0.516021
0.012774
0.088180
0.455828
0.718708
0.486328
0.257418
0.193676
0.535924
0.312995
0.979343
0.280934
0.817313
0.477990
0.517740
0.563166
0.798679
0.653964
0.653964
0.122767
0.316856
0.123371
0.867139
0.225754
0.946018
0.573820
0.744273
0.457451
0.505755
0.094455
0.238556
0.114856
0.740773
0.408579
0.510878
0.709801
0.357295
0.541162
0.792070
0.362936
0.690982
0.324678
0.767621
0.888312
0.820493
0.380934
0.353103
0.378017
0.739020
0.678371
0.653964
0.709801
0.969609
0.530705
0.624106
0.457451
0.774437
0.166194
0.718708
0.685583
0.539414
0.532443
0.510878
0.481317
0.207811
0.047496
0.459078
0.871359
0.541162
0.657584
0.650344
0.340043
0.198148
0.909027
0.221774
0.715150
0.482985
0.364355
0.566711
0.193676
0.462339
0.771035
0.338687
0.892223
0.599766
0.653964
0.793728
0.537668
0.622299
0.023747
0.681978
0.431056
0.894796
0.045852
0.844474
0.379474
0.735507
0.731985
0.514304
0.279751
0.735507
0.489682
0.970910
0.568486
0.049061
0.872753
0.112041
0.405534
0.314278
0.739020
0.792070
0.288714
0.354497
0.711585
0.798679
0.599766
0.744273
0.509168
0.509168
0.221774
0.010334
0.622299
0.360108
0.437377
0.103176
0.978283
0.970264
0.910218
0.624106
0.847476
0.462339
0.432632
0.842965
0.537668
0.335988
0.435792
0.380934
0.570263
0.740773
0.767621
0.927693
0.537668
0.926623
0.631338
0.438965
0.260763
0.432632
0.769330
0.134372
0.455828
0.031369
0.653964
0.946018
0.687383
0.912577
0.482985
0.678371
0.646723
0.365778
0.302237
0.711585
0.927693
0.820493
0.491363
0.488004
0.277396
0.122767
0.800322
0.450976
0.795382
0.889622
0.242770
0.296034
0.795382
0.335988
0.740773
0.599766
0.153723
0.566711
0.070051
0.241711
0.357295
0.056859
0.765909
0.771035
0.407055
0.058239
0.229790
0.568486
0.481317
0.361520
0.194564
0.798679
0.946018
0.073996
0.764195
0.182013
0.867139
0.106325
0.624106
0.648533
0.884338
0.620492
0.847476
0.154455
0.620492
0.133721
0.244898
0.407055
0.774437
0.985663
0.742524
0.646723
0.323365
0.115426
0.002938
0.382398
0.073230
0.459078
0.676566
0.170935
0.516021
0.946018
0.069322
0.166194
0.767621
0.388289
0.491363
0.537668
0.957582
0.991217
0.314278
0.740773
0.845978
0.254106
0.711585
0.509168
0.338687
0.516021
0.687383
0.081858
0.402502
0.978283
0.530705
0.871359
0.979861
0.257418
0.224754
0.264141
0.405534
0.968946
0.771035
0.893513
0.590791
0.889622
0.655774
0.411638
0.178670
0.978817
0.625913
0.822077
0.629530
0.868552
0.625913
0.510878
0.093977
0.192792
0.865720
0.740773
0.874140
0.890926
0.380934
0.563166
0.488004
0.121565
0.263011
0.620492
0.364355
0.264141
0.243832
0.800322
0.871359
0.742524
0.742524
0.912577
0.868552
0.655774
0.564938
0.957582
0.765909
0.165415
0.131785
0.713368
0.680175
0.685583
0.484655
0.239604
0.088632
0.986479
0.845978
0.995910
0.179501
0.009540
0.049593
0.516021
0.564938
0.315565
0.205941
0.627721
0.795382
0.244898
0.438965
0.127052
0.383866
0.596173
0.196349
0.926623
0.106325
0.652154
0.818905
0.709801
0.334643
0.089542
0.053326
0.312995
0.410107
0.224754
0.659394
0.408579
0.192792
0.888312
0.135025
0.193676
0.147613
0.867139
0.183703
0.573820
0.318150
0.909027
0.429484
0.625913
0.709801
0.708015
0.709801
0.865720
0.297267
0.844474
0.925544
0.648533
0.296034
0.650344
0.364355
0.674761
0.594378
0.924458
0.034572
0.048797
0.798679
0.927693
0.818905
0.771035
0.823655
0.872753
0.680175
0.733747
0.169342
0.772738
0.958377
0.795382
0.929809
0.519462
0.075160
0.191033
0.440557
0.272730
0.063226
0.191911
0.432632
0.058239
0.282120
0.678371
0.006544
0.434210
0.570263
0.893513
0.969609
0.089999
0.655774
0.460707
0.479652
0.224754
0.429484
0.871359
0.546417
0.224754
0.365778
0.504053
0.088632
0.450976
0.018101
0.792070
0.258529
0.970264
0.322056
0.314278
0.958377
0.733747
0.360108
0.542912
0.360108
0.530705
0.003031
0.209694
0.284505
0.847476
0.907828
0.713368
0.767621
0.011594
0.388289
0.959163
0.818905
0.890926
0.865720
0.650344
0.222763
0.788742
0.087731
0.542912
0.798679
0.259644
0.226758
0.889622
0.911401
0.793728
0.650344
0.930855
0.764195
0.362936
0.138333
0.629530
0.597969
0.872753
0.096388
0.488004
0.590791
0.888312
0.438965
0.892223
0.361520
0.432632
0.427915
0.407055
0.455828
0.117732
0.434210
0.280934
0.147613
0.568486
0.742524
0.311715
0.005852
0.716929
0.320750
0.275056
0.957582
0.404016
0.380934
0.874140
0.411638
0.847476
0.655774
0.844474
0.563166
0.294805
0.407055
0.440557
0.337336
0.542912
0.892223
0.242770
0.795382
0.889622
0.657584
0.532443
0.911401
0.238556
0.716929
0.388289
0.622299
0.652154
0.258529
0.279751
0.164639
0.889622
0.134372
0.407055
0.685583
0.440557
0.222763
0.123978
0.739020
0.296034
0.182856
0.000799
0.338687
0.382398
0.823655
0.510878
0.792070
0.459078
0.315565
0.510878
0.573820
0.484655
0.342765
0.479652
0.378017
0.457451
0.320750
0.357295
0.427915
0.263011
0.597969
0.516021
0.302237
0.021744
0.257418
0.314278
0.800322
0.095417
0.105795
0.509168
0.459078
0.573820
0.625913
0.592584
0.170935
0.739020
0.010334
0.158914
0.411638
0.179501
0.842965
0.648533
0.125814
0.166977
0.191033
0.168551
0.683781
0.570263
0.434210
0.822077
0.906622
0.572041
0.152993
0.031544
0.765909
0.657584
0.357295
0.820493
0.742524
0.762477
0.744273
0.005959
0.163866
0.041913
0.170137
0.388289
0.541162
0.542912
0.391255
0.440557
0.504053
0.426349
0.657584
0.331965
0.527236
0.910218
0.687383
0.561396
0.452590
0.086837
0.031369
0.383866
0.800322
0.160424
0.210640
0.452590
0.081858
0.207811
0.476330
0.772738
0.001069
0.039139
0.044624
0.985663
0.318150
0.491363
0.744273
0.333302
0.410107
0.180335
0.090922
0.650344
0.542912
0.592584
0.315565
0.820493
0.517740
0.011663
0.001285
0.076736
0.822077
0.360108
0.659394
0.735507
0.797033
0.847476
0.568486
0.570263
0.657584
0.391255
0.839930
0.089086
0.995910
0.075551
0.429484
0.260763
0.245968
0.977190
0.059490
0.928755
0.911401
0.823655
0.341402
0.706227
0.945100
0.798679
0.312995
0.462339
0.309167
0.388289
0.239604
0.284505
0.342765
0.090459
0.504053
0.256310
0.841450
0.941345
0.820493
0.797033
0.739020
0.999332
0.713368
0.192792
0.509168
0.258529
0.944174
0.207811
0.978283
0.320750
0.797033
0.123371
0.986075
0.681978
0.516021
0.266411
0.507460
0.337336
0.020245
0.258529
0.991810
0.541162
0.068599
0.767621
0.928755
0.279751
0.505755
0.592584
0.035346
0.455828
0.744273
0.659394
0.847476
0.431056
0.822077
0.360108
0.716929
0.912577
0.297267
0.144809
0.735507
0.142052
0.817313
0.869959
0.746019
0.104740
0.144809
0.002214
0.625913
0.235433
0.787072
0.006505
0.144116
0.820493
0.616881
0.868552
0.133073
0.154455
0.360108
0.279751
0.278571
0.889622
0.731985
0.354497
0.297267
0.907828
0.210640
0.182856
0.091852
0.255206
0.872753
0.790407
0.108472
0.263011
0.007141
0.929809
0.000430
0.261885
0.514304
0.223757
0.296034
0.489682
0.886994
0.998128
0.003692
0.341402
0.568486
0.956778
0.790407
0.625913
0.706227
0.867139
0.564938
0.104740
0.197247
0.168551
0.507460
0.546417
0.561396
0.979343
0.012924
0.147613
0.408579
0.594378
0.179501
0.868552
0.596173
0.000340
0.462339
0.624106
0.535924
0.792070
0.112041
0.894796
0.823655
0.058861
0.842965
0.890926
0.049593
0.361520
0.869959
0.867139
0.294805
0.512590
0.408579
0.083990
0.467254
0.944174
0.534183
0.822077
0.943239
0.427915
0.404016
0.402502
0.739020
0.404016
0.273891
0.820493
0.739020
0.517740
0.716929
0.383866
0.091852
0.845978
0.432632
0.535924
0.304744
0.005425
0.048797
0.177843
0.245968
0.594378
0.625913
0.653964
0.769330
0.228776
0.273891
0.386811
0.208751
0.845978
0.154455
0.519462
0.797033
0.601564
0.241711
0.979343
0.509168
0.341402
0.765909
0.992096
0.007184
0.535924
0.629530
0.113723
0.841450
0.000047
0.148321
0.063897
0.681978
0.943239
0.431056
0.076339
0.681978
0.016552
0.010707
0.407055
0.226758
0.708015
0.462339
0.590791
0.927693
0.000425
0.826798
0.814114
0.930855
0.486328
0.432632
0.383866
0.893513
0.013743
0.548173
0.597969
0.925544
0.969609
0.207811
0.133721
0.744273
0.400991
0.822077
0.242770
0.069322
0.302237
0.625913
0.871359
0.733747
0.383866
0.278571
0.774437
0.010334
0.491363
0.844474
0.063226
0.646723
0.959163
0.382398
0.907828
0.009596
0.193676
0.715150
0.358700
0.081858
0.650344
0.259644
0.361520
0.096877
0.293579
0.455828
0.272730
0.224754
0.548173
0.986479
0.535924
0.655774
0.711585
0.927693
0.282120
0.258529
0.507460
0.928755
0.718708
0.463975
0.869959
0.818905
0.792070
0.910218
0.620492
0.706227
0.402502
0.120375
0.911401
0.910218
0.797033
0.563166
0.868552
0.512590
0.319448
0.207811
0.869959
0.683781
0.010519
0.382398
0.892223
0.603363
0.888312
0.391255
0.528969
0.405534
0.405534
0.357295
0.792070
0.221774
0.507460
0.848969
0.034572
0.570263
0.413173
0.888312
0.402502
0.596173
0.624106
0.278571
0.334643
0.826798
0.624106
0.862864
0.296034
0.318150
0.113723
0.077939
0.561396
0.711585
0.631338
0.081858
0.825229
0.424787
0.718708
0.312995
0.016552
0.432632
0.358700
0.019900
0.510878
0.408579
0.486328
0.790407
0.088632
0.271573
0.516021
0.437377
0.872753
0.842965
0.507460
0.911401
0.476330
0.198148
0.865720
0.244898
0.624106
0.792070
0.434210
0.024429
0.739020
0.440557
0.095417
0.711585
0.788742
0.563166
0.034381
0.168551
0.603363
0.208751
0.068959
0.340043
0.944174
0.968946
0.822077
0.742524
0.022245
0.978283
0.223757
0.659394
0.155930
0.312995
0.627721
0.685583
0.195455
0.539414
0.194564
0.000430
0.481317
0.769330
0.133073
0.509168
0.624106
0.820493
0.788742
0.592584
0.423228
0.652154
0.294805
0.958377
0.592584
0.659394
0.362936
0.659394
0.240655
0.289925
0.661203
0.204086
0.455828
0.564938
0.008545
0.629530
0.868552
0.245968
0.300989
0.242770
0.031021
0.561396
0.388289
0.979343
0.862864
0.239604
0.592584
0.646723
0.594378
0.889622
0.130508
0.539414
0.596173
0.196349
0.164639
0.266411
0.544664
0.053041
0.112599
0.713368
0.762477
0.292357
0.689183
0.657584
0.146908
0.928755
0.767621
0.944174
0.310439
0.065259
0.376564
0.892223
0.841450
0.970264
0.016939
0.744273
0.208751
0.382398
0.742524
0.154455
0.575601
0.817313
0.493047
0.426349
0.564938
0.680175
0.708015
0.221774
0.516021
0.068599
0.459078
0.820493
0.689183
0.238556
0.488004
0.542912
0.739020
0.062561
0.683781
0.652154
0.823655
0.434210
0.674761
0.028927
0.058549
0.842965
0.769330
0.537668
0.431056
0.462339
0.338687
0.488004
0.063897
0.765909
0.146908
0.713368
0.564938
0.601564
0.587209
0.944174
0.242770
0.386811
0.360108
0.330632
0.382398
0.314278
0.911401
0.535924
0.069322
0.742524
0.788742
0.275056
0.135025
0.767621
0.264141
0.585420
0.986875
0.005231
0.242770
0.955966
0.437377
0.769330
0.122165
0.318150
0.945100
0.097862
0.946018
0.357295
0.739020
0.397980
0.561396
0.155930
0.548173
0.427915
0.910218
0.105795
0.943239
0.354497
0.539414
0.123371
0.155930
0.672955
0.512590
0.331965
0.459078
0.629530
0.888312
0.865720
0.909027
0.070788
0.074770
0.597969
0.298504
0.069322
0.341402
0.822077
0.648533
0.968946
0.627721
0.872753
0.334643
0.541162
0.678371
0.059807
0.546417
0.601564
0.926623
0.351712
0.510878
0.155930
0.153723
0.541162
0.367205
0.194564
0.044141
0.601564
0.121565
0.910218
0.292357
0.063897
0.071905
0.438965
0.460707
0.910218
0.685583
0.222763
0.424787
0.234399
0.297267
0.318150
0.072659
0.165415
0.911401
0.438965
0.027271
0.386811
0.255206
0.771035
0.715150
0.001573
0.405534
0.488004
0.491363
0.340043
0.039139
0.113160
0.172540
0.364355
0.182856
0.314278
0.570263
0.507460
0.140690
0.563166
0.455828
0.049326
0.708015
0.170935
0.618686
0.629530
0.890926
0.058861
0.354497
0.261885
0.094455
0.890926
0.997905
0.655774
0.482985
0.597969
0.432632
0.871359
0.842965
0.282120
0.739020
0.062893
0.653964
0.978817
0.890926
0.689183
0.062893
0.537668
0.064916
0.082280
0.742524
0.392744
0.195455
0.986075
0.297267
0.029582
0.337336
0.747762
0.095902
0.064575
0.482985
0.169342
0.848969
0.546417
0.797033
0.058861
0.912577
0.482985
0.075944
0.978283
0.427915
0.767621
0.708015
0.941345
0.407055
0.015575
0.823655
0.970264
0.737265
0.124587
0.826798
0.362936
0.298504
0.986479
0.744273
0.477990
0.509168
0.147613
0.911401
0.514304
0.944174
0.955146
0.737265
0.032255
0.926623
0.120969
0.207811
0.426349
0.618686
