0.004395
0.609811
0.609811
0.695453
0.609811
0.324038
0.903141
0.000000
0.324038
0.609811
0.567380
0.609811
0.609811
0.609811
0.837243
0.265962
0.356197
0.871980
0.930179
0.525804
0.525804
0.130662
0.609811
0.485440
0.356197
0.293958
0.695453
0.426543
0.293958
0.799563
0.799563
0.103349
0.067203
0.567380
0.799563
0.930179
0.525804
0.567380
0.759608
0.005079
0.001951
0.567380
0.871980
0.930179
0.356197
0.116308
0.871980
0.052243
0.076056
0.837243
0.356197
0.525804
0.609811
0.799563
0.871980
0.609811
0.146517
0.567380
0.837243
0.695453
0.001951
0.871980
0.871980
0.567380
0.293958
0.609811
0.001951
0.567380
0.293958
0.609811
0.695453
0.525804
0.000060
0.103349
0.001448
0.871980
0.652669
0.293958
0.059294
0.052243
0.324038
0.567380
0.324038
0.059294
0.652669
0.609811
0.324038
0.903141
0.695453
0.052243
0.525804
0.903141
0.567380
0.146517
0.390394
0.837243
0.609811
0.652669
0.067203
0.903141
0.525804
0.525804
0.567380
0.567380
0.952681
0.837243
0.871980
0.567380
0.059294
0.007801
0.567380
0.000196
0.652669
0.293958
0.567380
0.837243
0.983473
0.356197
0.952681
0.609811
0.837243
0.000008
0.799563
0.837243
0.059294
0.356197
0.952681
0.000196
0.028962
0.609811
0.052243
0.485440
0.652669
0.116308
0.525804
0.146517
0.525804
0.652669
0.903141
0.525804
0.871980
0.871980
0.567380
0.695453
0.903141
0.485440
0.609811
0.103349
0.567380
0.871980
0.837243
0.652669
0.004395
0.871980
0.045969
0.001681
0.837243
0.609811
0.837243
0.837243
0.485440
0.525804
0.609811
0.001951
0.567380
0.005864
0.837243
0.903141
0.103349
0.567380
0.324038
0.485440
0.390394
0.837243
0.022157
0.903141
0.000143
0.022157
0.871980
0.903141
0.000627
0.930179
0.390394
0.799563
0.871980
0.799563
0.324038
0.293958
0.609811
0.356197
0.799563
0.525804
0.930179
0.930179
0.871980
0.001951
0.130662
0.052243
0.567380
0.695453
0.130662
0.871980
0.356197
0.022157
0.837243
0.952681
0.146517
0.567380
0.871980
0.652669
0.837243
0.324038
0.001448
0.163980
0.952681
0.609811
0.356197
0.609811
0.871980
0.871980
0.609811
0.609811
0.567380
0.871980
0.609811
0.609811
0.930179
0.871980
0.903141
0.324038
0.356197
0.837243
0.871980
0.324038
0.652669
0.903141
0.052243
0.293958
0.390394
0.837243
0.525804
0.652669
0.567380
0.903141
0.567380
0.903141
0.837243
0.609811
0.103349
0.837243
0.871980
0.652669
0.059294
0.293958
0.837243
0.525804
0.356197
0.903141
0.052243
0.000000
0.567380
0.059294
0.052243
0.567380
0.652669
0.799563
0.525804
0.837243
0.837243
0.759608
0.293958
0.652669
0.019350
0.356197
0.652669
0.356197
0.000000
0.059294
0.022157
0.609811
0.871980
0.695453
0.525804
0.052243
0.609811
0.903141
0.022157
0.903141
0.871980
0.130662
0.116308
0.000018
0.837243
0.052243
0.052243
0.609811
0.356197
0.799563
0.652669
0.903141
0.163980
0.067203
0.759608
0.567380
0.567380
0.293958
0.130662
0.609811
0.837243
0.609811
0.609811
0.609811
0.837243
0.903141
0.871980
0.903141
0.903141
0.525804
0.130662
0.485440
0.837243
0.609811
0.837243
0.609811
0.567380
0.871980
0.356197
0.006766
0.103349
0.695453
0.567380
0.799563
0.116308
0.652669
0.356197
0.652669
0.293958
0.116308
0.652669
0.609811
0.652669
0.652669
0.146517
0.903141
0.695453
0.652669
0.652669
0.001681
0.485440
0.903141
0.695453
0.567380
0.759608
0.609811
0.930179
0.567380
0.324038
0.163980
0.390394
0.871980
0.130662
0.652669
0.006766
0.091679
0.837243
0.567380
0.695453
0.025346
0.390394
0.163980
0.356197
0.130662
0.903141
0.609811
0.609811
0.525804
0.871980
0.525804
0.293958
0.005864
0.903141
0.903141
0.567380
0.130662
0.609811
0.903141
0.871980
0.871980
0.390394
0.525804
0.871980
0.652669
0.652669
0.426543
0.930179
0.146517
0.871980
0.609811
0.609811
0.390394
0.116308
0.903141
0.837243
0.871980
0.525804
0.045969
0.652669
0.871980
0.609811
0.028962
0.871980
0.130662
0.052243
0.799563
0.163980
0.525804
0.837243
0.116308
0.146517
0.567380
0.903141
0.871980
0.837243
0.356197
0.903141
0.871980
0.695453
0.652669
0.652669
0.799563
0.652669
0.183154
0.903141
0.146517
0.695453
0.356197
0.609811
0.652669
0.525804
0.695453
0.903141
0.525804
0.001681
0.163980
0.930179
0.609811
0.183154
0.390394
0.903141
0.609811
0.609811
0.146517
0.567380
0.837243
0.006766
0.930179
0.871980
0.567380
0.737602
0.356197
0.903141
0.103349
0.652669
0.567380
0.567380
0.130662
0.871980
0.609811
0.871980
0.652669
0.146517
0.903141
0.019350
0.930179
0.799563
0.871980
0.930179
0.903141
0.799563
0.567380
0.799563
0.130662
0.525804
0.052243
0.567380
0.799563
0.525804
0.930179
0.837243
0.799563
0.324038
0.952681
0.130662
0.609811
0.695453
0.390394
0.025346
0.525804
0.609811
0.903141
0.903141
0.952681
0.567380
0.059294
0.567380
0.324038
0.695453
0.695453
0.067203
0.356197
0.837243
0.293958
0.609811
0.426543
0.799563
0.525804
0.567380
0.609811
0.930179
0.695453
0.356197
0.652669
0.567380
0.652669
0.652669
0.204137
0.567380
0.567380
0.871980
0.837243
0.652669
0.567380
0.567380
0.799563
0.903141
0.837243
0.356197
0.356197
0.293958
0.837243
0.609811
0.567380
0.837243
0.052243
0.293958
0.652669
0.759608
0.324038
0.293958
0.609811
0.737602
0.356197
0.903141
0.293958
0.525804
0.067203
0.609811
0.799563
0.799563
0.930179
0.022157
0.871980
0.005864
0.837243
0.837243
0.609811
0.609811
0.146517
0.903141
0.426543
0.903141
0.022157
0.695453
0.871980
0.903141
0.085947
0.871980
0.837243
0.799563
0.695453
0.952681
0.163980
0.871980
0.033057
0.567380
0.525804
0.324038
0.837243
0.525804
0.130662
0.485440
0.609811
0.799563
0.903141
0.525804
0.293958
0.005864
0.799563
0.163980
0.356197
0.652669
0.293958
0.652669
0.799563
0.567380
0.067203
0.293958
0.324038
0.930179
0.903141
0.324038
0.019350
0.871980
0.871980
0.485440
0.609811
0.324038
0.356197
0.871980
0.930179
0.609811
0.871980
0.293958
0.002262
0.652669
0.609811
0.567380
0.356197
0.019350
0.609811
0.837243
0.567380
0.525804
0.091679
0.567380
0.837243
0.485440
0.695453
0.002622
0.567380
0.652669
0.952681
0.609811
0.001681
0.903141
0.052243
0.146517
0.930179
0.871980
0.652669
0.052243
0.903141
0.356197
0.871980
0.837243
0.837243
0.525804
0.652669
0.652669
0.871980
0.525804
0.837243
0.567380
0.609811
0.652669
0.525804
0.799563
0.567380
0.324038
0.837243
0.737602
0.525804
0.130662
0.293958
0.130662
0.146517
0.356197
0.130662
0.837243
0.837243
0.052243
0.652669
0.871980
0.970432
0.930179
0.525804
0.903141
0.695453
0.652669
0.356197
0.930179
0.265962
0.903141
0.903141
0.871980
0.567380
0.025346
0.293958
0.903141
0.837243
0.695453
0.324038
0.525804
0.799563
0.163980
0.356197
0.076056
0.930179
0.293958
0.609811
0.609811
0.609811
0.903141
0.293958
0.799563
0.695453
0.008986
0.903141
0.799563
0.103349
0.903141
0.293958
0.146517
0.952681
0.837243
0.567380
0.871980
0.163980
0.871980
0.837243
0.609811
0.695453
0.567380
0.871980
0.837243
0.356197
0.091679
0.265962
0.001448
0.525804
0.952681
0.652669
0.837243
0.903141
0.567380
0.525804
0.567380
0.903141
0.293958
0.871980
0.871980
0.695453
0.837243
0.609811
0.390394
0.652669
0.356197
0.799563
0.871980
0.799563
0.609811
0.609811
0.837243
0.525804
0.652669
0.609811
0.930179
0.025346
0.930179
0.324038
0.930179
0.871980
0.652669
0.837243
0.390394
0.952681
0.837243
0.525804
0.067203
0.799563
0.025346
0.567380
0.609811
0.567380
0.525804
0.293958
0.837243
0.799563
0.609811
0.903141
0.567380
0.567380
0.130662
0.293958
0.695453
0.837243
0.464511
0.609811
0.695453
0.837243
0.324038
0.799563
0.695453
0.146517
0.759608
0.609811
0.390394
0.871980
0.005864
0.871980
0.652669
0.485440
0.567380
0.609811
0.952681
0.609811
0.871980
0.930179
0.567380
0.567380
0.903141
0.485440
0.567380
0.871980
0.567380
0.525804
0.652669
0.005864
0.871980
0.146517
0.837243
0.324038
0.930179
0.183154
0.799563
0.903141
0.609811
0.759608
0.799563
0.871980
0.871980
0.871980
0.390394
0.930179
0.799563
0.609811
0.903141
0.324038
0.183154
0.390394
0.052243
0.799563
0.609811
0.390394
0.952681
0.609811
0.695453
0.525804
0.609811
0.799563
0.837243
0.871980
0.695453
0.390394
0.609811
0.609811
0.163980
0.146517
0.837243
0.324038
0.067203
0.799563
0.837243
0.116308
0.609811
0.567380
0.652669
0.001681
0.799563
0.567380
0.871980
0.525804
0.324038
0.837243
0.903141
0.871980
0.652669
0.609811
0.695453
0.045969
0.871980
0.652669
0.390394
0.025346
0.609811
0.052243
0.799563
0.356197
0.652669
0.076056
0.567380
0.525804
0.567380
0.567380
0.567380
0.609811
0.146517
0.609811
0.293958
0.652669
0.002262
0.356197
0.903141
0.837243
0.567380
0.567380
0.324038
0.983473
0.525804
0.293958
0.609811
0.871980
0.871980
0.871980
0.903141
0.930179
0.903141
0.005079
0.525804
0.116308
0.837243
0.183154
0.903141
0.324038
0.799563
0.567380
0.930179
0.652669
0.871980
0.871980
0.609811
0.525804
0.567380
0.146517
0.652669
0.525804
0.837243
0.567380
0.871980
0.293958
0.146517
0.930179
0.609811
0.652669
0.567380
0.116308
0.903141
0.007801
0.609811
0.609811
0.567380
0.930179
0.652669
0.903141
0.163980
0.525804
0.293958
0.390394
0.609811
0.871980
0.356197
0.567380
0.609811
0.356197
0.609811
0.609811
0.130662
0.006766
0.005864
0.293958
0.609811
0.903141
0.871980
0.652669
0.146517
0.652669
0.837243
0.952681
0.116308
0.000167
0.356197
0.485440
0.609811
0.871980
0.609811
0.903141
0.903141
0.130662
0.390394
0.799563
0.837243
0.930179
0.052243
0.525804
0.609811
0.837243
0.930179
0.609811
0.871980
0.146517
0.567380
0.652669
0.652669
0.871980
0.799563
0.652669
0.799563
0.930179
0.022157
0.930179
0.609811
0.695453
0.903141
0.116308
0.265962
0.903141
0.695453
0.652669
0.930179
0.000027
0.799563
0.059294
0.737602
0.652669
0.871980
0.930179
0.871980
0.356197
0.837243
0.930179
0.567380
0.525804
0.609811
0.525804
0.146517
0.837243
0.930179
0.903141
0.008986
0.059294
0.067203
0.837243
0.871980
0.952681
0.324038
0.871980
0.130662
0.525804
0.903141
0.293958
0.837243
0.163980
0.426543
0.356197
0.609811
0.837243
0.028962
0.324038
0.204137
0.324038
0.903141
0.871980
0.837243
0.116308
0.324038
0.059294
0.652669
0.652669
0.059294
0.567380
0.903141
0.837243
0.871980
0.567380
0.525804
0.930179
0.293958
0.567380
0.059294
0.146517
0.871980
0.871980
0.799563
0.324038
0.871980
0.837243
0.759608
0.871980
0.609811
0.837243
0.324038
0.000051
0.356197
0.324038
0.903141
0.146517
0.609811
0.000627
0.837243
0.903141
0.871980
0.837243
0.163980
0.567380
0.903141
0.903141
0.871980
0.871980
0.426543
0.485440
0.799563
0.837243
0.059294
0.116308
0.025346
0.525804
0.837243
0.871980
0.903141
0.146517
0.903141
0.871980
0.652669
0.324038
0.930179
0.837243
0.871980
0.426543
0.799563
0.525804
0.837243
0.903141
0.001681
0.799563
0.067203
0.799563
0.837243
0.059294
0.183154
0.609811
0.903141
0.609811
0.324038
0.871980
0.837243
0.567380
0.652669
0.525804
0.146517
0.567380
0.903141
0.045969
0.000627
0.903141
0.695453
0.000167
0.903141
0.903141
0.799563
0.130662
0.903141
0.609811
0.525804
0.293958
0.567380
0.837243
0.871980
0.652669
0.146517
0.930179
0.103349
0.146517
0.837243
0.903141
0.567380
0.695453
0.293958
0.293958
0.130662
0.871980
0.052243
0.837243
0.837243
0.609811
0.567380
0.609811
0.609811
0.903141
0.609811
0.609811
0.567380
0.652669
0.609811
0.652669
0.871980
0.609811
0.567380
0.356197
0.076056
0.652669
0.837243
0.059294
0.871980
0.837243
0.103349
0.567380
0.871980
0.871980
0.871980
0.871980
0.000025
0.045969
0.930179
0.525804
0.567380
0.525804
0.525804
0.390394
0.001681
0.871980
0.609811
0.903141
0.025346
0.837243
0.293958
0.837243
0.116308
0.293958
0.609811
0.871980
0.324038
0.293958
0.837243
0.567380
0.567380
0.025346
0.324038
0.837243
0.567380
0.609811
0.903141
0.837243
0.324038
0.356197
0.000143
0.871980
0.025346
0.837243
0.567380
0.485440
0.059294
0.609811
0.052243
0.652669
0.567380
0.567380
0.652669
0.356197
0.390394
0.952681
0.871980
0.426543
0.525804
0.040397
0.390394
0.799563
0.567380
0.652669
0.052243
0.265962
0.609811
0.871980
0.567380
0.952681
0.019350
0.002262
0.293958
0.002262
0.871980
0.930179
0.837243
0.871980
0.871980
0.390394
0.952681
0.652669
0.652669
0.525804
0.045969
0.485440
0.652669
0.204137
0.871980
0.871980
0.952681
0.324038
0.163980
0.007801
0.652669
0.903141
0.871980
0.103349
0.930179
0.952681
0.005079
0.903141
0.324038
0.059294
0.930179
0.609811
0.837243
0.356197
0.871980
0.485440
0.609811
0.293958
0.930179
0.930179
0.837243
0.293958
0.485440
0.837243
0.609811
0.567380
0.799563
0.871980
0.146517
0.324038
0.695453
0.837243
0.567380
0.183154
0.837243
0.567380
0.293958
0.525804
0.609811
0.837243
0.525804
0.695453
0.356197
0.799563
0.837243
0.609811
0.052243
0.091679
0.000000
0.871980
0.652669
0.005864
0.799563
0.146517
0.183154
0.837243
0.001681
0.695453
0.609811
0.025346
0.871980
0.871980
0.837243
0.695453
0.837243
0.652669
0.903141
0.871980
0.000167
0.485440
0.903141
0.146517
0.609811
0.837243
0.356197
0.324038
0.871980
0.356197
0.265962
0.052243
0.525804
0.609811
0.652669
0.609811
0.059294
0.525804
0.903141
0.485440
0.837243
0.609811
0.871980
0.930179
0.324038
0.609811
0.609811
0.485440
0.525804
0.525804
0.609811
0.022157
0.525804
0.837243
0.799563
0.837243
0.356197
0.525804
0.567380
0.903141
0.001150
0.837243
0.022157
0.871980
0.293958
0.019350
0.837243
0.837243
0.116308
0.609811
0.426543
0.356197
0.567380
0.567380
0.059294
0.016881
0.652669
0.930179
0.871980
0.903141
0.837243
0.652669
0.567380
0.567380
0.293958
0.000112
0.871980
0.952681
0.040397
0.485440
0.799563
0.609811
0.695453
0.390394
0.871980
0.324038
0.059294
0.903141
0.324038
0.609811
0.265962
0.903141
0.567380
0.426543
0.837243
0.040397
0.837243
0.903141
0.609811
0.356197
0.356197
0.903141
0.609811
0.930179
0.837243
0.903141
0.952681
0.390394
0.609811
0.525804
0.609811
0.903141
0.567380
0.525804
0.485440
0.609811
0.567380
0.059294
0.903141
0.525804
0.759608
0.059294
0.799563
0.567380
0.837243
0.609811
0.871980
0.759608
0.652669
0.652669
0.799563
0.903141
0.265962
0.163980
0.390394
0.837243
0.609811
0.930179
0.837243
0.525804
0.324038
0.609811
0.204137
0.000167
0.052243
0.837243
0.609811
0.871980
0.903141
0.871980
0.293958
0.652669
0.028962
0.871980
0.567380
0.871980
0.652669
0.293958
0.799563
0.799563
0.903141
0.609811
0.799563
0.567380
0.067203
0.045969
0.837243
0.085947
0.871980
0.116308
0.695453
0.871980
0.871980
0.356197
0.130662
0.837243
0.695453
0.001246
0.324038
0.609811
0.293958
0.903141
0.903141
0.146517
0.609811
0.293958
0.837243
0.609811
0.485440
0.871980
0.837243
0.609811
0.952681
0.356197
0.903141
0.609811
0.567380
0.871980
0.001448
0.324038
0.525804
0.163980
0.525804
0.146517
0.567380
0.952681
0.130662
0.293958
0.525804
0.903141
0.567380
0.001951
0.609811
0.759608
0.059294
0.871980
0.609811
0.695453
0.952681
0.871980
0.567380
0.022157
0.837243
0.567380
0.356197
0.871980
0.485440
0.004395
0.293958
0.609811
0.799563
0.871980
0.324038
0.163980
0.103349
0.903141
0.837243
0.652669
0.567380
0.146517
0.293958
0.525804
0.356197
0.871980
0.356197
0.609811
0.567380
0.952681
0.837243
0.265962
0.008986
0.001681
0.116308
0.930179
0.903141
0.903141
0.695453
0.130662
0.390394
0.022157
0.116308
0.609811
0.204137
0.045969
0.000070
0.005864
0.799563
0.001951
0.609811
0.005079
0.695453
0.903141
0.609811
0.356197
0.609811
0.324038
0.903141
0.871980
0.970432
0.652669
0.930179
0.609811
0.970432
0.045969
0.652669
0.356197
0.525804
0.652669
0.091679
0.293958
0.052243
0.525804
0.485440
0.356197
0.609811
0.609811
0.652669
0.903141
0.183154
0.356197
0.163980
0.116308
0.356197
0.837243
0.609811
0.059294
0.609811
0.609811
0.871980
0.952681
0.525804
0.525804
0.356197
0.567380
0.567380
0.871980
0.903141
0.067203
0.837243
0.652669
0.952681
0.652669
0.204137
0.390394
0.052243
0.001951
0.871980
0.356197
0.025346
0.837243
0.799563
0.837243
0.265962
0.903141
0.183154
0.485440
0.204137
0.759608
0.871980
0.799563
0.324038
0.324038
0.652669
0.652669
0.837243
0.005079
0.091679
0.652669
0.356197
0.525804
0.025346
0.525804
0.525804
0.390394
0.130662
0.609811
0.652669
0.871980
0.000989
0.837243
0.022157
0.525804
0.695453
0.799563
0.567380
0.903141
0.903141
0.903141
0.022157
0.837243
0.265962
0.324038
0.652669
0.871980
0.002622
0.567380
0.567380
0.293958
0.116308
0.652669
0.324038
0.390394
0.837243
0.324038
0.903141
0.116308
0.837243
0.000267
0.130662
0.652669
0.567380
0.001681
0.903141
0.485440
0.609811
0.652669
0.652669
0.837243
0.002622
0.324038
0.525804
0.871980
0.609811
0.652669
0.652669
0.903141
0.324038
0.837243
0.567380
0.485440
0.567380
0.930179
0.737602
0.116308
0.265962
0.001951
0.022157
0.871980
0.609811
0.871980
0.130662
0.067203
0.871980
0.130662
0.356197
0.871980
0.293958
0.609811
0.525804
0.871980
0.146517
0.871980
0.324038
0.759608
0.183154
0.567380
0.695453
0.652669
0.525804
0.067203
0.525804
0.356197
0.652669
0.567380
0.609811
0.609811
0.799563
0.837243
0.837243
0.652669
0.324038
0.799563
0.567380
0.837243
0.324038
0.146517
0.525804
0.609811
0.567380
0.609811
0.609811
0.390394
0.003038
0.265962
0.567380
0.067203
0.356197
0.525804
0.871980
0.609811
0.390394
0.871980
0.293958
0.903141
0.005079
0.567380
0.130662
0.799563
0.293958
0.871980
0.005864
0.695453
0.485440
0.871980
0.567380
0.265962
0.930179
0.737602
0.324038
0.567380
0.903141
0.356197
0.609811
0.567380
0.930179
0.525804
0.871980
0.525804
0.609811
0.609811
0.799563
0.871980
0.652669
0.022157
0.871980
0.293958
0.837243
0.163980
0.052243
0.293958
0.103349
0.695453
0.045969
0.293958
0.609811
0.871980
0.567380
0.952681
0.609811
0.390394
0.652669
0.871980
0.485440
0.045969
0.567380
0.052243
0.609811
0.652669
0.567380
0.609811
0.609811
0.008986
0.356197
0.567380
0.116308
0.871980
0.871980
0.609811
0.871980
0.525804
0.930179
0.052243
0.652669
0.652669
0.426543
0.837243
0.293958
0.903141
0.567380
0.567380
0.293958
0.146517
0.903141
0.695453
0.652669
0.293958
0.356197
0.871980
0.871980
0.871980
0.871980
0.146517
0.293958
0.903141
0.059294
0.163980
0.390394
0.903141
0.567380
0.871980
0.903141
0.001951
0.052243
0.045969
0.930179
0.356197
0.837243
0.652669
0.163980
0.837243
0.567380
0.903141
0.040397
0.146517
0.525804
0.022157
0.799563
0.116308
0.799563
0.052243
0.871980
0.652669
0.040397
0.525804
0.146517
0.799563
0.045969
0.903141
0.025346
0.871980
0.871980
0.799563
0.076056
0.059294
0.390394
0.930179
0.324038
0.837243
0.837243
0.903141
0.067203
0.525804
0.265962
0.871980
0.103349
0.045969
0.903141
0.871980
0.837243
0.930179
0.871980
0.609811
0.146517
0.567380
0.006766
0.871980
0.130662
0.759608
0.652669
0.609811
0.652669
0.609811
0.871980
0.609811
0.059294
0.903141
0.871980
0.837243
0.022157
0.567380
0.163980
0.293958
0.903141
0.837243
0.091679
0.324038
0.052243
0.837243
0.356197
0.652669
0.130662
0.324038
0.930179
0.871980
0.525804
0.930179
0.293958
0.525804
0.204137
0.130662
0.040397
0.293958
0.324038
0.356197
0.130662
0.609811
0.001951
0.871980
0.567380
0.130662
0.183154
0.324038
0.163980
0.324038
0.871980
0.356197
0.130662
0.324038
0.837243
0.903141
0.567380
0.903141
0.265962
0.930179
0.871980
0.103349
0.837243
0.356197
0.871980
0.390394
0.903141
0.930179
0.609811
0.485440
0.903141
0.609811
0.356197
0.837243
0.871980
0.609811
0.116308
0.609811
0.567380
0.045969
0.871980
0.609811
0.116308
0.903141
0.695453
0.903141
0.903141
0.609811
0.871980
0.324038
0.567380
0.930179
0.609811
0.130662
0.799563
0.871980
0.652669
0.025346
0.609811
0.903141
0.567380
0.485440
0.930179
0.930179
0.952681
0.871980
0.525804
0.930179
0.609811
0.390394
0.356197
0.390394
0.567380
0.052243
0.059294
0.067203
0.652669
0.567380
0.045969
0.324038
0.567380
0.426543
0.130662
0.652669
0.652669
0.652669
0.837243
0.652669
0.609811
0.525804
0.652669
0.163980
0.609811
0.903141
0.970432
0.609811
0.871980
0.695453
0.799563
0.871980
0.002622
0.871980
0.609811
0.871980
0.324038
0.695453
0.525804
0.871980
0.837243
0.609811
0.799563
0.567380
0.609811
0.609811
0.837243
0.390394
0.116308
0.837243
0.067203
0.567380
0.265962
0.930179
0.525804
0.930179
0.652669
0.871980
0.871980
0.567380
0.871980
0.567380
0.871980
0.001448
0.952681
0.000627
0.837243
0.028962
0.837243
0.567380
0.525804
0.609811
0.609811
0.525804
0.871980
0.130662
0.903141
0.609811
0.799563
0.799563
0.609811
0.652669
0.952681
0.759608
0.567380
0.837243
0.067203
0.837243
0.390394
0.293958
0.609811
0.837243
0.567380
0.567380
0.293958
0.609811
0.324038
0.652669
0.052243
0.609811
0.426543
0.871980
0.871980
0.952681
0.356197
0.163980
0.903141
0.837243
0.609811
0.059294
0.952681
0.609811
0.871980
0.652669
0.609811
0.052243
0.007801
0.609811
0.567380
0.022157
0.052243
0.183154
0.324038
0.005079
0.871980
0.146517
0.356197
0.146517
0.837243
0.652669
0.952681
0.390394
0.871980
0.052243
0.146517
0.837243
0.609811
0.930179
0.930179
0.163980
0.652669
0.952681
0.567380
0.930179
0.567380
0.652669
0.903141
0.609811
0.871980
0.871980
0.567380
0.567380
0.324038
0.903141
0.970432
0.609811
0.837243
0.567380
0.903141
0.567380
0.356197
0.356197
0.000538
0.871980
0.183154
0.567380
0.837243
0.799563
0.067203
0.059294
0.485440
0.130662
0.130662
0.930179
0.567380
0.356197
0.930179
0.356197
0.183154
0.116308
0.567380
0.695453
0.356197
0.652669
0.567380
0.567380
0.871980
0.903141
0.183154
0.903141
0.103349
0.567380
0.871980
0.324038
0.759608
0.609811
0.324038
0.356197
0.059294
0.356197
0.324038
0.293958
0.609811
0.146517
0.103349
0.356197
0.525804
0.045969
0.903141
0.609811
0.609811
0.799563
0.952681
0.356197
0.567380
0.652669
0.525804
0.293958
0.525804
0.067203
0.390394
0.609811
0.324038
0.356197
0.146517
0.324038
0.609811
0.652669
0.930179
0.567380
0.103349
0.567380
0.324038
0.871980
0.163980
0.871980
0.567380
0.903141
0.652669
0.356197
0.525804
0.567380
0.567380
0.130662
0.324038
0.485440
0.045969
0.045969
0.871980
0.903141
0.871980
0.609811
0.930179
0.390394
0.871980
0.103349
0.059294
0.005079
0.837243
0.871980
0.837243
0.652669
0.293958
0.652669
0.759608
0.525804
0.903141
0.695453
0.146517
0.609811
