0.212035
0.939233
0.012000
0.622690
0.129182
0.396898
0.594431
0.508257
0.453143
0.261041
0.287015
0.959940
0.511891
0.667134
0.033481
0.780038
0.451225
0.736932
0.286789
0.037134
0.591796
0.370918
0.830986
0.049317
0.728673
0.365375
0.246770
0.058180
0.344770
0.414948
0.157112
0.210224
0.370380
0.561724
0.502190
0.398870
0.168870
0.155905
0.577603
0.888924
0.281970
0.588101
0.208572
0.021670
0.229312
0.969007
0.251913
0.348854
0.129774
0.712418
0.262551
0.060655
0.516125
0.168697
0.667360
0.059549
0.411252
0.053362
0.991045
0.593926
0.590116
0.372853
0.794914
0.534342
0.945357
0.327850
0.944114
0.957755
0.187742
0.001556
0.825029
0.540339
0.160636
0.959940
0.212035
0.958252
0.608930
0.699621
0.204836
0.530159
0.093500
0.902107
0.023806
0.384736
0.017273
0.290074
0.474464
0.364752
0.371053
0.137706
0.959891
0.863130
0.667191
0.454002
0.369259
0.901332
0.146533
0.752270
0.019968
0.320381
0.537283
0.080653
0.136752
0.978315
0.286564
0.040670
0.560784
0.690754
0.220048
0.132427
0.513229
0.095977
0.780354
0.333384
0.983841
0.227921
0.480585
0.830306
0.241247
0.411923
0.375836
0.202299
0.096968
0.888473
0.291479
0.333216
0.118132
0.138227
0.254894
0.397836
0.355760
0.878347
0.426346
0.818355
0.342421
0.243797
0.990215
0.115532
0.509592
0.770766
0.979521
0.902532
0.192349
0.773478
0.881695
0.383037
0.747541
0.959940
0.104903
0.096418
0.464944
0.693394
0.933561
0.920382
0.071449
0.321114
0.471005
0.560011
0.534778
0.132951
0.157228
0.674870
0.400329
0.511356
0.064351
0.881147
0.371458
0.431890
0.151563
0.492517
0.357117
0.274725
0.763064
0.710913
0.839879
0.374976
0.716203
0.090877
0.014682
0.981986
0.818654
0.598022
0.213259
0.642816
0.124988
0.404156
0.531299
0.079837
0.877022
0.926486
0.011526
0.831859
0.231860
0.501766
0.296070
0.039112
0.601898
0.958078
0.759460
0.409579
0.852766
0.341655
0.654979
0.781670
0.305882
0.177325
0.767457
0.236598
0.574874
0.639930
0.172563
0.391531
0.622521
0.310636
0.712529
0.944433
0.422398
0.314476
0.546030
0.157671
0.913051
0.553447
0.104903
0.452738
0.014134
0.379198
0.774540
0.801599
0.791392
0.640722
0.953214
0.845600
0.105645
0.280894
0.930102
0.811297
0.271066
0.977154
0.801394
0.839355
0.249095
0.354450
0.677014
0.657976
0.807355
0.455825
0.887939
0.876164
0.520482
0.003848
0.485749
0.188309
0.574318
0.433911
0.255928
0.259852
0.968442
0.114234
0.972117
0.286376
0.092114
0.620658
0.685298
0.470181
0.030452
0.123616
0.957029
0.830112
0.799087
0.303251
0.038216
0.447954
0.217118
0.598078
0.935805
0.751130
0.210638
0.341314
0.760807
0.602235
0.941343
0.454204
0.534723
0.851473
0.263609
0.683946
0.298231
0.650736
0.039591
0.182485
0.286001
0.593926
0.044441
0.795482
0.634218
0.553447
0.031538
0.262234
0.936897
0.023362
0.655771
0.786023
0.831811
0.165705
0.419777
0.573594
0.622803
0.636650
0.249806
0.578160
0.399528
0.421523
0.266480
0.704882
0.628848
0.965635
0.665552
0.341867
0.312352
0.207019
0.568427
0.821381
0.657128
0.577268
0.886164
0.167564
0.799190
0.033026
0.860161
0.028871
0.144223
0.556257
0.691428
0.935208
0.868505
0.808469
0.676168
0.332589
0.247073
0.069913
0.118022
0.161325
0.542909
0.584690
0.812555
0.532874
0.306395
0.187742
0.375609
0.898441
0.240127
0.365775
0.707732
0.208660
0.570982
0.685241
0.981212
0.964878
0.473482
0.150303
0.723474
0.555871
0.069106
0.009402
0.174740
0.605778
0.150035
0.177506
0.022672
0.444145
0.031538
0.997147
0.849013
0.204749
0.817310
0.652546
0.889088
0.082266
0.319690
0.352231
0.551191
0.478817
0.777610
0.074333
0.972352
0.442347
0.081489
0.364575
0.451880
0.661313
0.099887
0.064213
0.808874
0.520212
0.130626
0.360062
0.694124
0.367604
0.005739
0.130328
0.732147
0.418712
0.617216
0.312832
0.701413
0.733028
0.878304
0.899461
0.558298
0.939233
0.053032
0.298386
0.075870
0.311274
0.099714
0.100471
0.598808
0.246401
0.861558
0.110948
0.099307
0.047375
0.382166
0.657241
0.241544
0.716481
0.799190
0.748630
0.093693
0.212602
0.294803
0.637838
0.279453
0.864961
0.457804
0.875992
0.449764
0.027886
0.252118
0.605272
0.742466
0.534234
0.295609
0.444145
0.262868
0.151722
0.797133
0.816012
0.196964
0.232564
0.606904
0.760268
0.280192
0.472552
0.016191
0.421912
0.293386
0.441998
0.202443
0.210550
0.567262
0.248116
0.227921
0.980211
0.311433
0.171083
0.636593
0.581060
0.325745
0.429187
0.373034
0.275856
0.297883
0.846819
0.212811
0.282415
0.929380
0.688224
0.584187
0.578996
0.445897
0.830598
0.471572
0.537610
0.354407
0.832972
0.084693
0.973864
0.158420
0.011633
0.558630
0.770446
0.037422
0.379745
0.915013
0.525609
0.025641
0.242503
0.889252
0.892018
0.193481
0.053774
0.176631
0.285513
0.931665
0.282973
0.655318
0.293845
0.758921
0.257901
0.664535
0.002727
0.537610
0.560453
0.013516
0.562886
0.029043
0.640722
0.262868
0.567041
0.761398
0.702477
0.363155
0.121359
0.606622
0.215966
0.936959
0.010836
0.513926
0.971388
0.416490
0.804305
0.313674
0.710913
0.066460
0.517898
0.350843
0.561558
0.667360
0.830598
0.113774
0.668942
0.786912
0.979844
0.831762
0.429776
0.413554
0.219374
0.373304
0.433763
0.704826
0.851241
0.840117
0.203795
0.864381
0.778244
0.744051
0.534560
0.619811
0.330380
0.916308
0.198287
0.113563
0.439857
0.170758
0.984504
0.403966
0.765638
0.323117
0.731155
0.672951
0.530973
0.928323
0.505805
0.930723
0.153836
0.966840
0.638516
0.408767
0.357292
0.288296
0.209279
0.721091
0.108217
0.553282
0.656506
0.335564
0.432925
0.653112
0.788373
0.012242
0.640722
0.299936
0.417938
0.665948
0.096509
0.063581
0.766602
0.864471
0.555099
0.946954
0.362889
0.310357
0.560176
0.260411
0.109115
0.453951
0.626249
0.231892
0.011947
0.716370
0.391810
0.236890
0.538701
0.848687
0.580781
0.150550
0.026753
0.617780
0.863174
0.356942
0.521452
0.765799
0.946699
0.129912
0.283271
0.597404
0.955093
0.434306
0.335859
0.956549
0.808621
0.533798
0.268551
0.324799
0.910882
0.314517
0.674532
0.414179
0.033493
0.213289
0.031238
0.801599
0.287806
0.018589
0.024878
0.118863
0.794811
0.673346
0.133517
0.414756
0.899305
0.483608
0.567373
0.781197
0.792481
0.056124
0.478610
0.904910
0.918870
0.198682
0.972078
0.389860
0.181276
0.381480
0.766816
0.299936
0.507297
0.121826
0.790612
0.746670
0.006895
0.298192
0.823898
0.166437
0.041712
0.980980
0.771937
0.573872
0.228774
0.707285
0.639308
0.253829
0.499433
0.907637
0.732478
0.383174
0.862816
0.688730
0.195844
0.693226
0.329300
0.183649
0.417165
0.073074
0.374298
0.389860
0.071018
0.794811
0.862053
0.757303
0.462643
0.565156
0.799087
0.694180
0.254653
0.619473
0.458973
0.046179
0.923465
0.023103
0.860251
0.929149
0.750478
0.275600
0.808368
0.101201
0.913889
0.043901
0.676168
0.957879
0.784400
0.723031
0.150707
0.152242
0.822617
0.328098
0.236500
0.568705
0.448557
0.145004
0.202845
0.701861
0.824489
0.404156
0.202988
0.833503
0.576377
0.619360
0.766816
0.826648
0.857485
0.033210
0.197695
0.797184
0.210431
0.856482
0.136133
0.929479
0.419971
0.451578
0.730549
0.450872
0.654187
0.828359
0.934546
0.193204
0.658994
0.213918
0.521344
0.924217
0.346142
0.888637
0.288447
0.041492
0.074164
0.061739
0.929479
0.723640
0.871313
0.876679
0.070268
0.628000
0.825815
0.424930
0.634388
0.635406
0.774646
0.139843
0.005722
0.632409
0.146774
0.875174
0.634049
0.232724
0.571704
0.222792
0.338896
0.283048
0.846256
0.068936
0.226316
0.641458
0.680172
0.367827
0.700181
0.479441
0.961257
0.224284
0.868814
0.816561
0.689798
0.230711
0.297188
0.284727
0.748521
0.633709
0.194284
0.009416
0.868593
0.670298
0.534016
0.583908
0.499751
0.826648
0.124605
0.535268
0.810793
0.133659
0.475706
0.660465
0.354930
0.409340
0.302586
0.789311
0.933816
0.982016
0.051662
0.179447
0.302664
0.454761
0.125929
0.780828
0.794087
0.077698
0.910290
0.947011
0.175045
0.889661
0.090027
0.735778
0.286564
0.538592
0.096677
0.059529
0.524960
0.418857
0.282639
0.671258
0.312632
0.715424
0.920382
0.413986
0.401366
0.139401
0.979811
0.604147
0.075820
0.129754
0.996566
0.310556
0.307422
0.477935
0.032243
0.069753
0.214279
0.599931
0.411061
0.901604
0.453496
0.148186
0.012528
0.793776
0.847707
0.858076
0.981896
0.376244
0.686255
0.755790
0.104444
0.266444
0.428647
0.870701
0.171333
0.820837
0.402263
0.243066
0.499751
0.780512
0.613889
0.653395
0.671314
0.384966
0.742849
0.741427
0.149565
0.452133
0.327602
0.291327
0.790040
0.957455
0.981730
0.988455
0.191223
0.986365
0.622239
0.184339
0.206231
0.155098
0.854697
0.736273
0.430365
0.707900
0.871225
0.310198
0.648756
0.858621
0.018098
0.600774
0.053523
0.990276
0.320748
0.178565
0.184179
0.787069
0.163142
0.718537
0.280931
0.162974
0.714701
0.076463
0.666287
0.264033
0.213050
0.766709
0.000416
0.224720
0.687436
0.720314
0.018261
0.931859
0.370514
0.071952
0.795017
0.943910
0.617216
0.078850
0.701637
0.510607
0.777505
0.678142
0.606172
0.925068
0.302664
0.310198
0.778825
0.746779
0.826109
0.645644
0.954054
0.894873
0.021879
0.747868
0.629865
0.221556
0.490572
0.447401
0.812756
0.065603
0.812756
0.370425
0.555871
0.009849
0.004548
0.517468
0.602291
0.649039
0.523394
0.148986
0.860432
0.896783
0.434257
0.391531
0.414659
0.166902
0.497000
0.503571
0.137374
0.131184
0.559348
0.693450
0.025523
0.538592
0.715925
0.852812
0.070383
0.955888
0.605159
0.050494
0.271354
0.545153
0.984694
0.048435
0.659730
0.566154
0.475033
0.757249
0.421086
0.158748
0.628961
0.065462
0.704994
0.115389
0.122314
0.558298
0.453345
0.483555
0.249840
0.025326
0.297304
0.535050
0.272221
0.024975
0.431742
0.511356
0.416442
0.831326
0.562388
0.686423
0.651075
0.687099
0.716759
0.581674
0.037319
0.291441
0.021879
0.756330
0.222638
0.914325
0.243464
0.629187
0.852489
0.486587
0.181748
0.561282
0.446549
0.803591
0.431299
0.851195
0.041062
0.031786
0.485593
0.649435
0.983994
0.792844
0.547401
0.638516
0.296186
0.472913
0.398964
0.184818
0.109047
0.722698
0.233591
0.822123
0.055928
0.888309
0.669902
0.189421
0.792533
0.986911
0.294189
0.790612
0.076475
0.962966
0.457296
0.365064
0.573928
0.945759
0.406576
0.021961
0.753517
0.847099
0.554493
0.348811
0.088801
0.794449
0.975307
0.068396
0.738907
0.952472
0.430808
0.724415
0.416490
0.349847
0.784767
0.196123
0.510286
0.118973
0.848454
0.339108
0.126372
0.827333
0.393253
0.003427
0.194340
0.409722
0.207545
0.719259
0.262164
0.756330
0.866339
0.908201
0.543456
0.799138
0.990316
0.825815
0.184419
0.220662
0.690473
0.333886
0.735119
0.744815
0.683890
0.237900
0.826990
0.214069
0.403209
0.781407
0.863756
0.342208
0.986138
0.993984
0.861648
0.940804
0.742357
0.828261
0.754600
0.841399
0.836295
0.638912
0.258214
0.925102
0.295225
0.345027
0.688617
0.986702
0.491991
0.878304
0.387362
0.148408
0.208396
0.639817
0.361341
0.130071
0.824931
0.522153
0.743832
0.518866
0.123048
0.135003
0.505539
0.036117
0.133274
0.229439
0.785291
0.250416
0.212930
0.213169
0.507510
0.545318
0.776447
0.156044
0.291517
0.589892
0.081528
0.367961
0.726297
0.472139
0.301883
0.218457
0.494888
0.851796
0.262164
0.007242
0.583852
0.882032
0.495785
0.051644
0.548609
0.722588
0.124414
0.978899
0.140879
0.550641
0.436433
0.662274
0.709742
0.596899
0.076562
0.634162
0.425662
0.364353
0.538047
0.269878
0.615862
0.398823
0.249738
0.748684
0.370829
0.463307
0.054828
0.472449
0.571593
0.625401
0.068161
0.497581
0.817509
0.389026
0.717315
0.679326
0.631731
0.242668
0.727734
0.122615
0.330130
0.305686
0.700461
0.900126
0.889987
0.504475
0.767351
0.010422
0.576322
0.336996
0.745088
0.745743
0.897258
0.038440
0.475395
0.000375
0.579052
0.370335
0.519243
0.059027
0.221556
0.110037
0.998409
0.494097
0.005747
0.434553
0.279933
0.704994
0.557029
0.738139
0.238684
0.103548
0.514194
0.007242
0.289203
0.624610
0.422787
0.401460
0.869122
0.161063
0.353100
0.839736
0.588493
0.464944
0.158162
0.480117
0.907976
0.458668
0.254310
0.212542
0.681919
0.402830
0.608029
0.385978
0.179864
0.946982
0.545318
0.030999
0.945415
0.972332
0.711749
0.610169
0.779827
0.969257
0.845928
0.431004
0.302078
0.616595
0.260691
0.069742
0.864783
0.302625
0.902455
0.344214
0.094484
0.496841
0.812655
0.616934
0.568538
0.455622
0.404867
0.436433
0.230838
0.756763
0.280229
0.890313
0.662387
0.767244
0.407671
0.281487
0.301220
0.131224
0.932985
0.686423
0.419196
0.875863
0.279085
0.749772
0.209308
0.041677
0.634840
0.651641
0.917345
0.199873
0.514623
0.575987
0.514194
0.550202
0.105117
0.946415
0.199362
0.690585
0.540995
0.856938
0.520966
0.621053
0.135270
0.957904
0.033697
0.508631
0.393766
0.365508
0.111901
0.705944
0.573483
0.215846
0.439260
0.620601
0.116681
0.030961
0.183702
0.419099
0.861468
0.879071
0.671935
0.835382
0.134534
0.428304
0.924626
0.425321
0.695920
0.558188
0.271968
0.098170
0.032746
0.231892
0.514301
0.608593
0.501606
0.931794
0.678480
0.161468
0.703428
0.270705
0.486744
0.528532
0.571704
0.288485
0.931179
0.053828
0.715146
0.540448
0.934735
0.060846
0.423955
0.602179
0.708625
0.118698
0.942649
0.261532
0.385196
0.543565
0.268014
0.004272
0.528532
0.806797
0.108488
0.288560
0.026309
0.187580
0.562775
0.550202
0.313633
0.487267
0.139086
0.867358
0.956347
0.462847
0.852489
0.577658
0.466430
0.123067
0.071940
0.092982
0.661652
0.604091
0.225783
0.502615
0.796875
0.440802
0.286714
0.111173
0.816561
0.525988
0.257797
0.141049
0.419535
0.942649
0.127128
0.167687
0.263115
0.544003
0.613043
0.974665
0.659899
0.501447
0.118351
0.346271
0.581395
0.677578
0.143531
0.948608
0.899813
0.748086
0.230551
0.862906
0.697379
0.632296
0.144743
0.764781
0.860973
0.009522
0.977551
0.134371
0.445897
0.607410
0.331879
0.078940
0.729004
0.144634
0.630430
0.123787
0.230488
0.698836
0.558519
0.130170
0.829577
0.067041
0.622465
0.312512
0.492359
0.290339
0.859935
0.159902
0.562775
0.923773
0.649491
0.732423
0.060164
0.845975
0.195928
0.854468
0.490414
0.147038
0.145898
0.717371
0.604203
0.228964
0.381251
0.498639
0.846725
0.691653
0.743286
0.187526
0.935617
0.845083
0.535104
0.152446
0.470799
0.476794
0.611127
0.157438
0.126604
0.450670
0.925305
0.111432
0.461163
0.607804
0.037577
0.620884
0.744051
0.829820
0.247745
0.488997
0.144982
0.455977
0.989834
0.869824
0.976648
0.193924
0.058529
0.336954
0.882746
0.416345
0.979972
0.822666
0.957305
0.243398
0.094604
0.052080
0.569038
0.917772
0.744761
0.100439
0.459431
0.819598
0.268121
0.155813
0.236436
0.011643
0.148319
0.177557
0.787695
0.692327
0.838831
0.795947
0.117260
0.816512
0.902802
0.923773
0.835959
0.808165
0.691934
0.591908
0.055556
0.124796
0.508844
0.731706
0.744215
0.329300
0.545153
0.224908
0.887363
0.980036
0.224159
0.423079
0.037850
0.084152
0.358653
0.573817
0.745361
0.584578
0.416297
0.016567
0.300520
0.212184
0.319893
0.386255
0.118954
0.767244
0.663235
0.898952
0.493307
0.086823
0.430021
0.514247
0.034542
0.274980
0.506285
0.266267
0.112983
0.935617
0.914288
0.088053
0.035321
0.424004
0.908650
0.796772
0.713810
0.679101
0.516985
0.325333
0.788008
0.551081
0.696762
0.250892
0.102240
0.298270
0.568483
0.547675
0.122860
0.801752
0.146708
0.291137
0.788478
0.728728
0.461418
0.500599
0.116106
0.722477
0.116663
0.983883
0.902802
0.350756
0.425516
0.327395
0.379973
0.416442
0.414323
0.387870
0.639421
0.853365
0.031803
0.650227
0.802775
0.111398
0.543456
0.387362
0.418615
0.980147
0.576878
0.534560
0.308689
0.523610
0.619078
0.426640
0.144895
0.938928
0.939870
0.186960
0.546962
0.413074
0.730273
0.643098
0.207399
0.623255
0.850222
0.067793
0.538701
0.453547
0.270129
0.138520
0.728396
0.291783
0.440603
0.266053
0.514569
0.784138
0.295071
0.147876
0.024712
0.987179
0.374207
0.166168
0.341144
0.320259
0.629470
0.566708
0.726131
0.157741
0.501712
0.750587
0.236923
0.532874
0.585416
0.314195
0.199759
0.262657
0.549213
0.640609
0.857985
0.126779
0.327809
0.140900
0.428059
0.625288
0.142072
0.350756
0.606341
0.560784
0.942767
0.030135
0.446749
0.681862
0.679213
0.049701
0.540175
0.218091
0.026005
0.164904
0.218243
0.762205
0.591460
0.118059
0.484809
0.093827
0.802417
0.524474
0.984748
0.826354
0.873184
0.356241
0.923121
0.872141
0.288221
0.671088
0.959137
0.789155
0.676281
0.477623
0.828798
0.054544
0.245698
0.137831
0.716148
0.536357
0.850314
0.001210
0.932889
0.170260
0.301103
0.892261
0.375519
0.560563
0.844236
0.568095
0.696481
0.924796
0.994774
0.737591
0.841874
0.043931
0.737316
0.701749
0.948442
0.883709
0.406244
0.627718
0.507830
0.744542
0.145287
0.331046
0.959940
0.229883
0.487372
0.945902
0.154661
0.249467
0.485383
0.524582
0.142072
0.656958
0.457550
0.266124
0.965079
0.691878
0.597966
0.207575
0.962572
0.166804
0.639648
0.040740
0.715814
0.874224
0.110260
0.489312
0.359753
0.727126
0.274289
0.731321
0.996691
0.442547
0.322871
0.622408
0.045157
0.665722
0.040747
0.701525
0.099636
0.182406
0.950995
0.815212
0.889906
0.643551
0.717426
0.329134
0.016138
0.422981
0.807405
0.901836
0.107729
0.380201
0.830841
0.892503
0.846772
0.135147
0.097229
0.570259
0.828554
0.635802
0.092820
0.996740
0.715814
0.505060
0.217057
0.263856
0.798882
0.004305
0.924762
0.693787
0.596955
0.801548
0.646832
0.735888
0.547072
0.878091
0.237835
0.319568
0.811297
0.020405
0.373891
0.418615
0.291023
0.637611
0.623481
0.656958
0.161039
0.054172
0.957330
0.651132
0.770020
0.779458
0.447251
0.541049
0.391857
0.574930
0.683721
0.862188
0.481730
0.919047
0.628622
0.994181
0.915518
0.603416
0.770073
0.299898
0.734184
0.168081
0.773425
0.721645
0.320788
0.782774
0.967121
0.725135
0.602291
0.266338
0.674870
0.723806
0.455166
0.912612
0.591684
0.158045
0.225752
0.587150
0.960637
0.998154
0.014797
0.828554
0.133720
0.836343
0.561503
0.814812
0.731376
0.729280
0.145004
0.536684
0.178980
0.672951
0.182564
0.499963
0.871487
0.123408
0.631278
0.551136
0.778667
0.795431
0.952976
0.620658
0.812404
0.644117
0.479337
0.213709
0.925034
0.290985
0.255101
0.644909
0.043729
0.716259
0.623481
0.392322
0.409913
0.113633
0.031964
0.875519
0.321971
0.985623
0.014499
0.704994
0.602966
0.670636
0.839355
0.499274
0.715424
0.537883
0.359665
0.885459
0.856299
0.388286
0.259852
0.135927
0.183357
0.342421
0.457296
0.163190
0.359181
0.601336
0.379882
0.305489
0.792585
0.130925
0.249433
0.917381
0.831132
0.164202
0.654526
0.962292
0.348336
0.395073
0.038400
0.888883
0.843434
0.428941
0.486639
0.691541
0.331171
0.652942
0.894713
0.211648
0.554769
0.293500
0.376879
0.215423
0.140922
0.267514
0.763386
0.107611
0.295225
0.596057
0.894072
0.531624
0.971843
0.058412
0.127342
0.768579
0.762205
0.411683
0.610226
0.465405
0.234171
0.486901
0.968526
0.773956
0.207194
0.392322
0.127770
0.521182
0.792896
0.892422
0.100851
0.910104
0.914180
0.802059
0.973864
0.350193
0.834468
0.562222
0.173902
0.019025
0.656676
0.435295
0.702197
0.552841
0.405626
0.465405
0.079246
0.218976
0.223444
0.476120
0.160636
0.298270
0.327643
0.532874
0.488577
0.659447
0.571759
0.703820
0.466430
0.778033
0.001554
0.453294
0.394139
0.416972
0.529129
0.616708
0.296879
0.527720
0.249670
0.606453
0.964653
0.717871
0.599875
0.887898
0.144851
0.615806
0.371593
0.199277
0.022882
0.517199
0.297226
0.735723
0.616200
0.280709
0.544825
0.866516
0.267157
0.593422
0.859211
0.813057
0.377378
0.736712
0.277173
0.689461
0.957755
0.356810
0.771777
0.008699
0.207194
0.468175
0.121117
0.709518
0.108606
0.507670
0.731486
0.122164
0.039830
0.499063
0.988967
0.068902
0.200584
0.201841
0.113951
0.375157
0.298115
0.210994
0.826599
0.862188
0.354276
0.579108
0.935177
0.595945
0.803438
0.313874
0.808368
0.019334
0.056717
0.967828
0.423079
0.384046
0.995904
0.744597
0.131544
0.450872
0.738468
0.208955
0.734404
0.182749
0.973826
0.296995
0.017701
0.113563
0.704770
0.320829
0.137790
0.991150
0.178798
0.917772
0.733799
0.132266
0.272619
0.719093
0.348983
0.864114
0.245096
0.653678
0.093041
0.231189
0.480221
0.272149
0.890191
0.610169
0.519135
0.494783
0.259154
0.453496
0.041308
0.686874
0.630657
0.308213
0.289468
0.764191
0.007535
0.468175
0.112249
0.854422
0.006738
0.986825
0.019804
0.774327
0.297767
0.991188
0.843245
0.829869
0.803438
0.378606
0.284989
0.265947
0.663631
0.963541
0.514998
0.479857
0.558133
0.549103
0.071123
0.158420
0.444245
0.454559
0.047383
0.937238
0.715313
0.948636
0.301610
0.753950
0.532602
0.991855
0.908013
0.847707
0.716370
0.904529
0.231956
0.580446
0.426786
0.370110
0.791703
0.934609
0.719315
0.840877
0.911583
0.027295
0.799600
0.894753
0.584578
0.559845
0.336574
0.824390
0.014661
0.147148
0.478506
0.016817
0.081489
0.932632
0.343317
0.472810
0.517361
0.900126
0.194701
0.436730
0.072635
0.527395
0.182406
0.138248
0.126701
0.062509
0.182696
0.349286
0.007535
0.554989
0.277357
0.121079
0.151045
0.684453
0.199220
0.114517
0.614170
0.416586
0.279601
0.201583
0.346228
0.503305
0.481366
0.340634
0.647568
0.412450
0.384966
0.730659
0.662217
0.481418
0.788060
0.874354
0.212154
0.363376
0.062128
0.518275
0.421037
0.852027
0.485174
0.236695
0.123086
0.678649
0.490624
0.788060
0.753571
0.583908
0.934482
0.591516
0.823307
0.897219
0.652263
0.022169
0.470181
0.805069
0.444345
0.629526
0.953425
0.545318
0.109917
0.068576
0.194673
0.147965
0.205300
0.290301
0.248960
0.927591
0.775123
0.547456
0.243498
0.775547
0.018821
0.981011
0.755574
0.882410
0.953583
0.331754
0.828163
0.099260
0.678875
0.620150
0.311234
0.568705
0.959940
0.554989
0.068531
0.941283
0.169589
0.062840
0.685241
0.649887
0.376788
0.153083
0.563882
0.401885
0.677127
0.660747
0.752216
0.972565
0.744488
0.889293
0.991131
0.422981
0.476949
0.112773
0.890680
0.135003
0.597404
0.490782
0.224284
0.468843
0.894393
0.765371
0.053237
0.146248
0.724139
0.731927
0.800575
0.043233
0.363687
0.997138
0.708570
0.664139
0.243199
0.881358
0.930723
0.893229
0.119837
0.451729
0.001159
0.237966
0.359929
0.584466
0.181223
0.995019
0.203968
0.770340
0.618231
0.344471
0.419147
0.105976
0.519028
0.224908
0.484704
0.371998
0.756222
0.639421
0.336153
0.276917
0.713810
0.651811
0.248150
0.726407
0.014391
0.627040
0.522746
0.169341
0.959940
