0.465577
0.594258
0.787007
0.951777
0.969525
0.769974
0.530072
0.487175
0.931498
0.818692
0.220882
0.390588
0.870952
0.789137
0.522621
0.479389
0.728051
0.754489
0.000000
0.000000
0.000000
0.000000
0.000000
0.000000
0.000000
0.000000
0.000000
0.000000
0.000000
0.000000
0.000000
0.000000
0.000000
0.000000
0.000000
0.000000
0.341079
0.523967
0.662270
0.798620
0.505427
0.302751
0.239069
0.188056
0.689462
0.312152
0.506075
0.514576
0.341810
0.319714
0.514397
0.624888
0.817609
0.940922
0.000000
0.000000
0.000000
0.000000
0.000000
0.000000
0.000000
0.000000
0.000000
0.000000
0.000000
0.000000
0.000000
0.000000
0.000000
0.000000
0.000000
0.000000
0.394841
0.639779
0.833029
0.698127
0.799981
0.588201
0.895978
0.865962
0.860756
0.976677
0.600801
0.425138
0.426269
0.424234
0.373310
0.263157
0.263917
0.367851
0.546381
0.594248
0.943760
0.746085
0.578339
0.535554
0.404183
0.165462
0.213679
0.184080
0.121117
0.164441
0.239991
0.254333
0.154724
0.227390
0.324569
0.313644
0.782931
0.618061
0.752725
0.810527
0.812928
0.747450
0.722140
0.844025
0.909561
0.125153
0.206782
0.500883
0.408533
0.252048
0.220795
0.266764
0.486070
0.793532
0.000000
0.000000
0.000000
0.000000
0.000000
0.000000
0.000000
0.000000
0.000000
0.000000
0.000000
0.000000
0.000000
0.000000
0.000000
0.000000
0.000000
0.000000
0.279690
0.241731
0.211154
0.169202
0.242087
0.416060
0.506414
0.604720
0.538701
0.521916
0.678801
0.513772
0.467754
0.289698
0.279571
0.386077
0.321151
0.394689
0.000000
0.000000
0.000000
0.000000
0.000000
0.000000
0.000000
0.000000
0.000000
0.000000
0.000000
0.000000
0.000000
0.000000
0.000000
0.000000
0.000000
0.000000
0.000000
0.000000
0.000000
0.000000
0.000000
0.000000
0.000000
0.000000
0.000000
0.000000
0.000000
0.000000
0.000000
0.000000
0.000000
0.000000
0.000000
0.000000
0.000000
0.000000
0.000000
0.000000
0.000000
0.000000
0.000000
0.000000
0.000000
0.000000
0.000000
0.000000
0.000000
0.000000
0.000000
0.000000
0.000000
0.000000
0.000000
0.000000
0.000000
0.000000
0.000000
0.000000
0.000000
0.000000
0.000000
0.000000
0.000000
0.000000
0.000000
0.000000
0.000000
0.000000
0.000000
0.000000
0.000000
0.000000
0.000000
0.000000
0.000000
0.000000
0.000000
0.000000
0.000000
0.000000
0.000000
0.000000
0.000000
0.000000
0.000000
0.000000
0.000000
0.000000
0.289464
0.125307
0.155111
0.328171
0.553310
0.936969
0.656716
0.607681
0.916683
0.773587
0.797416
1.000000
0.976342
0.800411
0.681772
0.700651
0.903256
0.994939
0.000000
0.000000
0.000000
0.000000
0.000000
0.000000
0.000000
0.000000
0.000000
0.000000
0.000000
0.000000
0.000000
0.000000
0.000000
0.000000
0.000000
0.000000
