0.681562
0.029194
0.785668
0.745336
0.619711
0.910535
0.273063
0.296082
0.736007
0.760257
0.164594
0.203078
0.583992
0.764834
0.385917
0.045715
0.764834
0.429909
0.773923
0.808614
0.565030
0.338980
0.574491
0.752821
0.618601
0.046793
0.785668
0.773923
0.711331
0.199149
0.042378
0.302691
0.242821
0.281231
0.193462
0.748193
0.482024
0.009092
0.589857
0.638969
0.953958
0.965518
0.476575
0.958294
0.911745
0.569755
0.178716
0.990688
0.182313
0.069165
0.961620
0.122098
0.001457
0.864939
0.504454
0.834839
0.356760
0.716075
0.938912
0.100810
0.838921
0.629334
0.117622
0.733123
0.434104
0.041394
0.764834
0.896710
0.740680
0.838921
0.540508
0.545169
0.495427
0.507246
0.681562
0.262067
0.039980
0.736007
0.874714
0.328280
0.125960
0.317020
0.495427
0.400266
0.621560
0.814552
0.251410
0.993408
0.211124
0.467784
0.535860
0.857262
0.924518
0.716075
0.062298
0.259085
0.936283
0.701812
0.105476
0.463418
0.941482
0.621560
0.874714
0.859642
0.152904
0.123705
0.472169
0.728426
0.731318
0.778434
0.571576
0.114563
0.972974
0.981236
0.350766
0.303461
0.003507
0.230472
0.540508
0.867266
0.266938
0.775661
0.695935
0.996322
0.752821
0.832308
0.898779
0.429909
0.067622
0.889856
0.569755
0.253200
0.385917
0.516364
0.924518
0.654541
0.924518
0.745336
0.904116
0.002838
0.073748
0.463418
0.681562
0.368070
0.987327
0.884175
0.671950
0.507246
0.676758
0.384409
0.968492
0.902099
0.520947
0.728426
0.832308
0.637116
0.676758
0.648609
0.036165
0.667139
0.113060
0.782920
0.271167
0.366607
0.466102
0.552726
0.801611
0.874714
0.616752
0.421587
0.247417
0.641935
0.313591
0.250296
0.121729
0.673800
0.291568
0.231099
0.757431
0.028762
0.565030
0.773923
0.683408
0.472169
0.582162
0.599413
0.608996
0.591692
0.898779
0.915562
0.396265
0.414934
0.582162
0.002468
0.582162
0.540508
0.120144
0.582162
0.828167
0.871012
0.989824
0.111008
0.499932
0.486473
0.902099
0.785668
0.117029
0.429909
0.832308
0.548044
0.408341
0.998033
0.565030
0.781197
0.545169
0.104936
0.144888
0.355900
0.344839
0.853361
0.766589
0.204023
0.676758
0.440929
0.817172
0.616752
0.974580
0.684515
0.797237
0.821403
0.322616
0.651575
0.226742
0.274969
0.716075
0.021506
0.021182
0.996037
0.361952
0.284401
0.369537
0.706576
0.436697
0.343438
0.352187
0.266238
0.341204
0.245659
0.454750
0.613796
0.084453
0.498197
0.876968
0.716075
0.934636
0.703645
0.360505
0.301412
0.075818
0.467784
0.361952
0.452100
0.129669
0.516364
0.348500
0.698875
0.668990
0.288339
0.689309
0.607151
0.338980
0.941482
0.790113
0.560316
0.832308
0.812909
0.664176
0.681562
0.632298
0.716075
0.251410
0.228394
0.150976
0.681562
0.378117
0.773923
0.233829
0.611949
0.034603
0.364275
0.711331
0.463418
0.523775
0.651575
0.996756
0.308107
0.930208
0.958294
0.236584
0.269988
0.737806
0.383506
0.460742
0.486473
0.146032
0.150976
0.629334
0.256130
0.067622
0.552726
0.566846
0.483733
0.299373
0.542299
0.176519
0.256130
0.286365
0.661212
0.681562
0.254324
0.537646
0.823990
0.867266
0.314907
0.005146
0.594631
0.185443
0.371891
0.025573
0.091163
0.589857
0.410845
0.303461
0.348500
0.569755
0.641935
0.823990
0.425737
0.681562
0.200079
0.631187
0.931912
0.121484
0.483733
0.215637
0.447811
0.392288
0.051177
0.105476
0.416512
0.068206
0.982031
0.283178
0.979898
0.938912
0.022586
0.951700
0.637116
0.112487
0.203078
0.396265
0.884175
0.805955
0.246757
0.748193
0.014446
0.296082
0.136962
0.836413
0.337595
0.930208
0.002493
0.794532
0.782920
0.678606
0.224690
0.088720
0.873295
0.361952
0.020355
0.007223
0.562128
0.697038
0.070135
0.229431
0.846972
0.169573
0.594631
0.616752
0.773923
0.857262
0.599413
0.273063
0.064631
0.889856
0.001052
0.538719
0.363402
0.419997
0.737806
0.423180
0.691151
0.516364
0.285136
0.360505
0.549843
0.535860
0.745336
0.408341
0.341204
0.861122
0.549843
0.999196
0.757431
0.740680
0.498197
0.027819
0.406781
0.039622
0.389853
0.175178
0.954811
0.649721
0.323958
0.400266
0.262067
0.269988
0.125960
0.019629
0.737806
0.016720
0.168762
0.676758
0.022931
0.454750
0.467784
0.428302
0.233829
0.087521
0.232776
0.676758
0.017243
0.689309
0.337595
0.052952
0.377224
0.921589
0.166187
0.002225
0.778434
0.528384
0.711331
0.022377
0.050449
0.624521
0.689309
0.502713
0.026597
0.878369
0.117029
0.016563
0.823990
0.099981
0.180079
0.545169
0.355900
0.535860
0.905367
0.583992
0.516364
0.552726
0.533008
0.805955
0.350766
0.152160
0.711331
0.918603
0.805955
0.965518
0.392288
0.718989
0.757431
0.706576
0.867266
0.981236
0.406781
0.242170
0.850940
0.178716
0.714252
0.262067
0.434104
0.035637
0.608996
0.863476
0.594631
0.214650
0.382004
0.259085
0.257946
0.190579
0.960371
0.893308
0.931912
0.331820
0.649721
0.374255
0.093179
0.365732
0.878369
0.659359
0.723714
0.545169
0.492664
0.435076
0.067043
0.488189
0.938912
0.052952
0.049293
0.737806
0.449458
0.887706
0.259085
0.467784
0.621560
0.189685
0.290820
0.567937
0.834839
0.577411
0.797237
0.225099
0.120144
0.519182
0.348500
0.562128
0.861122
0.445183
0.773923
0.314907
0.290820
0.009569
0.574491
0.776702
0.434104
0.694096
0.976127
0.876968
0.716075
0.499932
0.557421
0.915562
0.676758
0.330455
0.127995
0.874714
0.251410
0.417461
0.228394
0.797237
0.210541
0.891189
0.086791
0.315698
0.805955
0.341204
0.165867
0.810269
0.404292
0.983278
0.950280
0.602359
0.634151
0.067260
0.286365
0.336766
0.752821
0.474878
0.033980
0.265074
0.510044
0.086791
0.543374
0.810269
0.354469
0.206496
0.075416
0.326114
0.896710
0.392288
0.938912
0.898779
0.417461
0.880595
0.664176
0.736007
0.769390
0.326114
0.946446
0.970253
0.569755
0.168762
0.365732
0.785668
0.205542
0.736007
0.010230
0.706576
0.535860
0.452100
0.893308
0.958294
0.168762
0.574491
0.689309
0.533008
0.716075
0.294823
0.251410
0.686359
0.519182
0.654541
0.510044
0.011000
0.447811
0.463418
0.637116
0.278087
0.371891
0.978503
0.414934
0.180936
0.519182
0.762020
0.528384
0.440929
0.138736
0.139424
0.511797
0.474878
0.214650
0.482024
0.626372
0.562128
0.876968
0.199149
0.671950
0.567937
0.555614
0.145316
0.417461
0.797237
0.557421
0.028076
0.745336
0.586923
0.091163
0.352187
0.110106
0.574491
0.279293
0.329638
0.004757
0.192919
0.604201
0.898779
0.165867
0.110106
0.641935
0.022169
0.409279
0.778434
0.938912
0.226742
0.656394
0.001277
0.199149
0.850940
0.107769
0.934636
0.725528
0.483733
0.259085
0.134805
0.926293
0.209572
0.254324
0.790113
0.805955
0.226742
0.204591
0.836413
0.452100
0.624521
0.474878
0.208029
0.110106
0.621560
0.438322
0.413358
0.294823
0.737806
0.737806
0.785668
0.737806
0.218822
0.733123
0.819780
0.232776
0.319144
0.239364
0.071729
0.528384
0.424138
0.748193
0.174344
0.519182
0.916738
0.607151
0.913664
0.902099
0.752821
0.611949
0.055145
0.266938
0.637116
0.042998
0.304746
0.452100
0.681562
0.196748
0.007109
0.237223
0.146032
0.676758
0.013239
0.005579
0.335387
0.604201
0.382004
0.535860
0.066111
0.842966
0.785668
0.668990
0.867266
0.832308
0.908583
0.931912
0.162073
0.218822
0.013871
0.956156
0.762020
0.823990
0.823990
0.853361
0.857262
0.328280
0.206496
0.889856
0.616752
0.095730
0.698875
0.050006
0.711331
0.728426
0.400266
0.616752
0.234885
0.287597
0.867266
0.435076
0.456411
0.385917
0.849418
0.453756
0.326114
0.602359
0.659359
0.168762
0.596469
0.308107
0.047473
0.543374
0.406781
0.853361
0.226742
0.126974
0.304746
0.808614
0.986277
0.631187
0.691151
0.476575
0.269988
0.706576
0.986277
0.557421
0.596469
0.731318
0.192919
0.396265
0.385917
0.313591
0.781197
0.378117
0.380506
0.469468
0.452100
0.380506
0.379609
0.919758
0.382004
0.317020
0.907352
0.507246
0.720808
0.686359
0.169573
0.876968
0.385917
0.269988
0.144888
0.103226
0.292816
0.449458
0.434104
0.348500
0.378117
0.291568
0.545169
0.113983
0.747123
0.358197
0.526610
0.569755
0.601254
0.204023
0.463418
0.304746
0.977050
0.810269
0.222450
0.000002
0.626372
0.931912
0.743547
0.115497
0.782920
0.105476
0.782920
0.428302
0.056118
0.876968
0.083306
0.908583
0.857262
0.385917
0.794532
0.310188
0.061961
0.832308
0.107769
0.565030
0.614904
0.341204
0.016980
0.445183
0.384409
0.310188
0.084453
0.762020
0.945510
0.000250
0.832308
0.950280
0.151715
0.447811
0.218822
0.801611
0.723714
0.535860
0.099467
0.128637
0.966670
0.919758
0.013576
0.540508
0.762020
0.474878
0.003450
0.034799
0.987327
0.005013
0.376629
0.445183
0.629334
0.205542
0.046793
0.919758
0.908583
0.245659
0.353041
0.045310
0.355900
0.412415
0.621560
0.111574
0.757431
0.781197
0.602359
0.341204
0.982031
0.566846
0.963599
0.409279
0.061626
0.283178
0.482024
0.147906
0.003565
0.400266
0.363402
0.694096
0.089934
0.465095
0.365732
0.526610
0.867266
0.961620
0.188262
0.080796
0.105476
0.042758
0.956156
0.960371
0.192919
0.548044
0.408341
0.148341
0.157279
0.247417
0.205542
0.406781
0.282447
0.005670
0.621560
0.100498
0.611949
0.893308
0.637116
0.479296
0.861122
0.859642
0.664176
0.760257
0.146032
0.080796
0.900062
0.970253
0.013576
0.996756
0.979898
0.040205
0.068573
0.963599
0.028762
0.810269
0.096527
0.810269
0.269988
0.905367
0.579237
0.887706
0.706576
0.168762
0.667139
0.089185
0.956156
0.196748
0.706576
0.797237
0.507246
0.365732
0.229431
0.417461
0.846972
0.278087
0.479296
0.440929
0.001708
0.189151
0.118578
0.981236
0.689309
0.549843
0.664176
0.930208
0.060566
0.228394
0.863476
0.836413
0.718989
0.905367
0.808614
0.128637
0.498197
0.667139
0.157279
0.586923
0.024218
0.065191
0.873295
0.954811
0.400266
0.651575
0.322616
0.757431
0.823990
0.637116
0.602359
0.132018
0.266938
0.871012
0.210541
0.269988
0.233829
0.552726
0.354469
0.773923
0.987327
0.958294
0.549843
0.970253
0.810269
0.643788
0.388336
0.772183
0.752821
0.454750
0.308107
0.849418
0.374255
0.994430
0.439299
0.671950
0.857262
0.003947
0.974580
0.511797
0.607151
0.757431
0.498197
0.565030
0.200639
0.490941
0.965518
0.673800
0.492664
0.006331
0.077940
0.781197
0.599413
0.673800
0.090405
0.540508
0.703645
0.137642
0.596469
0.958294
0.227360
0.474878
0.328280
0.289577
0.058240
0.884175
0.493700
0.854866
0.960371
0.299373
0.374255
0.720808
0.182313
0.607151
0.924518
0.976127
0.385917
0.836413
0.792836
0.664176
0.081913
0.676758
0.737806
0.259085
0.577411
0.439299
0.299373
0.304746
0.121118
0.239364
0.139838
0.927392
0.821403
0.676758
0.828167
0.726615
0.572669
0.274969
0.810269
0.938912
0.728426
0.289577
0.930208
0.772183
0.413358
0.952576
0.320476
0.673800
0.079693
0.679715
0.490941
0.673800
0.159275
0.254324
0.036165
0.565030
0.250296
0.470480
0.303461
0.368070
0.689309
0.689309
0.602359
0.555614
0.656394
0.389853
0.000542
0.531228
0.838921
0.992716
0.781197
0.608996
0.460742
0.254324
0.137642
0.194370
0.202137
0.463418
0.169573
0.954811
0.801611
0.790113
0.585091
0.289577
0.828167
0.432488
0.423180
0.379609
0.634151
0.388336
0.365732
0.410845
0.913664
0.526610
0.643788
0.273063
0.594631
0.764834
0.006859
0.641935
0.075416
0.604201
0.271877
0.278087
0.880595
0.074142
0.716075
0.202137
0.946446
0.246757
0.785668
0.274969
0.611949
0.760257
0.876968
0.718989
0.093665
0.601254
0.041163
0.174344
0.320476
0.121729
0.265772
0.638969
0.095234
0.008808
0.328280
0.604201
0.217225
0.369537
0.183178
0.168762
0.882804
0.577411
0.144888
0.641935
0.117980
0.248521
0.364275
0.549843
0.459074
0.785668
0.355900
0.626372
0.586923
0.905367
0.535860
0.009780
0.094447
0.404292
0.902099
0.140530
0.838921
0.302691
0.425737
0.009912
0.119540
0.549843
0.582162
0.731318
0.574491
0.429909
0.684515
0.626372
0.055935
0.410845
0.205542
0.838921
0.358197
0.560316
0.490941
0.842966
0.424138
0.676758
0.621560
0.393815
0.370419
0.805955
0.488189
0.062298
0.449458
0.162543
0.913664
0.703645
0.850940
0.113636
0.611949
0.315698
0.146462
0.319144
0.183699
0.192016
0.867266
0.111574
0.599413
0.896710
0.698875
0.684515
0.289577
0.988911
0.290820
0.748193
0.889856
0.502713
0.378117
0.931912
0.638969
0.621560
0.296082
0.771136
0.143047
0.042758
0.126974
0.467784
0.425737
0.691151
0.063044
0.740680
0.523775
0.490941
0.689309
0.046123
0.167954
0.611949
0.163329
0.626372
0.514605
0.762020
0.896710
0.122713
0.549843
0.317020
0.832308
0.531228
0.249629
0.874714
0.548044
0.905367
0.805955
0.716075
0.873295
0.562128
0.723714
0.956156
0.078604
0.661212
0.706576
0.776702
0.651575
0.960371
0.255451
0.352187
0.445183
0.790113
0.778434
0.456411
0.313591
0.638969
0.313591
0.113636
0.467784
0.274969
0.562128
0.516364
0.023498
0.728426
0.502713
0.853361
0.401812
0.066111
0.528384
0.720808
0.686359
0.711331
0.178716
0.354469
0.504454
0.311494
0.589857
0.450448
0.666028
0.602359
0.740680
0.884175
0.968492
0.577411
0.666028
0.533008
0.540508
0.701812
0.311494
0.269988
0.540508
0.020985
0.125960
0.861122
0.248521
0.886354
0.608996
0.659359
0.361952
0.698875
0.703645
0.586923
0.238292
0.016406
0.172192
0.821403
0.106890
0.757431
0.788407
0.821403
0.263915
0.336766
0.552726
0.691151
0.554530
0.857262
0.233829
0.352187
0.360505
0.492664
0.679715
0.227360
0.289577
0.676758
0.038828
0.498197
0.543374
0.736007
0.470480
0.091448
0.044017
0.859642
0.467784
0.150976
0.864939
0.498197
0.608996
0.348500
0.919758
0.930208
0.740680
0.733123
0.087981
0.210541
0.224077
0.995006
0.269988
0.569755
0.606044
0.557421
0.934636
0.821403
0.752821
0.171370
0.543374
0.752821
0.241088
0.152904
0.711331
0.924518
0.666028
0.344839
0.235521
0.981236
0.488189
0.400266
0.604201
0.333189
0.681562
0.044017
0.684515
0.634151
0.757431
0.375738
0.482024
0.801611
0.656394
0.196748
0.673800
0.225714
0.374255
0.654541
0.490941
0.086791
0.146032
0.469468
0.681562
0.394733
0.489220
0.832308
0.213666
0.402741
0.785668
0.861122
0.608996
0.406781
0.958294
0.755660
0.263915
0.684515
0.745336
0.624521
0.792836
0.389853
0.728426
0.859642
0.853361
0.797237
0.594631
0.616752
0.808614
0.701812
0.167954
0.604201
0.133472
0.990688
0.308107
0.994054
0.242170
0.330455
0.298104
0.656394
0.167954
0.616752
0.266938
0.586923
0.757431
0.514605
0.429909
0.728426
0.141226
0.812909
0.350766
0.289577
0.910535
0.467784
0.701812
0.736007
0.230055
0.456411
0.661212
0.400266
0.052662
0.483733
0.210541
0.429909
0.479296
0.239364
0.924518
0.358197
0.094938
0.646755
0.792836
0.941482
0.287597
0.849418
0.111008
0.604201
0.499932
0.706576
0.498197
0.624521
0.436697
0.355900
0.271167
0.686359
0.929131
0.058367
0.703645
0.038698
0.385917
0.937301
0.335387
0.434104
0.788407
0.711331
0.149800
0.989824
0.537646
0.582162
0.853361
0.849418
0.740680
0.664176
0.540508
0.385917
0.572669
0.706576
0.594631
0.348500
0.624521
0.085615
0.846972
0.149069
0.144178
0.778434
0.834839
0.583992
0.470480
0.260229
0.058050
0.083043
0.723714
0.283178
0.910535
0.495427
0.402741
0.161291
0.106890
0.565030
0.190579
0.703645
0.298104
0.312279
0.882804
0.502713
0.022931
0.893308
0.656394
0.579237
0.384409
0.904116
0.306035
0.778434
0.916738
0.637116
0.333189
0.825601
0.828167
0.460742
0.100498
0.863476
0.030077
0.388336
0.880595
0.830719
0.757431
0.947925
0.762020
0.825601
0.681562
0.060042
0.436697
0.896710
0.757431
0.354469
0.266938
0.681562
0.125330
0.956156
0.990688
0.463418
0.769390
0.582162
0.153352
0.135207
0.507246
0.217225
0.895408
0.073748
0.607151
0.474878
0.778434
0.927392
0.676758
0.867266
0.952576
0.731318
0.007109
0.033596
0.616752
0.701812
0.766589
0.488189
0.646755
0.850940
0.959579
0.733123
0.413358
0.195831
0.733123
0.638969
0.588756
0.519182
0.310188
0.548044
0.596469
0.950280
0.312279
0.828167
0.936283
0.850940
0.404292
0.676758
0.150976
0.611949
0.931912
0.648609
0.889856
0.331820
0.406781
0.853361
0.118578
0.896710
0.495427
0.931912
0.782920
0.182313
0.210541
0.737806
0.519182
0.832308
0.474878
0.694096
0.757431
0.486473
0.178716
0.752821
0.389853
0.664176
0.465095
0.849418
0.333189
0.664176
0.989824
0.470480
0.311494
0.963599
0.153352
0.714252
0.114563
0.531228
0.842966
0.910535
0.294823
0.414934
0.769390
0.678606
0.299373
0.192919
0.681562
0.299373
0.301412
0.582162
0.591692
0.548044
0.548044
0.131362
0.618601
0.117980
0.129023
0.089934
0.588756
0.748193
0.375738
0.631187
0.626372
0.895408
0.557421
0.861122
0.781197
0.608996
0.388336
0.629334
0.039047
0.859642
0.716075
0.383506
0.414934
0.736007
0.113060
0.152904
0.510044
0.937301
0.548044
0.718989
0.097835
0.726615
0.557421
0.703645
0.616752
0.619711
0.585091
0.618601
0.634151
0.217225
0.531228
0.251410
0.706576
0.256130
0.676758
0.976127
0.260229
0.396265
0.694096
0.268812
0.280018
0.412415
0.838921
0.200639
0.760257
0.963599
0.274969
0.629334
0.005263
0.821403
0.752821
0.040205
0.808614
0.260917
0.051915
0.953958
0.341204
0.545169
0.965518
0.579237
0.334012
0.486473
0.863476
0.766589
0.801611
0.000277
0.122713
0.414934
0.965518
0.825601
0.896710
0.698875
0.238292
0.154101
0.490941
0.671950
0.963599
0.019445
0.488189
0.062840
0.052373
0.421587
0.214650
0.907352
0.992716
0.519182
0.429909
0.880595
0.566846
0.618601
0.703645
0.678606
0.543374
0.111574
0.867266
0.303461
0.723714
0.842966
0.371891
0.364275
0.352187
0.358197
0.757431
0.326114
0.548044
0.088720
0.794532
0.492664
0.834839
0.463418
0.745336
0.703645
0.963599
0.762020
0.165389
0.404292
0.389853
0.479296
0.887706
0.790113
0.274969
0.335387
0.523775
0.490941
0.999719
0.414934
0.716075
0.175680
0.322616
0.039047
0.673800
0.936283
0.375738
0.043384
0.162073
0.880595
0.905367
0.338980
0.205542
0.209572
0.644901
0.698875
0.502713
0.810269
0.538719
0.821403
0.236584
0.846972
0.101331
0.552726
0.599413
0.483733
0.456411
0.812909
0.511797
0.737806
0.792836
0.271877
0.483733
0.175178
0.608996
0.701812
0.968492
0.804288
0.145316
0.624521
0.377224
0.013113
0.273063
0.764834
0.823990
0.857262
0.718989
0.817172
0.361952
0.874714
0.958294
0.654541
0.155305
0.566846
0.099159
0.523775
0.778434
0.867266
0.445183
0.676758
0.776702
0.479296
0.329638
0.871012
0.884175
0.350766
0.842966
0.790113
0.129023
0.022665
0.425737
0.274969
0.000269
0.459074
0.788407
0.273063
0.882804
0.382004
0.958294
0.310188
0.552726
0.460742
0.528384
0.022931
0.225714
0.003471
0.093957
0.832308
0.621560
0.821403
0.073748
0.846972
0.968492
0.338980
0.265074
0.423180
0.213077
0.678606
0.470480
0.123705
0.146032
0.045310
0.560316
0.745336
0.313591
0.063386
0.039400
0.106890
0.174344
0.371891
0.370419
0.052373
0.961620
0.507246
0.745336
0.664176
0.634151
0.326114
0.656394
0.310188
0.511797
0.718989
0.792836
0.064631
0.889856
0.698875
0.614904
0.876968
0.956156
0.604201
0.152160
0.781197
0.924518
0.613796
0.301412
0.396265
0.341204
0.565030
0.616752
0.974580
0.659359
0.621560
0.129023
0.354469
0.557421
0.526610
0.210541
0.507246
0.221437
0.627483
0.361952
0.842966
0.346244
0.958294
0.389853
0.168762
0.110669
0.355900
0.445183
0.519182
0.918603
0.626372
0.970253
0.637116
0.255000
0.971956
0.315698
0.110106
0.526610
0.667139
0.388336
0.330455
0.149069
0.210541
0.463418
0.643788
0.745336
0.085615
0.893308
0.794532
0.063730
0.165389
0.728426
0.401812
0.336766
0.790113
0.450448
0.871012
0.070512
0.749975
0.405224
0.589857
0.519182
0.599413
0.971956
0.065191
0.467784
0.549843
0.174344
0.821403
0.776702
0.408341
0.027343
0.569755
0.302691
0.950280
0.121118
0.010192
0.871012
0.041673
0.764834
0.716075
0.101854
0.896710
0.449458
0.621560
0.711331
0.175178
0.574491
0.284401
0.443544
0.863476
0.785668
0.336766
0.905367
0.347089
0.329638
0.797237
0.057233
0.473184
0.569755
0.456411
0.857262
0.718989
0.421587
0.706576
0.569755
0.698875
0.352187
0.003393
0.569755
0.718989
0.908583
0.241088
0.114563
0.183178
0.681562
0.292816
0.853361
0.646755
0.867266
0.832308
0.335387
0.257263
0.703645
0.706576
0.823990
0.131362
0.945510
0.085615
0.838921
0.819780
0.604201
0.943035
0.445183
0.352187
0.495427
0.003359
0.113060
0.608996
0.000496
0.752821
0.195831
0.042758
0.569755
0.289577
0.047895
0.375738
0.425737
0.549843
0.757431
0.667139
0.638969
0.821403
0.378117
0.012394
0.689309
0.849418
0.100498
0.981236
0.711331
0.087521
0.269988
0.853361
0.192919
0.760257
0.265074
0.602359
0.266938
0.467784
0.941482
0.306811
0.310188
0.511797
0.510044
0.195282
0.454750
0.902099
0.331820
0.927392
0.234885
0.586923
0.661212
0.111574
0.830719
0.728426
0.388336
0.074142
0.834839
0.127611
0.773923
0.366607
0.673800
0.346244
0.694096
0.902099
0.189685
0.671950
0.624521
0.199149
0.257946
0.138736
0.773923
0.104078
0.673800
0.616752
0.631187
0.937301
0.668990
0.001457
0.102696
0.681562
0.519182
0.929131
0.740680
0.857262
0.415880
0.140530
0.817172
0.540508
0.938912
0.384409
0.054187
0.790113
0.488189
0.042758
0.971956
0.528384
0.000773
0.748193
0.566846
0.015278
0.423180
0.981236
0.626372
0.197669
0.526610
0.810269
0.552726
0.792836
0.419045
0.281231
0.546965
0.582162
0.410845
0.898779
0.400266
0.311494
0.071118
0.150976
0.239364
0.502713
0.857262
0.889856
0.701812
0.893308
0.850940
0.823990
0.664176
0.003947
0.689309
0.072114
0.300137
0.338980
0.842966
0.406781
0.533008
0.857262
0.087521
0.648609
0.792836
0.226742
0.059392
0.291568
0.127356
0.924518
0.490941
0.310188
0.450448
0.232146
0.102696
0.440929
0.572669
0.178716
0.073122
0.641935
0.301412
0.002452
0.414934
0.397801
0.082607
0.428302
0.896710
0.342599
0.893308
0.830719
0.673800
0.689309
0.582162
0.398725
0.845436
0.410845
0.661212
0.548044
0.138736
0.778434
0.499932
0.728426
0.626372
0.222450
0.175178
0.828167
0.432488
0.970253
0.385917
0.565030
0.227773
0.874714
0.079693
0.611949
0.385917
0.519182
0.156822
0.516364
0.952576
0.121729
0.812909
0.634151
0.828167
0.853361
0.694096
0.423180
0.228394
0.591692
0.929131
0.083306
0.608996
0.785668
0.938912
0.716075
0.263915
0.067043
0.027406
0.058050
0.769390
0.535860
0.106344
0.846972
0.668990
0.466102
0.549843
0.754596
0.271877
0.026201
0.764834
0.463418
0.706576
0.963599
0.477594
0.353041
0.638969
0.358197
0.602359
0.686359
0.021708
0.489220
0.664176
0.398725
0.201574
0.528384
0.303461
0.785668
0.733123
0.752821
0.782920
0.284401
0.694096
0.149800
0.794532
0.259085
0.064283
0.728426
