0.809711
0.358722
0.581426
0.133407
0.808902
0.656707
0.739048
0.654897
0.003592
0.992241
0.624134
0.834206
0.349310
0.393140
0.856005
0.393140
0.063064
0.358019
0.362250
0.900187
0.928772
0.486354
0.138511
0.752571
0.879307
0.648561
0.628654
0.833434
0.193690
0.957993
0.856736
0.651277
0.113731
0.085191
0.783328
0.344153
0.301632
0.676595
0.725387
0.380957
0.735535
0.299143
0.566739
0.483011
0.540315
0.580533
0.957594
0.783328
0.832661
0.737292
0.160625
0.891596
0.427548
0.267284
0.051295
0.520781
0.475114
0.761644
0.586790
0.784168
0.284823
0.729807
0.510049
0.276828
0.854540
0.267855
0.999839
0.543815
0.668014
0.435026
0.568514
0.562308
0.964260
0.928772
0.809711
0.128153
0.444173
0.548639
0.730690
0.583213
0.355217
0.006466
0.835746
0.236227
0.619617
0.519919
0.597997
0.610145
0.793754
0.619617
0.113168
0.094103
0.478847
0.089320
0.876574
0.489709
0.525964
0.496026
0.592612
0.991669
0.739924
0.034575
0.070609
0.820518
0.021407
0.251115
0.298524
0.935729
0.280952
0.564966
0.418981
0.482177
0.957993
0.481343
0.267855
0.454233
0.266714
0.625941
0.910829
0.238049
0.985461
0.199066
0.740801
0.979089
0.138511
0.610145
0.540315
0.478847
0.964260
0.752571
0.499410
0.734655
0.134382
0.752571
0.411662
0.306338
0.919208
0.415120
0.535080
0.235708
0.743426
0.867869
0.695952
0.466869
0.752571
0.621424
0.489709
0.928772
0.330320
0.376224
0.978825
0.711613
0.694156
0.898306
0.795408
0.681105
0.295438
0.407079
0.693257
0.779119
0.597997
0.833434
0.951577
0.240672
0.393885
0.651277
0.937224
0.855273
0.242786
0.310778
0.109431
0.155572
0.695952
0.611046
0.767648
0.251115
0.624134
0.067091
0.654897
0.368299
0.138846
0.842988
0.314298
0.908447
0.797882
0.242256
0.347930
0.081129
0.925019
0.778274
0.383889
0.297287
0.992241
0.023648
0.174373
0.448987
0.662588
0.725387
0.926101
0.943722
0.514331
0.781647
0.258547
0.210655
0.104748
0.853805
0.495182
0.021044
0.046356
0.682908
0.680203
0.511760
0.808093
0.130996
0.634533
0.752571
0.681105
0.979089
0.553037
0.097376
0.142062
0.595304
0.435026
0.753439
0.440980
0.123684
0.627749
0.610145
0.585895
0.526830
0.053905
0.572958
0.944653
0.537696
0.220065
0.795408
0.550397
0.719180
0.430295
0.755171
0.841474
0.096396
0.210655
0.039412
0.514331
0.006564
0.408603
0.777429
0.566739
0.566739
0.089093
0.282734
0.695054
0.047693
0.613751
0.327666
0.028011
0.503654
0.563194
0.758628
0.488030
0.907847
0.834206
0.148509
0.162149
0.251660
0.734655
0.173562
0.867161
0.057550
0.973268
0.104617
0.172754
0.275657
0.075166
0.068695
0.963531
0.585001
0.950277
0.563194
0.806470
0.483846
0.492652
0.303822
0.276242
0.330320
0.371888
0.416662
0.021870
0.957594
0.096152
0.681105
0.791265
0.114297
0.951577
0.595304
0.132760
0.043607
0.837280
0.033305
0.095425
0.365089
0.794581
0.272748
0.581426
0.483011
0.682908
0.900187
0.639057
0.709829
0.922002
0.648561
0.808902
0.907847
0.419756
0.214236
0.336009
0.445775
0.073140
0.167774
0.228792
0.422085
0.989535
0.514331
0.225769
0.214717
0.261341
0.499410
0.804028
0.706255
0.854540
0.856736
0.789601
0.309505
0.385360
0.601592
0.332320
0.052691
0.459103
0.347241
0.410896
0.412813
0.312055
0.347241
0.848247
0.969289
0.564080
0.160246
0.215199
0.273038
0.669821
0.071444
0.456665
0.103054
0.974768
0.831111
0.045238
0.974472
0.469335
0.753439
0.708043
0.669821
0.280360
0.102024
0.235190
0.217135
0.698644
0.477601
0.669821
0.420531
0.132760
0.979611
0.892243
0.709829
0.624134
0.556564
0.629558
0.113309
0.187352
0.406318
0.238310
0.189518
0.347241
0.653087
0.738170
0.792095
0.327666
0.117016
0.805657
0.936728
0.259104
0.460733
0.112888
0.595304
0.815740
0.889643
0.875887
0.048472
0.598896
0.843744
0.493495
0.670725
0.259104
0.046734
0.506634
0.204795
0.650372
0.698644
0.213755
0.286022
0.467690
0.485517
0.882013
0.330320
0.013906
0.392394
0.250571
0.248945
0.475114
0.643583
0.844498
0.199747
0.205723
0.504505
0.969620
0.204331
0.174780
0.882685
0.042783
0.452615
0.847500
0.889643
0.818134
0.511760
0.280952
0.565852
0.052621
0.572069
0.846001
0.714287
0.238572
0.541189
0.609244
0.420531
0.921447
0.713396
0.483846
0.383889
0.974174
0.781647
0.322076
0.008003
0.756037
0.092210
0.240672
0.325027
0.430295
0.514331
0.768503
0.053905
0.596201
0.444173
0.655802
0.058710
0.818134
0.658517
0.125978
0.079883
0.917508
0.585001
0.973572
0.206189
0.407841
0.739048
0.026517
0.009540
0.959565
0.535952
0.887015
0.361543
0.456665
0.383889
0.276242
0.920890
0.626845
0.127217
0.533340
0.221542
0.356616
0.220557
0.712505
0.619617
0.518628
0.698644
0.119056
0.407079
0.596201
0.832661
0.458290
0.782488
0.118470
0.950712
0.900187
0.276828
0.568514
0.698644
0.242256
0.754305
0.325027
0.959565
0.639057
0.011595
0.017362
0.936229
0.170149
0.937718
0.051364
0.596201
0.921447
0.038397
0.626845
0.397628
0.824467
0.294824
0.721843
0.853068
0.094822
0.252752
0.265576
0.404799
0.968622
0.556564
0.401392
0.403283
0.319469
0.101512
0.638152
0.831886
0.835746
0.808093
0.273619
0.949839
0.016245
0.483846
0.211605
0.842988
0.860367
0.831886
0.957993
0.748225
0.470158
0.625941
0.936728
0.507487
0.154834
0.091743
0.640867
0.012964
0.402904
0.652182
0.316876
0.180766
0.351387
0.209708
0.005721
0.941836
0.510049
0.684710
0.436609
0.101003
0.743426
0.739048
0.806470
0.371168
0.586790
0.687412
0.899562
0.568514
0.926639
0.725387
0.284225
0.620520
0.713396
0.331653
0.154467
0.552157
0.455853
0.973874
0.818134
0.684710
0.316876
0.596201
0.569402
0.773614
0.794581
0.824467
0.259662
0.421308
0.798705
0.994098
0.900810
0.928772
0.683809
0.414350
0.119350
0.601592
0.956386
0.371168
0.846751
0.250028
0.447379
0.430295
0.187784
0.611046
0.498563
0.808902
0.751704
0.728041
0.005879
0.855273
0.412429
0.707149
0.410896
0.846001
0.584107
0.999639
0.592612
0.685611
0.808093
0.310141
0.393140
0.358722
0.256881
0.962422
0.131795
0.209708
0.846751
0.313656
0.133083
0.179931
0.902051
0.670725
0.567626
0.349310
0.927710
0.929300
0.668014
0.641772
0.029255
0.822891
0.468512
0.445775
0.658517
0.568514
0.697747
0.469335
0.258547
0.661684
0.936229
0.565852
0.723616
0.313656
0.484681
0.251115
0.999639
0.723616
0.569402
0.993862
0.968285
0.596201
0.983383
0.220065
0.048867
0.853805
0.266714
0.853805
0.750835
0.584107
0.564966
0.224270
0.856736
0.781647
0.823680
0.580533
0.723616
0.681105
0.122174
0.541189
0.806470
0.702229
0.738170
0.989871
0.983610
0.497717
0.796234
0.808093
0.671628
0.919771
0.212559
0.890296
0.306338
0.681105
0.989192
0.993981
0.860367
0.419756
0.818930
0.833434
0.584107
0.004304
0.937718
0.900187
0.566739
0.888332
0.766792
0.959176
0.286022
0.326345
0.295438
0.618714
0.879307
0.278001
0.523370
0.835746
0.833434
0.832661
0.993741
0.681105
0.395380
0.995728
0.016990
0.928772
0.225769
0.952434
0.480510
0.128153
0.867869
0.998020
0.983154
0.723616
0.053331
0.154467
0.345866
0.257990
0.649467
0.622327
0.797882
0.880663
0.902051
0.564966
0.440980
0.842232
0.143091
0.441777
0.843744
0.888988
0.754305
0.680203
0.597099
0.963531
0.610145
0.162149
0.585001
0.968622
0.777429
0.956791
0.210181
0.879986
0.978825
0.600693
0.933195
0.153917
0.515189
0.610145
0.016843
0.495182
0.983610
0.076148
0.380957
0.059495
0.639962
0.361543
0.369015
0.834206
0.969289
0.172351
0.196363
0.965337
0.928242
0.723616
0.316230
0.742552
0.349310
0.682908
0.512617
0.243849
0.367584
0.101768
0.728041
0.669821
0.737292
0.314941
0.242786
0.611046
0.579641
0.034864
0.224769
0.614653
0.963897
0.695054
0.430295
0.570291
0.082287
0.152459
0.053331
0.686511
0.143436
0.126906
0.415890
0.287224
0.407841
0.358722
0.483846
0.900810
0.619617
0.356616
0.796234
0.445775
0.009084
0.510904
0.093390
0.431868
0.442575
0.969948
0.279769
0.653992
0.085849
0.985669
0.118470
0.243317
0.754305
0.468512
0.512617
0.492652
0.626845
0.522507
0.695054
0.112888
0.918076
0.459103
0.865742
0.685611
0.173562
0.768503
0.457477
0.203869
0.013407
0.218108
0.351387
0.007744
0.756037
0.714287
0.045115
0.294211
0.384624
0.612849
0.925561
0.386096
0.810518
0.926101
0.948957
0.167381
0.188649
0.408603
0.584107
0.371888
0.316876
0.342786
0.325027
0.458290
0.908447
0.771914
0.260221
0.369732
0.297287
0.071911
0.713396
0.146918
0.804028
0.668917
0.656707
0.806470
0.957194
0.616458
0.416662
0.771062
0.679301
0.891596
0.683809
0.383154
0.945115
0.621424
0.564966
0.890946
0.580533
0.539442
0.951146
0.991669
0.564966
0.058866
0.553037
0.109159
0.695054
0.765079
0.276242
0.410131
0.024920
0.918643
0.854540
0.682908
0.279179
0.348619
0.516048
0.628654
0.754305
0.655802
0.844498
0.138511
0.252206
0.911420
0.014028
0.222779
0.371168
0.638152
0.390907
0.079062
0.655802
0.053402
0.740801
0.956791
0.385360
0.431081
0.793754
0.737292
0.252206
0.723616
0.080089
0.301632
0.878626
0.928772
0.570291
0.563194
0.970598
0.286022
0.299764
0.275074
0.722730
0.669821
0.737292
0.695054
0.423642
0.928242
0.804028
0.245182
0.809711
0.469335
0.530298
0.652182
0.061013
0.897675
0.860367
0.751704
0.637247
0.604741
0.351387
0.340743
0.206189
0.750835
0.077442
0.383889
0.566739
0.936229
0.955979
0.695952
0.460733
0.502804
0.360836
0.589923
0.784168
0.752571
0.525964
0.579641
0.611046
0.440980
0.326345
0.404040
0.902669
0.684710
0.303822
0.527696
0.410896
0.133083
0.039738
0.891596
0.956791
0.866453
0.483011
0.821310
0.995537
0.368299
0.816540
0.854540
0.208295
0.374775
0.328328
0.567626
0.485517
0.184993
0.234157
0.481343
0.628654
0.820518
0.952007
0.562308
0.235190
0.011176
0.463182
0.294824
0.176825
0.358019
0.328991
0.597099
0.554800
0.564080
0.846001
0.928242
0.059971
0.542064
0.110527
0.879307
0.845250
0.147624
0.306338
0.539442
0.973874
0.473459
0.553918
0.472633
0.743426
0.194133
0.808902
0.636342
0.792095
0.018524
0.537696
0.710721
0.486354
0.510049
0.596201
0.946032
0.232614
0.382421
0.172754
0.673435
0.045361
0.070240
0.165039
0.020421
0.944653
0.989017
0.407841
0.312375
0.974472
0.509195
0.475942
0.126132
0.613751
0.132116
0.910236
0.958783
0.651277
0.084973
0.668917
0.462365
0.728041
0.891596
0.358722
0.622327
0.345866
0.091743
0.405558
0.369015
0.964260
0.962794
0.085849
0.957993
0.081234
0.171949
0.195023
0.588580
0.957194
0.488030
0.248945
0.077643
0.362958
0.433445
0.238049
0.986882
0.406318
0.284225
0.059971
0.754305
0.002416
0.217135
0.963897
0.768503
0.859644
0.591716
0.039304
0.822891
0.519919
0.263311
0.006806
0.974472
0.008765
0.263876
0.028090
0.796234
0.716068
0.920331
0.753439
0.109023
0.399884
0.310141
0.510049
0.543815
0.695952
0.065868
0.653087
0.929300
0.846751
0.246253
0.919208
0.668014
0.069146
0.915790
0.074971
0.419756
0.354169
0.418981
0.217621
0.983383
0.240146
0.405558
0.929826
0.935729
0.410896
0.178683
0.818134
0.515189
0.910829
0.991814
0.308235
0.519919
0.182026
0.756901
0.625038
0.127528
0.982455
0.957594
0.858193
0.935729
0.877944
0.141040
0.912009
0.389423
0.579641
0.742552
0.856005
0.188649
0.198840
0.006152
0.380227
0.284225
0.366870
0.403283
0.060370
0.017513
0.473459
0.664397
0.181185
0.865742
0.998020
0.398379
0.818134
0.390907
0.864317
0.418981
0.265576
0.650372
0.811325
0.504505
0.681105
0.261341
0.788768
0.678399
0.792095
0.081864
0.070424
0.817338
0.626845
0.480510
0.527696
0.349310
0.804843
0.706255
0.486354
0.205723
0.765936
0.907847
0.204331
0.289035
0.273328
0.902051
0.915790
0.576074
0.348619
0.325686
0.207825
0.459917
0.494338
0.882013
0.443374
0.636342
0.156312
0.935729
0.525099
0.783328
0.866453
0.671628
0.879307
0.288430
0.294824
0.306338
0.585895
0.542064
0.614653
0.624134
0.432657
0.928772
0.619617
0.875887
0.464819
0.444173
0.707149
0.385360
0.705361
0.173967
0.366870
0.080296
0.713396
0.024710
0.952434
0.051849
0.521644
0.383154
0.711613
0.667110
0.161005
0.287224
0.232101
0.247865
0.927176
0.228792
0.226773
0.739924
0.735535
0.762504
0.305078
0.830334
0.546883
0.821310
0.639962
0.477601
0.695952
0.964621
0.783328
0.552157
0.951577
0.741676
0.678399
0.780805
0.667110
0.399884
0.119645
0.337357
0.170349
0.152459
0.032168
0.336682
0.144473
0.907847
0.009344
0.190827
0.716068
0.668917
0.286622
0.149578
0.482177
0.720956
0.532470
0.488869
0.242786
0.648561
0.144127
0.621424
0.199293
0.919208
0.792095
0.779962
0.998075
0.300386
0.795408
0.666206
0.308235
0.564966
0.776583
0.785006
0.089777
0.625038
0.305078
0.173967
0.927710
0.634533
0.670725
0.401770
0.918076
0.463182
0.804843
0.781647
0.809711
0.419756
0.407841
0.260221
0.360836
0.903285
0.036793
0.267855
0.918076
0.559655
0.919208
0.082287
0.017187
0.399884
0.230060
0.410131
0.432657
0.854540
0.173157
0.241727
0.779962
0.829556
0.075166
0.651277
0.935729
0.366157
0.099488
0.846751
0.822101
0.202947
0.308870
0.638152
0.754305
0.347930
0.475114
0.094582
0.780805
0.497717
0.950712
0.413581
0.770210
0.000159
0.467690
0.807282
0.448183
0.188649
0.173157
0.749966
0.455853
0.620520
0.058243
0.488030
0.185634
0.682908
0.567626
0.310778
0.695952
0.203869
0.294824
0.528563
0.869981
0.797059
0.983835
0.739924
0.371888
0.122776
0.927710
0.640867
0.494338
0.073906
0.266714
0.460733
0.407079
0.408603
0.454233
0.668917
0.603841
0.185634
0.958389
0.888332
0.504505
0.141721
0.698644
0.969289
0.846001
0.554800
0.781647
0.248405
0.341423
0.964260
0.076544
0.682908
0.234157
0.721843
0.152277
0.625038
0.179514
0.283628
0.510904
0.511760
0.993862
0.261903
0.165817
0.754305
0.150294
0.548639
0.883356
0.444173
0.441777
0.445775
0.438593
0.485517
0.210181
0.638152
0.278590
0.143436
0.639962
0.822891
0.553037
0.566739
0.613751
0.638152
0.585895
0.469335
0.221295
0.585001
0.442575
0.918643
0.471807
0.306970
0.842232
0.112888
0.208765
0.458290
0.105538
0.556564
0.999333
0.609244
0.804843
0.122776
0.617360
0.860367
0.867869
0.974472
0.570291
0.441777
0.805657
0.104748
0.616458
0.556564
0.822891
0.293598
0.175596
0.311735
0.007046
0.001225
0.743426
0.432657
0.410896
0.934215
0.859644
0.586790
0.539442
0.795408
0.986485
0.633628
0.682908
0.000162
0.406318
0.069146
0.848247
0.169355
0.710721
0.919771
0.751704
0.397628
0.193690
0.297287
0.223027
0.385360
0.935729
0.753439
0.750835
0.936229
0.241727
0.887674
0.641772
0.945115
0.162532
0.888332
0.492652
0.422085
0.451001
0.352081
0.651277
0.031635
0.060290
0.039035
0.650372
0.384624
0.199293
0.492652
0.513474
0.206655
0.617812
0.809711
0.323385
0.112189
0.752571
0.534210
0.174780
0.459103
0.112189
0.146918
0.617360
0.891596
0.495182
0.246789
0.669821
0.239096
0.797882
0.474286
0.690561
0.240672
0.928242
0.121874
0.127528
0.208295
0.827995
0.456665
0.227781
0.030894
0.009358
0.586790
0.108616
0.842988
0.958783
0.216165
0.951146
0.755171
0.082075
0.921447
0.869278
0.790433
0.900810
0.521644
0.419756
0.442575
0.330320
0.834976
0.335336
0.103703
0.230569
0.898935
0.534210
0.067978
0.597997
0.118763
0.759491
0.269001
0.381689
0.173157
0.909642
0.982455
0.594406
0.594406
0.352776
0.725387
0.853068
0.005098
0.537696
0.555681
0.741676
0.240146
0.891596
0.296670
0.943722
0.094582
0.369732
0.585895
0.448183
0.494338
0.668917
0.417434
0.396878
0.900810
0.599794
0.146918
0.711613
0.856736
0.013946
0.898935
0.822891
0.888988
0.453424
0.672531
0.685611
0.653992
0.039847
0.401015
0.123684
0.844498
0.345866
0.713396
0.073906
0.572069
0.846001
0.286622
0.004953
0.446577
0.010489
0.030808
0.059023
0.021653
0.803212
0.404799
0.101257
0.793754
0.023448
0.287224
0.072382
0.384624
0.991669
0.407841
0.184141
0.969289
0.076148
0.597997
0.554800
0.347241
0.926101
0.430295
0.889643
0.511760
0.111633
0.592612
0.749966
0.085849
0.555681
0.017362
0.780805
0.371168
0.015065
0.040897
0.696849
0.636342
0.596201
0.173157
0.333993
0.779119
0.709829
0.653992
0.410896
0.139855
0.329655
0.237527
0.063566
0.606541
0.086290
0.696849
0.102024
0.538568
0.711613
0.117016
0.006486
0.860367
0.957993
0.797059
0.995728
0.286622
0.991522
0.771062
0.688312
0.542064
0.973572
0.497717
0.989704
0.737292
0.858919
0.304449
0.186491
0.910829
0.956791
0.797059
0.859644
0.429509
0.865742
0.117596
0.920890
0.074971
0.010551
0.501955
0.982923
0.668917
0.624134
0.066740
0.541189
0.525099
0.796234
0.499410
0.797059
0.725387
0.783328
0.173562
0.625038
0.795408
0.893533
0.609244
0.642678
0.089777
0.091743
0.769357
0.335336
0.374052
0.537696
0.958389
0.831111
0.761644
0.568514
0.007099
0.807282
0.979351
0.239096
0.683809
0.524234
0.342104
0.804028
0.195023
0.722730
0.305078
0.031635
0.790433
0.819725
0.081864
0.521644
0.538568
0.117596
0.023117
0.936728
0.726272
0.856005
0.682908
0.679301
0.420531
0.044446
0.602492
0.054486
0.428724
0.962794
0.225769
0.817338
0.099112
0.188649
0.948957
0.758628
0.108887
0.276242
0.228792
0.531601
0.368299
0.051849
0.275657
0.073714
0.968957
0.078858
0.038292
0.935226
0.597997
0.639057
0.989192
0.433445
0.943254
0.209236
0.231590
0.382421
0.111355
0.753439
0.240146
0.974472
0.216165
0.639057
0.218108
0.252206
0.782488
0.580533
0.682007
0.374775
0.384624
0.743426
0.807282
0.793754
0.844498
0.039956
0.451808
0.484681
0.419756
0.202487
0.611046
0.889643
0.610145
0.655802
0.987271
0.329655
0.679301
0.871381
0.232101
0.123987
0.877944
0.054050
0.611948
0.088639
0.370450
0.087178
0.004681
0.001721
0.654897
0.026293
0.407079
0.590819
0.728924
0.576966
0.068785
0.470158
0.130359
0.516048
0.540315
0.109431
0.793754
0.638152
0.857465
0.192144
0.652182
0.043965
0.472633
0.515189
0.339386
0.232614
0.952007
0.872078
0.725387
0.217135
0.143436
0.350694
0.150294
0.624134
0.438593
0.876574
0.744300
0.743426
0.208765
0.352776
0.682908
0.445775
0.290247
0.225769
0.920331
0.835746
0.228286
0.724502
0.779119
0.012100
0.607442
0.102925
0.034480
0.834976
0.868574
0.163685
0.329655
0.204331
0.582319
0.944653
0.679301
0.037977
0.564080
0.369732
0.271302
0.444173
0.625941
0.438593
0.037099
0.683809
0.071071
0.521644
0.611948
0.669821
0.167774
0.327666
0.398379
0.853068
0.685611
0.691460
0.093390
0.276242
0.123380
0.133407
0.419756
0.499410
0.367584
0.821310
0.352776
0.796234
0.595304
0.047435
0.706255
0.942311
0.582319
0.454233
0.854540
0.606541
0.842988
0.380957
0.919208
0.858919
0.686511
0.245985
0.441777
0.550397
0.525099
0.752571
0.607442
0.854540
0.585895
0.669821
0.139181
0.651277
0.234673
0.999848
0.367584
0.043845
0.052409
0.950277
0.714287
0.783328
0.871381
0.142748
0.822891
0.441777
0.263593
0.297905
0.180766
0.224769
0.654897
0.179514
0.105011
0.218108
0.512617
0.741676
0.890946
0.682007
0.089320
0.709829
0.740801
0.808902
0.889643
0.352081
0.343811
0.796234
0.209236
0.669821
0.753439
0.215199
0.496871
0.929300
0.443374
0.519919
0.750835
0.195023
0.619617
0.268428
0.950712
0.109431
0.032800
0.132760
0.078248
0.241199
0.281545
0.111079
0.346553
0.256327
0.697747
0.049865
0.508340
0.292682
0.655802
0.330320
0.726272
0.318170
0.610145
0.847500
0.550397
0.291767
0.764221
0.521644
0.473459
0.284823
0.442575
0.363667
0.148154
0.889643
0.683809
0.748225
0.346553
0.187784
0.883356
0.383889
0.596201
0.771062
0.112748
0.918076
0.074388
0.652182
0.796234
0.161005
0.240672
0.472633
0.742552
0.257435
0.549518
0.196363
0.609244
0.040897
0.286022
0.553918
0.820518
0.498563
0.362958
0.048933
0.649467
0.463182
0.387573
0.797059
0.209236
0.055441
0.034480
0.579641
0.159868
0.867161
0.274491
0.808902
0.696849
0.417434
0.993619
0.196363
0.346553
0.566739
0.630462
0.586790
0.269575
0.934722
0.051571
0.938701
0.910236
0.384624
0.389423
0.200201
0.898306
0.416662
0.432657
0.763363
0.299143
0.970598
0.444173
0.742552
0.333993
0.929300
0.738170
0.464409
0.822101
0.669821
0.208295
0.022565
0.853805
0.233127
0.056186
0.808902
0.142748
0.680203
0.660327
0.255775
0.822101
0.597099
0.964260
0.289640
0.320119
0.892243
0.927710
0.942311
0.265008
0.406318
0.080608
0.480510
0.727157
0.492652
0.080504
0.431081
0.182447
0.845250
0.510049
0.310141
0.033398
0.444173
0.431868
0.743426
0.193247
0.070979
0.246521
0.055441
0.752571
0.157055
0.564080
0.314298
0.224270
0.039738
0.779119
0.144473
0.447379
0.647656
0.058243
0.834976
0.797882
0.758628
0.218596
0.843744
0.101257
0.510904
0.241199
0.512617
0.000880
0.380227
0.205956
0.710721
0.818930
0.235190
0.338709
0.836514
0.001486
0.347241
0.867161
0.783328
0.384624
0.386096
0.682007
0.207825
0.383889
0.065782
0.318819
0.821310
0.685611
0.890296
0.133731
0.535080
0.582319
0.482177
0.328328
0.920890
0.116152
0.036289
0.510049
0.929826
0.190390
0.682908
0.422085
0.698644
0.056788
0.023816
0.455043
0.957194
0.285422
0.572069
0.919771
0.582319
0.569402
0.060691
0.051571
0.135363
0.994214
0.440183
0.410131
0.268428
0.246521
0.085849
0.396878
0.396878
0.155572
0.396878
0.808902
0.059180
0.867869
0.233642
0.314941
0.523370
0.806470
0.888988
0.305078
0.019146
0.963897
0.047951
0.982455
0.117016
0.698644
0.510049
0.687412
0.695054
0.267284
0.374775
0.909045
0.519919
0.807282
0.109704
0.655802
0.089320
0.350694
0.890946
0.060530
0.483846
0.380957
0.577857
0.920331
0.699540
0.542939
0.686511
0.898935
0.968622
0.025526
0.459103
0.237788
0.227277
0.055887
0.709829
0.722730
0.269575
0.230569
0.086512
0.132438
0.899562
0.484681
0.283628
0.418207
0.928772
0.604741
0.069874
0.926101
0.709829
0.449792
0.386096
0.374052
0.500258
0.659422
0.370450
0.566739
0.055219
0.503654
0.740801
0.722730
0.085849
0.508340
0.479678
0.792095
0.361543
0.860367
0.067978
0.240672
0.494338
0.959565
0.697747
0.919771
0.548639
0.668014
0.916364
0.225269
0.835746
0.638152
0.909045
0.522507
0.769357
0.072193
0.278590
0.918076
0.032347
0.036289
0.075166
0.380227
0.314298
0.255223
0.639962
0.900810
0.141550
0.934722
0.343127
0.022954
0.985876
0.507487
0.710721
0.227781
0.184993
0.765079
0.888332
0.121425
0.168563
0.584107
0.512617
0.076148
0.304449
0.424031
0.832661
0.699540
0.463591
0.146918
0.520781
0.637247
0.728041
0.085410
0.350001
0.869278
0.535080
0.910829
0.611046
0.504505
0.116583
0.292987
0.554800
0.378040
0.072950
0.153551
0.860367
0.711613
0.753439
0.722730
