0.697747
0.767648
0.210181
0.642678
0.890296
0.512617
0.640867
0.501955
0.098117
0.627749
0.869981
0.295438
0.369732
0.611948
0.427940
0.724502
0.929826
0.142748
0.542939
0.407841
0.195023
0.081759
0.066740
0.025454
0.473459
0.681105
0.950277
0.775735
0.330986
0.513474
0.225269
0.133083
0.772764
0.484681
0.662588
0.642678
0.422085
0.274782
0.194578
0.702229
0.138511
0.555681
0.508340
0.179514
0.765936
0.141380
0.398379
0.890296
0.739048
0.083997
0.280360
0.182026
0.315585
0.206889
0.019479
0.109431
0.415890
0.634533
0.382421
0.410896
0.729807
0.306970
0.893533
0.376950
0.267284
0.970920
0.202487
0.003819
0.936728
0.952007
0.756037
0.272459
0.358722
0.109704
0.697747
0.992101
0.964260
0.918643
0.066915
0.621424
0.796234
0.408603
0.471807
0.380227
0.752571
0.072476
0.001726
0.618714
0.017921
0.957594
0.327005
0.396129
0.962794
0.278001
0.834976
0.261341
0.818930
0.582319
0.991522
0.639057
0.772764
0.683809
0.743426
0.432657
0.208765
0.131156
0.848247
0.024225
0.668014
0.845250
0.291462
0.949839
0.586790
0.553918
0.854540
0.808093
0.889643
0.641772
0.797059
0.589028
0.868574
0.373330
0.096640
0.542064
0.617812
0.153734
0.455853
0.909642
0.944653
0.584107
0.292071
0.945575
0.461548
0.310778
0.499410
0.125670
0.336682
0.079883
0.087850
0.698644
0.638152
0.234673
0.090467
0.344153
0.036997
0.499410
0.070609
0.109704
0.753439
0.236227
0.780805
0.012243
0.695054
0.797882
0.024362
0.306970
0.715178
0.735535
0.466869
0.542939
0.144473
0.144473
0.527696
0.581426
0.342104
0.466048
0.974472
0.458290
0.804843
0.540315
0.543815
0.318819
0.097869
0.016746
0.910829
0.269575
0.621424
0.459103
0.086069
0.510904
0.273038
0.127217
0.867869
0.276242
0.650372
0.680203
0.113450
0.580533
0.015827
0.799527
0.063734
0.711613
0.404799
0.918643
0.078046
0.612849
0.114865
0.470158
0.704466
0.969948
0.088413
0.162149
0.484681
0.819725
0.216165
0.023514
0.652182
0.710721
0.867161
0.880663
0.525964
0.792925
0.394632
0.578749
0.346553
0.573848
0.538568
0.796234
0.041347
0.246253
0.386096
0.501955
0.753439
0.536823
0.242256
0.512617
0.878626
0.678399
0.396129
0.709829
0.555681
0.404799
0.218596
0.579641
0.165622
0.285422
0.282139
0.240672
0.605641
0.875887
0.848247
0.404799
0.257990
0.466869
0.525099
0.365800
0.665301
0.879307
0.012775
0.381689
0.232101
0.345180
0.602492
0.643583
0.635438
0.778274
0.398379
0.435817
0.134382
0.584107
0.072760
0.380957
0.814940
0.877944
0.912009
0.927176
0.722730
0.264442
0.679301
0.970598
0.737292
0.695054
0.572958
0.150653
0.216165
0.003356
0.318170
0.790433
0.468512
0.226271
0.455853
0.257435
0.793754
0.136350
0.269575
0.036591
0.927176
0.621424
0.778274
0.699540
0.034147
0.829556
0.595304
0.499410
0.847500
0.501955
0.612849
0.470982
0.284225
0.313015
0.272748
0.865031
0.218108
0.305078
0.539442
0.099488
0.697747
0.294211
0.189083
0.372608
0.513474
0.013486
0.279769
0.002957
0.482177
0.421308
0.251660
0.734655
0.095909
0.679301
0.769357
0.583213
0.446577
0.473459
0.869981
0.917508
0.726272
0.347930
0.396129
0.149221
0.969948
0.418207
0.403283
0.148154
0.470158
0.929826
0.407079
0.856736
0.569402
0.514331
0.729807
0.089320
0.809711
0.488869
0.435817
0.679301
0.978559
0.819725
0.460733
0.168958
0.991522
0.622327
0.396878
0.021285
0.944653
0.622327
0.030381
0.869981
0.550397
0.432657
0.705361
0.281545
0.497717
0.671628
0.916364
0.959565
0.446577
0.148509
0.798705
0.684710
0.612849
0.750835
0.928772
0.178683
0.909045
0.445775
0.865031
0.784168
0.412429
0.597997
0.430295
0.273909
0.287224
0.957594
0.685611
0.386834
0.294824
0.453424
0.992101
0.969620
0.738170
0.818134
0.031900
0.928772
0.142748
0.818134
0.670725
0.448183
0.515189
0.029011
0.974472
0.963531
0.653992
0.808093
0.917508
0.835746
0.404799
0.565852
0.911420
0.509195
0.871381
0.859644
0.969948
0.857465
0.121276
0.093153
0.869278
0.681105
0.963531
0.137510
0.835746
0.793754
0.935226
0.473459
0.371168
0.352776
0.220065
0.685611
0.131795
0.698644
0.846001
0.528563
0.457477
0.668014
0.986485
0.593509
0.123078
0.887674
0.284823
0.435026
0.240672
0.833434
0.242256
0.684710
0.712505
0.684710
0.614653
0.474286
0.878626
0.418207
0.471807
0.202947
0.916364
0.468512
0.952434
0.354169
0.696849
0.349310
0.517767
0.002844
0.209236
0.585001
0.564080
0.573848
0.393885
0.877260
0.529430
0.026666
0.538568
0.422863
0.122475
0.888332
0.456665
0.021932
0.188649
0.982923
0.427156
0.176620
0.460733
0.989364
0.321423
0.153551
0.685611
0.149578
0.609244
0.336009
0.034147
0.056186
0.416662
0.091743
0.581426
0.029502
0.077442
0.434235
0.029255
0.355217
0.830334
0.491810
0.926101
0.589923
0.111633
0.748225
0.115721
0.951577
0.212798
0.580533
0.387573
0.740801
0.325686
0.395380
0.728041
0.053761
0.496026
0.002149
0.934722
0.596201
0.483011
0.191924
0.712505
0.150653
0.926639
0.510049
0.143781
0.257990
0.198614
0.341423
0.830334
0.844498
0.108751
0.292682
0.908447
0.670725
0.123684
0.217621
0.571179
0.338709
0.311416
0.943254
0.017287
0.316230
0.512617
0.251115
0.624134
0.195023
0.853805
0.054050
0.576966
0.779962
0.214717
0.733775
0.936728
0.444974
0.782488
0.969289
0.572069
0.468512
0.250571
0.304449
0.530298
0.639057
0.242786
0.418207
0.316230
0.228792
0.807282
0.371168
0.000204
0.472633
0.963164
0.250028
0.782488
0.752571
0.173157
0.101768
0.378404
0.817338
0.792925
0.542939
0.050746
0.194578
0.856005
0.781647
0.466048
0.435026
0.119350
0.179098
0.595304
0.195915
0.247865
0.766792
0.191046
0.191924
0.037458
0.962794
0.294211
0.765079
0.898306
0.822891
0.241199
0.202487
0.585001
0.753439
0.000426
0.040286
0.537696
0.359426
0.890296
0.250571
0.821310
0.877944
0.819725
0.783328
0.247327
0.061013
0.422863
0.822101
0.892889
0.948957
0.963164
0.289035
0.312055
0.556564
0.709829
0.970274
0.184567
0.707149
0.668917
0.221542
0.510049
0.314941
0.740801
0.247865
0.012207
0.572069
0.201113
0.135363
0.483846
0.478847
0.324370
0.167381
0.247865
0.601592
0.182447
0.415890
0.935729
0.778274
0.860367
0.073906
0.630462
0.560539
0.625941
0.235190
0.910829
0.951146
0.956386
0.712505
0.139181
0.284823
0.046925
0.783328
0.626845
0.890296
0.664397
0.416662
0.055887
0.225269
0.037458
0.723616
0.157988
0.494338
0.334664
0.409367
0.021468
0.815740
0.792095
0.526830
0.352081
0.337357
0.964621
0.918076
0.418981
0.350694
0.029751
0.766792
0.341423
0.645846
0.553037
0.026591
0.589923
0.463182
0.712505
0.513474
0.350694
0.577857
0.363667
0.192805
0.168563
0.908447
0.601592
0.865031
0.841474
0.657612
0.594406
0.308870
0.286022
0.709829
0.499410
0.832661
0.925561
0.143091
0.888332
0.359426
0.591716
0.763363
0.951577
0.269001
0.048669
0.444173
0.122174
0.463182
0.030637
0.086956
0.979089
0.943254
0.943254
0.460733
0.487192
0.026146
0.771914
0.282139
0.571179
0.328991
0.521644
0.049731
0.555681
0.781647
0.289035
0.937224
0.001551
0.225269
0.491810
0.179931
0.752571
0.446577
0.001433
0.650372
0.757765
0.315585
0.004143
0.856736
0.564966
0.039089
0.157801
0.888332
0.757765
0.473459
0.158738
0.161005
0.751704
0.397628
0.485517
0.912009
0.401770
0.078858
0.784168
0.284225
0.484681
0.964621
0.937224
0.347241
0.510904
0.086512
0.662588
0.858193
0.699540
0.029960
0.569402
0.448183
0.912009
0.054632
0.232101
0.632723
0.042146
0.845250
0.585001
0.817338
0.066915
0.364378
0.653087
0.673435
0.509195
0.150294
0.419756
0.835746
0.687412
0.739048
0.127528
0.232101
0.034480
0.035891
0.755171
0.419756
0.288430
0.756901
0.239358
0.050135
0.113168
0.827995
0.026817
0.237267
0.784168
0.831886
0.494338
0.919208
0.491810
0.081864
0.277414
0.193690
0.998020
0.902051
0.920890
0.394632
0.179514
0.880663
0.488030
0.306970
0.262465
0.843744
0.124597
0.149221
0.637247
0.824467
0.879307
0.792925
0.485517
0.611948
0.752571
0.678399
0.623230
0.004667
0.321423
0.113450
0.139855
0.016151
0.455853
0.625941
0.673435
0.742552
0.091743
0.234673
0.623230
0.376224
0.133083
0.907244
0.186491
0.727157
0.900810
0.834976
0.164457
0.066216
0.003773
0.237527
0.806470
0.901432
0.240672
0.098365
0.619617
0.779962
0.670725
0.986684
0.666206
0.351387
0.124903
0.196363
0.582319
0.709829
0.808093
0.180348
0.804843
0.611948
0.842988
0.346553
0.293598
0.724502
0.973874
0.620520
0.200201
0.919208
0.283032
0.092445
0.525964
0.739924
0.728924
0.070057
0.004681
0.542939
0.525099
0.869278
0.650372
0.611046
0.572069
0.380957
0.137344
0.330986
0.728041
0.963164
0.575184
0.248945
0.498563
0.135363
0.520781
0.912596
0.680203
0.186921
0.936229
0.371888
0.900810
0.684710
0.207123
0.901432
0.596201
0.266144
0.358722
0.662588
0.383889
0.180766
0.859644
0.969948
0.725387
0.097130
0.423642
0.410131
0.466869
0.086290
0.892243
0.168168
0.550397
0.909045
0.951577
0.578749
0.715178
0.098613
0.408603
0.898935
0.034384
0.417434
0.711613
0.917508
0.747354
0.004625
0.386096
0.930872
0.257990
0.483846
0.957993
0.404799
0.393885
0.804028
0.887674
0.771062
0.661684
0.551277
0.283032
0.445775
0.077542
0.623230
0.240146
0.668014
0.360130
0.370450
0.407079
0.418981
0.257990
0.035594
0.143781
0.378768
0.305078
0.925561
0.188649
0.805657
0.531166
0.350001
0.830334
0.130677
0.723616
0.512617
0.433445
0.808093
0.653087
0.964260
0.380957
0.290247
0.632723
0.979351
0.149578
0.363667
0.360130
0.579641
0.246789
0.024225
0.248945
0.110252
0.855273
0.597099
0.361543
0.933706
0.950712
0.501955
0.878626
0.261341
0.951146
0.890296
0.887674
0.881339
0.647656
0.114297
0.698644
0.360130
0.247865
0.234157
0.430295
0.807282
0.855273
0.202029
0.509195
0.709829
0.908447
0.168563
0.236227
0.775735
0.820518
0.257990
0.795408
0.679301
0.727157
0.483011
0.444173
0.418207
0.175596
0.462365
0.544691
0.350694
0.244381
0.946032
0.008051
0.570291
0.032937
0.958389
0.682908
0.018025
0.542064
0.526830
0.582319
0.536823
0.796234
0.921447
0.337357
0.817338
0.456665
0.608343
0.831886
0.218596
0.795408
0.514331
0.176005
0.194133
0.219575
0.243849
0.218108
0.763363
0.056637
0.670725
0.350694
0.833434
0.620520
0.023052
0.611046
0.200657
0.201570
0.793754
0.323713
0.576074
0.384624
0.523370
0.889643
0.286622
0.585001
0.250028
0.446577
0.308235
0.360836
0.866453
0.073331
0.790433
0.026591
0.092916
0.050746
0.151012
0.699540
0.633628
0.804843
0.927176
0.919771
0.478847
0.584107
0.919771
0.263876
0.525099
0.650372
0.818134
0.444173
0.995633
0.793754
0.455853
0.516907
0.986485
0.726272
0.723616
0.640867
0.134056
0.202029
0.141040
0.782488
0.239096
0.712505
0.513474
0.626845
0.553918
0.670725
0.055961
0.596201
0.979611
0.525964
0.271302
0.306970
0.834206
0.752571
0.350694
0.779962
0.777429
0.571179
0.245717
0.457477
0.271302
0.527696
0.789601
0.282436
0.295438
0.276828
0.251115
0.978291
0.983383
0.160057
0.241727
0.351387
0.021776
0.625038
0.863602
0.834206
0.383889
0.607442
0.509195
0.182447
0.917508
0.056186
0.315585
0.708936
0.892243
0.267284
0.832661
0.350694
0.650372
0.945575
0.736414
0.406318
0.746046
0.361543
0.512617
0.808902
0.061175
0.014506
0.622327
0.910236
0.831111
0.585895
0.145517
0.819725
0.264159
0.492652
0.305078
0.374775
0.783328
0.994098
0.710721
0.010645
0.326345
0.357317
0.959565
0.920331
0.365800
0.806470
0.117306
0.278001
0.685611
0.045856
0.066565
0.127528
0.431868
0.232101
0.936728
0.878626
0.362958
0.019037
0.219575
0.963531
0.531166
0.726272
0.419756
0.338709
0.009084
0.611046
0.364378
0.267855
0.621424
0.899562
0.049865
0.013704
0.695952
0.998799
0.361543
0.138846
0.570291
0.900810
0.028849
0.744300
0.808902
0.222779
0.215681
0.766792
0.974174
0.590819
0.139855
0.607442
0.085410
0.005129
0.927710
0.809711
0.739048
0.855273
0.163300
0.867869
0.171949
0.099739
0.855273
0.474286
0.013804
0.635438
0.625038
0.585895
0.066042
0.640867
0.661684
0.927710
0.662588
0.073140
0.842232
0.779119
0.338709
0.262465
0.498563
0.631819
0.880663
0.371888
0.979351
0.663493
0.928242
0.224270
0.622327
0.974768
0.032528
0.496871
0.044385
0.901432
0.166597
0.626845
0.625038
0.383154
0.171548
0.134382
0.002608
0.318170
0.590819
0.363667
0.406318
0.843744
0.804843
0.858193
0.744300
0.348619
0.565852
0.590819
0.739924
0.724502
0.610145
0.887015
0.834206
0.516048
0.765936
0.454233
0.997023
0.515189
0.162149
0.219085
0.835746
0.015622
0.888988
0.259104
0.134382
0.901432
0.670725
0.804028
0.982218
0.579641
0.281842
0.564966
0.266144
0.928772
0.342104
0.096885
0.143781
0.727157
0.625038
0.469335
0.728924
0.892243
0.916937
0.238572
0.771914
0.765936
0.521644
0.043370
0.393140
0.682908
0.729807
0.022183
0.269575
0.806470
0.898935
0.137510
0.900810
0.925561
0.136516
0.593509
0.503654
0.529430
0.867869
0.041010
0.032347
0.497717
0.308235
0.721843
0.371168
0.118763
0.890296
0.304449
0.728924
0.240672
0.427156
0.127840
0.887015
0.650372
0.342104
0.912009
0.319469
0.041574
0.436609
0.936229
0.352776
0.006525
0.986684
0.143436
0.042146
0.295438
0.927710
0.793754
0.316230
0.398379
0.606541
0.235967
0.252206
0.843744
0.041010
0.770210
0.127217
0.927176
0.909045
0.808902
0.086733
0.215199
0.593509
0.808093
0.106600
0.397628
0.638152
0.536823
0.592612
0.469335
0.293598
0.319469
0.250571
0.441777
0.407841
0.176415
0.185207
0.148509
0.461548
0.346553
0.275074
0.508340
0.034147
0.964980
0.670725
0.352081
0.422863
0.857465
0.585895
0.295438
0.715178
0.448183
0.361543
0.355916
0.371168
0.305078
0.963897
0.253848
0.010019
0.926101
0.728041
0.930350
0.071817
0.968622
0.779962
0.456665
0.818930
0.846001
0.912009
0.257435
0.483011
0.399884
0.562308
0.963897
0.155203
0.596201
0.950277
0.951146
0.069327
0.791265
0.325686
0.554800
0.475114
0.782488
0.266144
0.563194
0.609244
0.356616
0.142748
0.280952
0.779119
0.015873
0.572958
0.808093
0.579641
0.327666
0.129094
0.324370
0.642678
0.328328
0.063734
0.710721
0.592612
0.535952
0.319469
0.889643
0.957194
0.146918
0.035792
0.889643
0.969289
0.453424
0.926639
0.986684
0.497717
0.727157
0.466048
0.695054
0.269575
0.991522
0.141891
0.946032
0.950277
0.758628
0.081864
0.973572
0.973572
0.995821
0.662588
0.310141
0.835746
0.994214
0.266144
0.805657
0.098738
0.989535
0.613751
0.468512
0.557446
0.160625
0.514331
0.585895
0.818134
0.231590
0.917508
0.640867
0.539442
0.358019
0.781647
0.911420
0.711613
0.018129
0.459103
0.226773
0.564966
0.985876
0.031767
0.224270
0.567626
0.452211
0.144127
0.347930
0.653087
0.383889
0.226271
0.919208
0.983383
0.900187
0.284225
0.182026
0.510049
0.639962
0.051849
0.729807
0.186921
0.157801
0.019760
0.535952
0.248405
0.209708
0.441777
0.629558
0.495182
0.469335
0.750835
0.037873
0.811325
0.724502
0.911420
0.155572
0.951577
0.032079
0.283032
0.280952
0.510904
0.595304
0.201570
0.343469
0.101512
0.889643
0.455043
0.982923
0.066042
0.658517
0.209236
0.404040
0.456665
0.569402
0.548639
0.383154
0.154834
0.677497
0.952434
0.963531
0.051157
0.122776
0.041010
0.910829
0.577857
0.958389
0.220557
0.314941
0.756901
0.360836
0.764221
0.581426
0.899562
0.938211
0.424421
0.621424
0.668014
0.154467
0.106068
0.963531
0.018365
0.427940
0.542939
0.797882
0.952007
0.558329
0.596201
0.336009
0.403283
0.066390
0.651277
0.290247
0.363667
0.185634
0.959565
0.992101
0.019760
0.345180
0.617812
0.868574
0.429509
0.911420
0.818930
0.483846
0.285422
0.995440
0.399131
0.726272
0.737292
0.740801
0.657612
0.076743
0.075754
0.434235
0.241727
0.144820
0.779119
0.132116
0.898935
0.483011
0.769357
0.393140
0.930350
0.670725
0.500258
0.257990
0.304449
0.669821
0.710721
0.012100
0.064580
0.901432
0.108887
0.679301
0.553037
0.515189
0.215199
0.144127
0.421308
0.898935
0.555681
0.504079
0.712505
0.501955
0.303195
0.043252
0.986284
0.357317
0.056940
0.566739
0.929300
0.455043
0.078248
0.259662
0.316230
0.858193
0.167381
0.057550
0.130042
0.611948
0.912009
0.846001
0.401770
0.085629
0.978559
0.566739
0.655802
0.633628
0.287827
0.854540
0.092680
0.345180
0.630462
0.889643
0.982690
0.136185
0.654897
0.485517
0.453424
0.743426
0.281842
0.410896
0.808902
0.495182
0.739048
0.738170
0.551277
0.052762
0.000951
0.700437
0.723616
0.727157
0.043607
0.649467
0.133083
0.201113
0.424421
0.066740
0.325686
0.464819
0.994329
0.590819
0.783328
0.669821
0.077442
0.796234
0.352081
0.715178
0.566739
0.995821
0.038082
0.564966
0.867869
0.224769
0.364378
0.781647
0.519919
0.716957
0.291462
0.293598
0.848247
0.840714
0.728924
0.756037
0.695054
0.419756
0.936229
0.610145
0.909642
0.286022
0.741676
0.552157
0.750835
0.739924
0.446577
0.539442
0.621424
0.481343
0.470158
0.927176
0.712505
0.328328
0.049198
0.318819
0.122776
0.192805
0.357317
0.995728
0.724502
0.544691
0.978825
0.957194
0.648561
0.785844
0.845250
0.781647
0.198614
0.483011
0.792925
0.769357
0.906035
0.236746
0.559213
0.819725
0.785006
0.470158
0.816540
0.421308
0.275657
0.909642
0.002520
0.804028
0.265576
0.879307
0.807282
0.406318
0.756901
0.628654
0.969289
0.198840
0.958389
0.514331
0.374052
0.496026
0.137178
0.638152
0.096640
0.989364
0.076942
0.313015
0.688312
0.346553
0.975353
0.569402
0.236227
0.122174
0.756037
0.716068
0.708936
0.161005
0.353473
0.428724
0.191485
0.416662
0.417434
0.949839
0.541189
0.461548
0.793754
0.118763
0.493495
0.750835
0.793754
0.668014
0.957594
0.174780
0.379497
0.194578
0.740801
0.192805
0.682908
0.824467
0.469335
0.299764
0.082712
0.868574
0.084321
0.203408
0.279769
0.999672
0.570291
0.474286
0.219085
0.529430
0.854540
0.766792
0.123684
0.911420
0.144127
0.083889
0.738170
0.393140
0.150294
0.251115
0.280952
0.625941
0.139855
0.792925
0.172754
0.375499
0.172351
0.330320
0.032573
0.728041
0.416662
0.672531
0.139181
0.963164
0.919771
0.792925
0.711613
0.109978
0.596201
0.209708
0.651277
0.671628
0.963531
0.352081
0.074971
0.531166
0.195023
0.821310
0.037458
0.585001
0.806470
0.682007
0.527696
0.059891
0.890946
0.694156
0.253848
0.296054
0.465229
0.087178
0.021776
0.440183
0.284225
0.034384
0.028728
0.347241
0.199293
0.550397
0.740801
0.458290
0.973572
0.558329
0.639962
0.962048
0.969948
0.978825
0.200201
0.026442
0.186491
0.844498
0.870681
0.140192
0.998799
0.169355
0.036289
0.327005
0.132760
0.051295
0.846001
0.682908
0.373330
0.641772
0.277414
0.132116
0.950712
0.539442
0.860367
0.567626
0.286022
0.637247
0.281545
0.564966
0.982923
0.004086
0.016795
0.780805
0.808093
0.314941
0.038822
0.739048
0.921447
0.739048
0.141721
0.323058
0.628654
0.211605
0.313015
0.516048
0.369732
0.202029
0.309505
0.389423
0.445775
0.281545
0.456665
0.425983
0.616458
0.002221
0.233642
0.586790
0.239620
0.543815
0.856005
0.744300
0.233642
0.338709
0.456665
0.962422
0.446577
0.843744
0.799527
0.350694
0.123380
0.458290
0.037769
0.065695
0.125670
0.473459
0.567626
0.358722
0.018982
0.756037
0.510049
0.017921
0.944188
0.223772
0.985876
0.534210
0.018792
0.303195
0.845250
0.168563
0.367584
0.724502
0.091393
0.811325
0.048407
0.011802
0.226271
0.756037
0.878626
0.907847
0.986081
0.459103
0.427940
0.640867
0.390164
0.349310
0.473459
0.672531
0.071817
0.390907
0.460733
0.834206
0.234673
0.805657
0.567626
0.784168
0.260221
0.752571
0.238572
0.585001
0.550397
0.593509
0.448183
0.830334
0.634533
0.050746
0.523370
0.798705
0.668014
0.428724
0.174780
0.488030
0.094342
0.330986
0.338709
0.190827
0.418207
0.226271
0.369732
0.712505
0.307602
0.643583
0.468512
0.712505
0.123380
0.372608
0.496871
0.110527
0.928242
0.765079
0.266144
0.578749
0.582319
0.829556
0.752571
0.741676
0.755171
0.880663
0.739048
0.401770
0.553918
0.887674
0.724502
0.083567
0.877260
0.610145
0.888988
0.699540
0.550397
0.808902
0.371168
0.072950
0.428724
0.585001
0.404799
0.715178
0.855273
0.639962
0.597997
0.995633
0.189954
0.470158
0.082925
0.629558
0.000231
0.782488
0.927710
0.612849
0.757765
0.877944
0.236486
0.781647
0.624134
0.618714
0.771062
0.449792
0.680203
0.982690
0.084755
0.949839
0.301632
0.848247
0.739924
0.647656
0.077342
0.094582
0.225769
0.007686
0.834206
0.578749
0.029092
0.101003
0.056637
0.900810
0.943722
0.935226
0.683809
0.075950
0.520781
0.372608
0.384624
0.831886
0.565852
0.053331
0.516048
0.784168
0.978825
0.127528
0.979089
0.887015
0.025239
0.409367
0.257990
0.710721
0.902669
0.670725
0.020924
0.871381
0.676595
0.900810
0.097376
0.564080
0.869278
0.421308
0.038503
0.564080
0.176415
0.279179
0.323713
0.134382
0.000897
0.928242
0.828776
0.541189
0.410896
0.031635
0.698644
0.084105
0.325686
0.252206
0.673435
0.066390
0.250571
0.386096
0.413965
0.567626
0.163685
0.514331
0.682007
0.479678
0.969289
0.352776
0.052550
0.902051
0.205491
0.867869
0.611046
0.306338
0.622327
0.781647
0.749096
0.630462
0.037873
0.654897
0.867161
0.782488
0.739048
0.322730
0.393140
0.986284
0.653992
0.548639
0.520781
0.625941
0.267284
0.772764
0.887015
0.957594
0.945115
0.161767
0.927710
0.276242
0.641772
0.086069
0.210181
0.695952
0.569402
0.251115
0.553037
0.159491
0.013021
0.871381
0.551277
0.541189
0.145866
0.443374
0.205258
0.231590
0.345180
0.325686
0.318170
0.928772
0.297287
0.202947
0.609244
0.598896
0.041461
0.575184
0.611046
0.183717
0.695054
0.435026
0.477601
0.257990
0.681105
0.015531
0.431868
0.685611
0.199747
0.749096
0.945115
0.889643
0.570291
0.613751
0.483846
0.695952
0.855273
0.974768
0.526830
0.677497
0.483011
0.037873
0.297287
0.527696
0.517767
0.830334
0.974768
0.267855
0.911420
0.100749
0.783328
0.138176
0.319469
0.260221
0.653992
0.844498
0.510049
0.625941
0.371168
0.950712
0.845250
0.480510
0.564080
0.891596
0.853805
0.200657
0.371168
0.596201
0.832661
0.374775
0.878626
0.142919
0.782488
0.736414
0.134056
0.842988
0.004923
0.006284
0.139855
0.462365
0.021104
0.899562
0.910829
0.616458
0.890296
0.157988
0.032347
0.045115
0.869278
0.510904
0.415120
0.159302
0.854540
0.286622
0.316876
0.117161
0.907847
0.275657
0.483846
0.969620
0.108345
0.766792
0.525964
0.304449
0.681105
0.516048
0.107134
0.138176
0.419756
0.366513
0.471807
0.870681
0.164845
0.782488
0.797059
0.623230
0.089777
0.698644
0.790433
0.806470
0.735535
0.385360
0.279179
0.435026
0.571179
0.612849
0.191266
0.833434
0.188216
0.201570
0.510049
