0.000000
0.000000
0.000000
0.000000
0.000000
0.000000
0.000000
0.000000
0.000000
0.000000
0.000000
0.000000
0.000000
0.000000
0.000000
0.000000
0.000000
0.000000
0.000000
0.000000
0.000000
0.000000
0.000000
0.000000
0.000000
0.000000
0.000000
0.000000
0.000000
0.000000
0.000000
0.000000
0.000000
0.000000
0.000000
0.000000
0.000000
0.000000
0.000000
0.000000
0.000000
0.000000
0.000000
0.000000
0.000000
0.000000
0.000000
0.000000
0.000000
0.000000
0.000000
0.000000
0.000000
0.000000
0.007036
0.005112
0.007362
0.014200
0.042255
0.208395
0.589078
0.733155
0.648171
0.727136
0.828242
0.838302
0.677447
0.457716
0.231010
0.166153
0.212223
0.351890
0.633271
0.611494
0.516341
0.361993
0.451819
0.695544
0.745840
0.867071
0.933985
0.678759
0.857674
0.617015
0.906541
0.427311
0.258433
0.202302
0.222822
0.315147
0.379911
0.401333
0.420120
0.393913
0.486504
0.503370
0.538862
0.603945
0.894882
0.328195
0.216528
0.076279
0.049109
0.151058
0.285669
0.281305
0.346402
0.293208
0.075942
0.043716
0.032174
0.014229
0.011850
0.036060
0.049894
0.070204
0.131058
0.522938
0.603268
0.398622
0.560782
0.607956
0.517064
0.458739
0.270409
0.185500
0.168072
0.172502
0.160907
0.301449
0.345951
0.482899
0.759197
0.620833
0.253292
0.587381
0.754060
0.848067
0.689599
0.819275
0.917699
0.974724
0.941216
0.966849
0.000000
0.000000
0.000000
0.000000
0.000000
0.000000
0.000000
0.000000
0.000000
0.000000
0.000000
0.000000
0.000000
0.000000
0.000000
0.000000
0.000000
0.000000
0.000000
0.000000
0.000000
0.000000
0.000000
0.000000
0.000000
0.000000
0.000000
0.000000
0.000000
0.000000
0.000000
0.000000
0.000000
0.000000
0.000000
0.000000
0.000000
0.000000
0.000000
0.000000
0.000000
0.000000
0.000000
0.000000
0.000000
0.000000
0.000000
0.000000
0.000000
0.000000
0.000000
0.000000
0.000000
0.000000
0.000000
0.000000
0.000000
0.000000
0.000000
0.000000
0.000000
0.000000
0.000000
0.000000
0.000000
0.000000
0.000000
0.000000
0.000000
0.000000
0.000000
0.000000
0.000000
0.000000
0.000000
0.000000
0.000000
0.000000
0.000000
0.000000
0.000000
0.000000
0.000000
0.000000
0.000000
0.000000
0.000000
0.000000
0.000000
0.000000
0.000000
0.000000
0.000000
0.000000
0.000000
0.000000
0.000000
0.000000
0.000000
0.000000
0.000000
0.000000
0.000000
0.000000
0.000000
0.000000
0.000000
0.000000
0.000000
0.000000
0.000000
0.000000
0.000000
0.000000
0.000000
0.000000
0.000000
0.000000
0.000000
0.000000
0.000000
0.000000
0.000000
0.000000
0.000000
0.000000
0.143295
0.190379
0.295210
0.618588
0.537947
0.547306
0.778474
0.334713
0.047104
0.783164
0.125494
0.135058
0.223048
0.109871
0.178500
0.326426
0.431463
0.483411
