0.319469
0.162916
0.376950
0.626845
0.493495
0.795408
0.890296
0.359426
0.712505
0.790433
0.321423
0.151373
0.592612
0.835746
0.668014
0.466869
0.722730
0.809711
0.671628
0.752571
0.158175
0.877944
0.408603
0.396878
0.956386
0.235708
0.918076
0.831886
0.525099
0.155203
0.712505
0.024431
0.427156
0.848247
0.152641
0.476771
0.755171
0.488030
0.989535
0.345866
0.582319
0.393885
0.890296
0.218596
0.353821
0.081654
0.253848
0.949839
0.756037
0.810518
0.916937
0.371888
0.482177
0.804028
0.964260
0.989535
0.512617
0.818930
0.240672
0.488869
0.539442
0.228286
0.809711
0.472633
0.110527
0.710721
0.096396
0.639962
0.927176
0.579641
0.429509
0.318819
0.525099
0.945115
0.319469
0.919771
0.134382
0.868574
0.425983
0.779119
0.565852
0.929300
0.684710
0.318170
0.898306
0.754305
0.143436
0.936229
0.740801
0.295438
0.103964
0.590819
0.207825
0.845250
0.195469
0.350001
0.689211
0.994098
0.538568
0.707149
0.835746
0.624134
0.396878
0.275657
0.613751
0.144820
0.775735
0.936229
0.781647
0.866453
0.766792
0.194133
0.649467
0.366870
0.368299
0.805657
0.767648
0.242256
0.318819
0.725387
0.654897
0.999672
0.324370
0.846001
0.685611
0.194578
0.565852
0.202029
0.728924
0.494338
0.328328
0.278590
0.115150
0.970598
0.650372
0.637247
0.190390
0.336009
0.131795
0.695054
0.818930
0.881339
0.042376
0.276242
0.511760
0.626845
0.436609
0.945115
0.723616
0.019037
0.958783
0.263311
0.252752
0.941836
0.964621
0.331319
0.964260
0.538568
0.765936
0.594406
0.407079
0.684710
0.444173
0.313656
0.597099
0.739924
0.133407
0.703124
0.396129
0.899562
0.330320
0.078451
0.910236
0.794581
0.671628
0.118763
0.957194
0.739924
0.509195
0.014633
0.355566
0.611046
0.163685
0.795408
0.979869
0.121575
0.744300
0.834206
0.136185
0.384624
0.830334
0.195915
0.385360
0.251660
0.639962
0.457477
0.846751
0.138846
0.061175
0.308235
0.753439
0.083138
0.535080
0.028970
0.615555
0.269001
0.348619
0.390907
0.505356
0.583213
0.014464
0.726272
0.470982
0.538568
0.044506
0.218596
0.058243
0.529430
0.796234
0.066390
0.583213
0.771914
0.723616
0.337357
0.258547
0.731572
0.489709
0.846751
0.736414
0.371888
0.422085
0.256051
0.534210
0.963531
0.069509
0.267284
0.807282
0.935226
0.195915
0.667110
0.269575
0.077142
0.166989
0.919771
0.124292
0.899562
0.669821
0.056186
0.656707
0.962422
0.868574
0.756037
0.949839
0.774888
0.327666
0.069327
0.598896
0.725387
0.564966
0.286022
0.581426
0.498563
0.073140
0.393885
0.064750
0.207825
0.014028
0.714287
0.349310
0.888988
0.258547
0.611948
0.876574
0.366513
0.130042
0.889643
0.844498
0.369015
0.018631
0.384624
0.092916
0.555681
0.454233
0.334664
0.920331
0.945575
0.113731
0.986081
0.189954
0.881339
0.806470
0.241727
0.868574
0.963164
0.252206
0.771914
0.150294
0.218108
0.536823
0.505782
0.781647
0.072193
0.176005
0.267284
0.461548
0.669821
0.951146
0.406318
0.237527
0.419756
0.306338
0.398379
0.728041
0.495182
0.989364
0.651277
0.394632
0.029668
0.454233
0.792095
0.287224
0.739048
0.380957
0.527696
0.785006
0.739048
0.841474
0.446577
0.207825
0.061990
0.459917
0.739048
0.214236
0.399131
0.553037
0.072760
0.300386
0.998837
0.941836
0.510904
0.725387
0.154834
0.472633
0.338709
0.217621
0.120532
0.829556
0.128466
0.751704
0.536823
0.382421
0.013135
0.016530
0.092093
0.578749
0.304449
0.333323
0.046925
0.983383
0.157428
0.474286
0.001339
0.170149
0.411662
0.525964
0.656707
0.614653
0.741676
0.035252
0.497717
0.150294
0.258547
0.014422
0.521644
0.114297
0.389793
0.920331
0.597997
0.383889
0.167774
0.834976
0.836514
0.231590
0.716068
0.191046
0.389423
0.853805
0.085410
0.685611
0.578749
0.611046
0.503654
0.712505
0.626845
0.982923
0.348619
0.952007
0.003558
0.138846
0.038082
0.628654
0.217621
0.267284
0.623230
0.499410
0.725387
0.669821
0.667110
0.625941
0.266144
0.867869
0.511760
0.902051
0.493495
0.395380
0.350694
0.520781
0.342104
0.152641
0.009989
0.968957
0.395380
0.202029
0.611948
0.597099
0.410896
0.890296
0.114865
0.087626
0.916937
0.804843
0.637247
0.420531
0.035154
0.394632
0.504505
0.586790
0.515189
0.133083
0.327005
0.353473
0.089777
0.611046
0.497717
0.853068
0.568514
0.085629
0.420531
0.912596
0.015308
0.446577
0.084213
0.431081
0.741676
0.566739
0.566739
0.540315
0.360130
0.085629
0.929300
0.191485
0.488869
0.059023
0.175187
0.916364
0.112328
0.979611
0.823680
0.338032
0.019423
0.831886
0.021346
0.699540
0.709829
0.780805
0.879307
0.482177
0.674338
0.292071
0.067268
0.026517
0.417434
0.303822
0.174373
0.317523
0.981979
0.609244
0.929826
0.526830
0.957594
0.085629
0.537696
0.066740
0.804843
0.879986
0.655802
0.806470
0.468512
0.597997
0.762504
0.425592
0.259104
0.355566
0.348619
0.699540
0.523370
0.888332
0.275074
0.781647
0.023381
0.181605
0.997964
0.922002
0.684710
0.509195
0.633628
0.683809
0.285422
0.853068
0.318819
0.562308
0.169752
0.996873
0.909045
0.858193
0.908447
0.326345
0.257435
0.407841
0.349310
0.420531
0.154467
0.918076
0.807282
0.639057
0.782488
0.095546
0.664397
0.299764
0.429509
0.942783
0.742552
0.597099
0.156683
0.877944
0.724502
0.751704
0.562308
0.701333
0.522507
0.623230
0.394632
0.765936
0.974768
0.144820
0.138511
0.752571
0.584107
0.634533
0.048735
0.358019
0.059812
0.945115
0.989535
0.469335
0.918076
0.834976
0.762504
0.195915
0.539442
0.695054
0.944653
0.496871
0.041461
0.929300
0.637247
0.350694
0.496026
0.314941
0.639057
0.684710
0.182447
0.287224
0.294211
0.383889
0.325686
0.653087
0.725387
0.888988
0.180766
0.755171
0.285422
0.697747
0.974472
0.029502
0.808093
0.442575
0.260221
0.782488
0.542939
0.887674
0.040897
0.037304
0.494338
0.334664
0.119940
0.160625
0.521644
0.668014
0.834976
0.131475
0.155572
0.141891
0.765936
0.149935
0.194133
0.698644
0.168563
0.598896
0.091743
0.410131
0.003254
0.049464
0.792095
0.728924
0.365089
0.194578
0.693257
0.822891
0.011292
0.374775
0.100749
0.866453
0.119645
0.611046
0.507487
0.179514
0.149935
0.810518
0.197711
0.149935
0.382421
0.385360
0.267284
0.627749
0.223275
0.808093
0.654897
0.781647
0.783328
0.045980
0.602492
0.597099
0.202947
0.588132
0.927176
0.856005
0.887674
0.429509
0.483011
0.596201
0.664397
0.405558
0.491390
0.149578
0.161386
0.697747
0.625941
0.487192
0.912009
0.637247
0.292376
0.970274
0.638152
0.109431
0.815740
0.320119
0.459917
0.073331
0.384624
0.910829
0.464000
0.279179
0.766792
0.705361
0.207825
0.173562
0.568514
0.648561
0.935226
0.207825
0.175187
0.565852
0.073714
0.657612
0.999358
0.622327
0.248405
0.919208
0.451808
0.418207
0.259662
0.746046
0.384624
0.739048
0.542939
0.076148
0.620520
0.647656
0.781647
0.592612
0.682007
0.512617
0.640867
0.156683
0.447379
0.259104
0.304449
0.241727
0.892243
0.395380
0.864317
0.782488
0.951577
0.834976
0.727157
0.890296
0.653087
0.413581
0.756037
0.829556
0.758628
0.015397
0.203408
0.753439
0.706255
0.133083
0.323713
0.419756
0.161386
0.347241
0.621424
0.239096
0.350694
0.216165
0.186491
0.103054
0.822101
0.330320
0.166989
0.078248
0.663493
0.623230
0.019340
0.432657
0.555681
0.909642
0.891596
0.279769
0.887015
0.003083
0.668014
0.964260
0.994214
0.668917
0.752571
0.127840
0.819725
0.582319
0.740801
0.433445
0.919771
0.818930
0.156683
0.166989
0.928242
0.869278
0.964621
0.378768
0.638152
0.325027
0.073906
0.865031
0.846001
0.407079
0.572958
0.457477
0.314298
0.869278
0.927710
0.672531
0.866453
0.882013
0.415890
0.943722
0.663493
0.678399
0.238572
0.499410
0.770210
0.540315
0.553037
0.558329
0.581426
0.219085
0.184780
0.793754
0.134708
0.317523
0.986882
0.422085
0.199293
0.065093
0.547761
0.347241
0.211605
0.039521
0.845250
0.360130
0.499410
0.265008
0.196363
0.743426
0.540315
0.259662
0.709829
0.481343
0.989017
0.625038
0.956791
0.780805
0.521644
0.916937
0.890296
0.257990
0.832661
0.513474
0.051571
0.795408
0.243849
0.777429
0.003938
0.069327
0.499410
0.267284
0.176825
0.754305
0.299143
0.938701
0.739924
0.243317
0.598896
0.347930
0.609244
0.253848
0.710721
0.390907
0.739924
0.316876
0.454233
0.394632
0.958783
0.006694
0.447379
0.858193
0.753439
0.075950
0.266144
0.038187
0.728041
0.639057
0.937224
0.350001
0.144473
0.368299
0.860367
0.901432
0.881339
0.668014
0.276828
0.969948
0.472633
0.350694
0.723616
0.233127
0.360836
0.910236
0.547761
0.284225
0.008726
0.990037
0.073331
0.613751
0.998759
0.927710
0.845250
0.610145
0.144473
0.322076
0.485517
0.054486
0.793754
0.455853
0.361543
0.448183
0.136350
0.284823
0.779119
0.963531
0.383154
0.337357
0.045732
0.481343
0.865031
0.583213
0.275657
0.186062
0.700437
0.983383
0.436609
0.260780
0.190390
0.708936
0.242786
0.108616
0.444974
0.483846
0.256327
0.348619
0.888332
0.611948
0.878626
0.095909
0.792095
0.441777
0.108616
0.444974
0.495182
0.376224
0.271880
0.567626
0.576074
0.968285
0.475942
0.208295
0.458290
0.256881
0.674338
0.432657
0.082499
0.110252
0.360836
0.667110
0.049065
0.623230
0.867869
0.148865
0.333323
0.523370
0.224270
0.846751
0.034242
0.284225
0.561424
0.909642
0.175596
0.668014
0.297905
0.597997
0.338709
0.294211
0.991373
0.062649
0.642678
0.464819
0.753439
0.271880
0.888988
0.276828
0.115150
0.263311
0.265008
0.110252
0.711613
0.514331
0.956386
0.950712
0.396129
0.044265
0.586790
0.086512
0.597099
0.844498
0.038662
0.260780
0.694156
0.197936
0.196363
0.903285
0.187784
0.106334
0.296670
0.429509
0.013825
0.358722
0.143436
0.496871
0.880663
0.891596
0.857465
0.182447
0.282734
0.593509
0.657612
0.152277
0.013329
0.139855
0.815740
0.549518
0.241199
0.241199
0.872078
0.167774
0.003569
0.190827
0.681105
0.778274
0.091976
0.010835
0.208295
0.642678
0.632271
0.484681
0.797059
0.289640
0.020894
0.982923
0.722730
0.535952
0.656707
0.958783
0.868574
0.831111
0.878626
0.779962
0.092093
0.166597
0.537696
0.943254
0.944653
0.411662
0.832661
0.181605
0.132116
0.244381
0.288430
0.553918
0.994098
0.962422
0.680203
0.887674
0.351387
0.689661
0.762504
0.366157
0.664397
0.804843
0.677497
0.336682
0.695054
0.022501
0.114014
0.739048
0.034767
0.756901
0.583213
0.495182
0.817338
0.835746
0.478847
0.520781
0.328991
0.364378
0.870681
0.039412
0.034289
0.235190
0.392394
0.613751
0.404799
0.132116
0.983383
0.499410
0.140870
0.582319
0.898935
0.483846
0.635438
0.345180
0.550397
0.396878
0.234673
0.479678
0.607442
0.097376
0.693257
0.313656
0.542064
0.239096
0.538568
0.982923
0.643583
0.892243
0.047052
0.255223
0.898935
0.348619
0.726272
0.483011
0.475114
0.811325
0.261341
0.248405
0.671628
0.845250
0.407079
0.900810
0.383154
0.530298
0.637247
0.031900
0.986882
0.291767
0.461548
0.823680
0.418207
0.253300
0.568514
0.061500
0.640867
0.496026
0.584107
0.119056
0.950277
0.267855
0.518628
0.288430
0.431081
0.900810
0.242256
0.614653
0.481343
0.361543
0.011595
0.257435
0.170947
0.469335
0.944188
0.710721
0.756901
0.887674
0.051020
0.637247
0.290854
0.929826
0.943722
0.934722
0.815740
0.172351
0.294211
0.767648
0.455853
0.206889
0.645393
0.637247
0.949839
0.258547
0.970274
0.523370
0.740801
0.606541
0.973572
0.405558
0.538568
0.211130
0.270150
0.867161
0.918076
0.926639
0.848247
0.459103
0.637247
0.756901
0.527696
0.277414
0.929300
0.432657
0.791265
0.909045
0.497717
0.752571
0.401392
0.911420
0.104486
0.348619
0.668014
0.250571
0.419756
0.653992
0.979869
0.750835
0.595304
0.978291
0.540315
0.820518
0.449792
0.295438
0.713396
0.781647
0.501106
0.288430
0.565852
0.566739
0.305078
0.167774
0.543815
0.409367
0.764221
0.973874
0.508340
0.289640
0.580533
0.028487
0.855273
0.641772
0.855273
0.695952
0.844498
0.611948
0.721843
0.150294
0.127840
0.009872
0.089549
0.657612
0.635438
0.510904
0.511760
0.936728
0.290854
0.300386
0.956791
0.681105
0.325027
0.927176
0.611948
0.184141
0.708936
0.211130
0.099991
0.570291
0.771914
0.807282
0.160625
0.969948
0.792925
0.240146
0.798705
0.132438
0.506634
0.581426
0.519919
0.352776
0.612849
0.082287
0.402526
0.479678
0.155203
0.448183
0.093627
0.105011
0.464819
0.410131
0.287224
0.034289
0.254398
0.128780
0.742552
0.500258
0.534210
0.329655
0.682007
0.201113
0.467690
0.620520
0.248945
0.133407
0.418981
0.006604
0.454233
0.968957
0.412429
0.633628
0.771062
0.393885
0.817338
0.219085
0.499410
0.113731
0.497717
0.059653
0.779962
0.431868
0.226773
0.132116
0.767648
0.989704
0.166989
0.260221
0.888988
0.727157
0.525964
0.728041
0.779119
0.614653
0.829556
0.902669
0.373330
0.670725
0.879986
0.652182
0.708936
0.369015
0.039089
0.548639
0.256327
0.907847
0.666206
0.018260
0.088187
0.084647
0.314941
0.136185
0.791265
0.856736
0.188216
0.033677
0.001966
0.222036
0.177237
0.093153
0.241199
0.663493
0.625941
0.551277
0.672531
0.667110
0.669821
0.725387
0.211130
0.208295
0.358019
0.703124
0.920890
0.784168
0.386834
0.709829
0.024570
0.486354
0.668014
0.523370
0.275074
0.624134
0.474286
0.366513
0.302256
0.845250
0.472633
0.327005
0.472633
0.124903
0.509195
0.549518
0.933706
0.048669
0.641772
0.945575
0.612849
0.740801
0.819725
0.077342
0.406318
0.077342
0.070240
0.792095
0.103184
0.110252
0.875887
0.989192
0.418981
0.059023
0.627749
0.814940
0.318170
0.611046
0.620520
0.369015
0.333323
0.086512
0.889643
0.916364
0.808902
0.016410
0.794581
0.742552
0.626845
0.332654
0.957594
0.714287
0.819725
0.259662
0.644488
0.179931
0.888988
0.952434
0.834206
0.306970
0.207357
0.161005
0.039738
0.645393
0.927710
0.822101
0.095788
0.950277
0.321423
0.232614
0.580533
0.014338
0.122776
0.739924
0.708936
0.636342
0.447379
0.269001
0.684710
0.652182
0.819725
0.306338
0.419756
0.435026
0.572958
0.680203
0.245449
0.408603
0.280952
0.130042
0.497717
0.695952
0.615555
0.542064
0.512617
0.399508
0.724502
0.369015
0.622327
0.739924
0.113450
0.126287
0.345866
0.935226
0.089093
0.004923
0.564080
0.172351
0.051989
0.447379
0.403283
0.418981
0.620520
0.136350
0.389052
0.351387
0.614653
0.703124
0.244915
0.047693
0.572069
0.638152
0.798705
0.296670
0.582319
0.817338
0.123078
0.610145
0.642678
0.371888
0.579641
0.926639
0.287224
0.764221
0.951146
0.029792
0.514331
0.882013
0.360130
0.460733
0.290854
0.161767
0.394632
0.059023
0.312375
0.195915
0.929826
0.501955
0.808093
0.012738
0.579641
0.352081
0.112189
0.711613
0.325027
0.753439
0.396878
0.668917
0.568514
0.117887
0.316230
0.184567
0.682007
0.543815
0.501106
0.393885
0.679301
0.106733
0.039956
0.444974
0.792095
0.013987
0.797882
0.582319
0.109159
0.640867
0.554800
0.491810
0.234157
0.266714
0.415890
0.035154
0.541189
0.791265
0.296054
0.350694
0.407841
0.136350
0.106334
0.911420
0.044749
0.218596
0.007813
0.174373
0.581426
0.726272
0.739048
0.275074
0.294211
0.607442
0.435817
0.489709
0.239620
0.639057
0.448987
0.628654
0.176415
0.285422
0.498563
0.311416
0.531166
0.491810
0.835746
0.649467
0.807282
0.553037
0.084321
0.278001
0.187352
0.218596
0.908447
0.861088
0.199747
0.202029
0.358019
0.410131
0.215199
0.540315
0.837280
0.331653
0.640867
0.779962
0.666206
0.338709
0.156683
0.795408
0.057321
0.457477
0.204331
0.460733
0.401015
0.881339
0.319469
0.941836
0.613751
0.842232
0.632723
0.771062
0.879986
0.728041
0.752571
0.768503
0.837280
0.670725
0.721843
0.339386
0.997167
0.734655
0.650372
0.555681
0.407841
0.639962
0.393140
0.362958
0.497717
0.402526
0.261903
0.779962
0.950712
0.802395
0.010551
0.818930
0.570291
0.444974
0.549518
0.551277
0.674338
0.551277
0.653992
0.433445
0.172754
0.995821
0.372608
0.154283
0.834976
0.622327
0.202947
0.636342
0.266144
0.968622
0.659422
0.008457
0.104748
0.275074
0.951577
0.243849
0.264442
0.765079
0.035891
0.197261
0.268428
0.004583
0.433445
0.222779
0.672531
0.179514
0.137510
0.177649
0.820518
0.081654
0.902669
0.943254
0.833434
0.890946
0.765936
0.537696
0.525964
0.692359
0.212559
0.739048
0.328328
0.639962
0.338032
0.008674
0.458290
0.491810
0.534210
0.679301
0.305708
0.510904
0.555681
0.805657
0.785844
0.877260
0.796234
0.639962
0.743426
0.668014
0.779119
0.779962
0.941836
0.929826
0.543815
0.017312
0.765936
0.654897
0.550397
0.794581
0.540315
0.303195
0.496026
0.338709
0.087626
0.611046
0.035057
0.028328
0.374052
0.950277
0.750835
0.709829
0.009414
0.928772
0.228286
0.323713
0.694156
0.657612
0.305708
0.973572
0.362250
0.792925
0.794581
0.444173
0.722730
0.691460
0.455853
0.694156
0.668917
0.138176
0.097130
0.779962
0.218108
0.124597
0.634533
0.299143
0.452615
0.282139
0.380227
0.792925
0.151734
0.538568
0.390907
0.817338
0.935729
0.042146
0.754305
0.050814
0.236227
0.899562
0.160436
0.482177
0.525099
0.361543
0.728924
0.710721
0.820518
0.842988
0.836514
0.791265
0.796234
0.583213
0.927710
0.303822
0.094822
0.681105
0.525099
0.117596
0.423642
0.997964
0.785006
0.009597
0.590819
0.250028
0.269001
0.974472
0.957993
0.085410
0.522507
0.363667
0.498563
0.004569
0.454233
0.561424
0.443374
0.444173
0.080712
0.831111
0.144127
0.129094
0.174373
0.288430
0.097376
0.096152
0.276828
0.750835
0.408603
0.585001
0.318170
0.078451
0.380227
0.620520
0.681105
0.739048
0.820518
0.755171
0.316876
0.767648
0.366513
0.040619
0.069691
0.580533
0.209236
0.449792
0.471807
0.663493
0.571179
0.986284
0.310778
0.783328
0.511760
0.501955
0.858919
0.807282
0.638152
0.381689
0.267855
0.274491
0.636342
0.159868
0.175187
0.710721
0.460733
0.174373
0.844498
0.583213
0.819725
0.974472
0.669821
0.779962
0.405558
0.565852
0.294211
0.483011
0.435026
0.918643
0.783328
0.610145
0.165233
0.804843
0.380227
0.355217
0.682908
0.455853
0.084755
0.157055
0.724502
0.927710
0.350001
0.393140
0.680203
0.613751
0.969289
0.753439
0.100749
0.968622
0.543815
0.811325
0.147447
0.382421
0.804843
0.944653
0.475114
0.247327
0.231590
0.831886
0.542064
0.792095
0.853805
0.841474
0.564966
0.351387
0.554800
0.798705
0.779962
0.383889
0.755171
0.810518
0.937718
0.412429
0.789601
0.724502
0.879307
0.314298
0.285422
0.963897
0.351387
0.070979
0.769357
0.455853
0.719180
0.991814
0.818930
0.484681
0.406318
0.899562
0.845250
0.942783
0.844498
0.936728
0.754305
0.832661
0.320771
0.844498
0.528563
0.958783
0.930350
0.877260
0.392394
0.019146
0.525099
0.365444
0.542939
0.155203
0.916364
0.419756
0.359426
0.155572
0.998075
0.255775
0.742552
0.228286
0.445775
0.476771
0.822101
0.508340
0.473459
0.458290
0.752571
0.169355
0.878626
0.963531
0.224769
0.566739
0.956386
0.890946
0.361543
0.213755
0.979089
0.265008
0.357317
0.009569
0.217621
0.464000
0.964260
0.910829
0.870681
0.994098
0.697747
0.470158
0.069327
0.743426
0.523370
0.951577
0.998020
0.597099
0.650372
0.993981
0.663493
0.233642
0.261341
0.910236
0.561424
0.562308
0.523370
0.738170
0.708936
0.261341
0.909642
0.488869
0.663493
0.443374
0.749096
0.936728
0.195915
0.488030
0.279179
0.274491
0.453424
0.963531
0.560097
0.628654
0.697747
0.496871
0.670725
0.541189
0.684710
0.043488
0.467690
0.122776
0.725387
0.951577
0.565852
0.945575
0.142062
0.523370
0.753439
0.522507
0.161386
0.188649
0.155572
0.404799
0.080296
0.142405
0.380227
0.812130
0.921447
0.312055
0.011111
0.640867
0.073331
0.879307
0.287827
0.582319
0.653992
0.958783
0.583213
0.422863
0.950277
0.779119
0.488030
0.194578
0.410131
0.248945
0.595304
0.798705
0.021468
0.014676
0.350001
0.474286
0.155203
0.176415
0.650372
0.576966
0.266714
0.911420
0.951577
0.345866
0.139181
0.973874
0.690561
0.869278
0.956791
0.713396
0.752571
0.950277
0.749096
0.105011
0.082287
0.094582
0.518197
0.567626
0.109704
0.070057
0.451808
0.253848
0.405558
0.226773
0.014847
0.821310
0.034960
0.313656
0.982690
0.448987
0.374775
0.335336
0.362250
0.590819
0.363667
0.001217
0.737292
0.530298
0.553037
0.583213
0.403283
0.927710
0.396129
0.540315
0.581426
0.529430
0.578749
0.765936
0.127217
0.542064
0.743426
0.935226
0.137676
0.982923
0.132116
0.054050
0.754305
0.379132
0.004583
0.765079
0.856736
0.166597
0.936229
0.089093
0.821310
0.378040
0.920331
0.523370
0.936728
0.791265
0.696849
0.074971
0.024710
0.285422
0.423642
0.585895
0.989535
0.639057
0.264725
0.684710
0.209708
0.417434
0.978825
0.627749
0.986284
0.692359
0.845250
0.105011
0.740801
0.620520
0.551277
0.399884
0.468512
0.822101
0.519919
0.557446
0.799527
0.374052
0.694156
0.062649
0.714287
0.929826
0.241199
0.887674
0.510904
0.736414
0.618714
0.536823
0.781647
0.011176
0.886353
0.832661
0.129094
0.456665
0.021285
0.242786
0.418207
0.212082
0.846001
0.969289
0.199747
0.275657
0.599794
0.315585
0.136350
0.888988
0.278590
0.665301
0.389423
0.834206
0.404799
0.037873
0.831886
0.138846
0.223772
0.783328
0.290247
0.305708
0.639057
0.648561
0.269575
0.822891
0.986684
0.260780
0.337357
0.073140
0.350001
0.421308
0.167381
0.133083
0.483011
0.842988
0.286022
0.279179
0.670725
0.418207
0.234673
0.868574
0.721843
0.203408
0.845250
0.865742
0.920331
0.256327
0.749096
0.371888
0.403283
0.420531
0.927710
0.052550
0.322076
0.699540
0.043017
0.900187
0.483846
0.957993
0.168958
0.856736
0.553037
0.462365
0.831886
0.482177
0.314298
0.000971
0.233642
0.368299
0.051020
0.752571
0.465229
0.808093
0.847500
0.133407
0.824467
0.375499
0.151734
0.870681
0.597997
0.627749
0.128466
0.844498
0.003254
0.795408
0.016892
0.307602
0.337357
0.372608
0.796234
0.579641
0.595304
0.765936
0.016458
0.920890
0.320119
0.571179
0.261341
0.598896
0.979089
0.737292
0.697747
0.835746
0.674338
0.417434
0.316876
0.270150
0.927176
0.033213
0.044385
0.286622
0.371888
0.237527
0.843744
0.868574
0.312375
0.049065
0.236746
0.865742
0.908447
0.207123
0.540315
0.697747
0.415120
0.248405
0.415890
0.477601
0.078248
0.828776
0.403283
0.626845
0.155941
0.445775
0.320771
0.446577
0.797059
0.751704
0.409367
0.525964
0.068425
0.610145
0.187352
0.599794
0.986485
0.431081
0.332989
0.643583
0.485517
0.624134
0.777429
0.493495
0.957194
0.366513
0.028527
0.431081
0.242256
0.991814
0.753439
0.120532
0.003580
0.869278
0.764221
0.509195
0.714287
0.075754
0.989017
0.645393
0.623230
0.878626
0.957993
0.824467
0.165817
0.985876
0.841474
0.834206
0.031547
0.944653
0.496871
0.879307
0.265576
0.794581
0.048933
0.265576
0.292987
0.582319
0.794581
0.212082
0.444173
0.094103
0.569402
0.211130
0.280952
