0.764834
0.760257
0.428302
0.676758
0.893308
0.520947
0.294823
0.310188
0.259085
0.853361
0.447811
0.711331
0.419045
0.257263
0.347089
0.552726
0.226742
0.594631
0.400266
0.895408
0.467784
0.703645
0.574491
0.196748
0.222450
0.124328
0.161291
0.543374
0.963599
0.552726
0.788407
0.624521
0.934636
0.720808
0.589857
0.565030
0.406781
0.887706
0.023994
0.787381
0.731318
0.740680
0.035316
0.467784
0.520947
0.265074
0.504454
0.254324
0.934636
0.983278
0.025191
0.071118
0.216232
0.424138
0.698875
0.880595
0.259085
0.406781
0.671950
0.869577
0.968492
0.470480
0.562128
0.698875
0.052662
0.559230
0.846972
0.313591
0.338980
0.139424
0.528384
0.355900
0.429909
0.764834
0.764834
0.450448
0.203078
0.025573
0.094741
0.273063
0.319144
0.731318
0.792836
0.507246
0.011530
0.921589
0.476575
0.613796
0.174344
0.967377
0.514605
0.817172
0.311494
0.971308
0.924518
0.421587
0.834839
0.006497
0.797237
0.828167
0.508994
0.047210
0.832308
0.100498
0.334012
0.173017
0.064283
0.183699
0.924518
0.375738
0.876968
0.516364
0.432488
0.549843
0.375738
0.232146
0.716075
0.825601
0.577411
0.552726
0.659359
0.336766
0.331820
0.626372
0.170879
0.689309
0.604201
0.871012
0.000773
0.616752
0.043772
0.344839
0.138736
0.792836
0.997722
0.049566
0.694096
0.805955
0.861122
0.857262
0.723714
0.366607
0.711331
0.504454
0.218822
0.929131
0.436697
0.764834
0.321277
0.659359
0.204591
0.499932
0.017406
0.291568
0.507246
0.832308
0.440929
0.312279
0.764834
0.137642
0.694096
0.970253
0.691151
0.840481
0.863476
0.781197
0.045059
0.736007
0.018013
0.863476
0.400266
0.018508
0.614904
0.629334
0.601254
0.992716
0.589857
0.805955
0.459074
0.452100
0.624521
0.776702
0.548044
0.743547
0.716075
0.215637
0.113060
0.832308
0.134805
0.452100
0.889856
0.638969
0.769390
0.794532
0.483733
0.631187
0.769390
0.459074
0.136555
0.308107
0.759198
0.621560
0.634151
0.310188
0.192919
0.589857
0.331820
0.414934
0.220428
0.346244
0.132018
0.028762
0.861122
0.088720
0.987327
0.794532
0.271167
0.164119
0.867266
0.749975
0.067622
0.762020
0.321277
0.907352
0.579237
0.127995
0.013871
0.467784
0.111008
0.594631
0.552726
0.412415
0.736007
0.413358
0.017406
0.762020
0.421587
0.313591
0.299373
0.607151
0.607151
0.828167
0.182313
0.616752
0.274969
0.289577
0.884175
0.845436
0.867266
0.952576
0.706576
0.785668
0.646755
0.001010
0.706576
0.364275
0.043142
0.177868
0.895408
0.190579
0.745336
0.540508
0.149800
0.519182
0.078854
0.483733
0.582162
0.162543
0.604201
0.428302
0.046380
0.387428
0.562128
0.659359
0.004805
0.817172
0.050728
0.425737
0.276165
0.910535
0.205542
0.212099
0.878369
0.027916
0.698875
0.938912
0.197669
0.748193
0.582162
0.703645
0.867266
0.626372
0.842966
0.781197
0.574491
0.762020
0.989824
0.936283
0.154101
0.526610
0.080116
0.436697
0.801611
0.963599
0.863476
0.365732
0.785668
0.439299
0.139424
0.456411
0.970253
0.154101
0.842966
0.895408
0.246757
0.828167
0.938912
0.886354
0.446167
0.055935
0.602359
0.036370
0.385917
0.927392
0.404292
0.691151
0.947925
0.825601
0.049021
0.543374
0.233829
0.009237
0.582162
0.344839
0.757431
0.025191
0.792836
0.109545
0.144178
0.504454
0.776702
0.725528
0.117622
0.614904
0.611949
0.371891
0.874714
0.973598
0.212099
0.801611
0.748193
0.664176
0.720808
0.792836
0.706576
0.745336
0.781197
0.440929
0.235521
0.467784
0.456411
0.021381
0.577411
0.409279
0.097028
0.018055
0.589857
0.079693
0.656394
0.591692
0.989824
0.435076
0.676758
0.467784
0.873295
0.149069
0.421587
0.845436
0.414934
0.260917
0.836413
0.514605
0.832308
0.594631
0.160048
0.255000
0.089934
0.406781
0.572669
0.855767
0.195282
0.821403
0.999343
0.946446
0.188262
0.812909
0.013239
0.804288
0.981236
0.238292
0.752821
0.067622
0.873295
0.701812
0.566846
0.959579
0.280018
0.936283
0.310188
0.867266
0.081482
0.607151
0.726615
0.284401
0.577411
0.552726
0.832308
0.919758
0.134805
0.220428
0.143047
0.289577
0.778434
0.616752
0.276884
0.001845
0.000111
0.582162
0.151715
0.711331
0.013447
0.260229
0.540508
0.876968
0.045715
0.880595
0.668990
0.861122
0.812909
0.262067
0.638969
0.838921
0.520947
0.591692
0.262759
0.505501
0.778434
0.760257
0.199149
0.977616
0.859642
0.926293
0.024959
0.565030
0.874714
0.778434
0.284401
0.871012
0.243910
0.233829
0.239364
0.150976
0.398725
0.585091
0.360505
0.950280
0.823990
0.846972
0.850940
0.474878
0.460742
0.419045
0.565030
0.596469
0.646755
0.676758
0.217225
0.058878
0.676758
0.873295
0.972974
0.976127
0.764834
0.166667
0.836413
0.698875
0.905367
0.084453
0.027406
0.857262
0.907352
0.273777
0.913664
0.337595
0.486473
0.943994
0.905367
0.511797
0.681562
0.495427
0.718989
0.414934
0.845436
0.752821
0.260229
0.129669
0.733123
0.414934
0.678606
0.304746
0.656394
0.114563
0.978503
0.757431
0.456411
0.245659
0.673800
0.404292
0.262759
0.199149
0.490941
0.004369
0.123332
0.001235
0.689309
0.006996
0.161291
0.990688
0.889856
0.769390
0.467784
0.271877
0.607151
0.676758
0.337595
0.867266
0.939908
0.637116
0.109210
0.535860
0.743547
0.579237
0.673800
0.733123
0.260917
0.443544
0.849418
0.810269
0.156822
0.611949
0.804288
0.396265
0.637116
0.209572
0.711331
0.960371
0.510044
0.134805
0.368070
0.566846
0.217823
0.389853
0.995541
0.608996
0.425737
0.231099
0.356760
0.141226
0.408341
0.148341
0.569755
0.718989
0.970253
0.611949
0.728426
0.490941
0.952576
0.502713
0.629334
0.350766
0.838921
0.621560
0.361952
0.450448
0.934636
0.762020
0.068206
0.010659
0.231099
0.313591
0.773923
0.404292
0.554530
0.080796
0.554530
0.124328
0.436697
0.868712
0.113983
0.552726
0.562128
0.863476
0.053127
0.465095
0.460742
0.184569
0.728426
0.242821
0.549843
0.329638
0.821403
0.726615
0.414934
0.303461
0.113636
0.173017
0.180936
0.828167
0.419045
0.924518
0.941482
0.709504
0.516364
0.286365
0.982031
0.298104
0.043919
0.016309
0.306811
0.101331
0.757431
0.356760
0.913664
0.742473
0.970253
0.414934
0.591692
0.898779
0.838921
0.438322
0.695935
0.132018
0.109210
0.368070
0.961620
0.626372
0.284401
0.998911
0.004605
0.280018
0.505501
0.528384
0.825601
0.821403
0.046793
0.382004
0.905367
0.226742
0.676758
0.725528
0.439299
0.144178
0.797237
0.794532
0.749975
0.666028
0.554530
0.681562
0.276165
0.262067
0.629334
0.823990
0.971956
0.365732
0.936283
0.134137
0.902099
0.773923
0.011351
0.664176
0.296082
0.254324
0.384409
0.514605
0.656394
0.748193
0.889856
0.033292
0.077940
0.014224
0.871012
0.810269
0.549843
0.968492
0.733123
0.589857
0.066683
0.871012
0.760257
0.045461
0.684515
0.192919
0.832308
0.476575
0.229431
0.070135
0.535860
0.651575
0.413358
0.889856
0.737806
0.317020
0.344839
0.762020
0.450448
0.788407
0.459074
0.823990
0.984469
0.742473
0.952576
0.060042
0.745336
0.678606
0.197669
0.233829
0.668990
0.300137
0.938912
0.046380
0.255451
0.121729
0.089185
0.488189
0.392288
0.346244
0.130318
0.921589
0.874714
0.666028
0.276165
0.449458
0.533008
0.740680
0.005973
0.033292
0.028928
0.204591
0.929131
0.009972
0.224077
0.698875
0.048859
0.171699
0.745336
0.821403
0.555614
0.224077
0.417461
0.440929
0.092406
0.921589
0.312279
0.130318
0.066468
0.874714
0.608996
0.641935
0.280018
0.745336
0.916738
0.769390
0.607151
0.728426
0.051915
0.752821
0.490941
0.589857
0.196748
0.646755
0.778434
0.190579
0.225099
0.115497
0.718989
0.058367
0.878369
0.849418
0.338980
0.519182
0.519182
0.720808
0.306811
0.785668
0.589857
0.580334
0.638969
0.424138
0.257263
0.845436
0.762020
0.335387
0.268812
0.659359
0.664176
0.029906
0.574491
0.392288
0.867266
0.706576
0.126974
0.716075
0.133074
0.396265
0.276165
0.755660
0.199149
0.361952
0.497158
0.247417
0.397801
0.846972
0.987327
0.634151
0.296082
0.604201
0.005670
0.218222
0.393815
0.009569
0.533008
0.654541
0.574491
0.681562
0.479296
0.276165
0.317020
0.219825
0.924518
0.726615
0.385917
0.842966
0.486473
0.808614
0.269988
0.470480
0.574491
0.701812
0.882804
0.742473
0.694096
0.073122
0.819780
0.094447
0.902099
0.283178
0.596469
0.027660
0.024078
0.838921
0.863476
0.805955
0.921589
0.641935
0.212099
0.637116
0.764834
0.077528
0.495427
0.977050
0.582162
0.140530
0.486473
0.853361
0.976127
0.463418
0.150240
0.668990
0.366607
0.265074
0.947925
0.871012
0.182313
0.343438
0.490941
0.005490
0.027660
0.396265
0.371891
0.232146
0.961620
0.678606
0.192919
0.905367
0.709504
0.136555
0.488189
0.817172
0.842966
0.579237
0.880595
0.454750
0.956156
0.142344
0.208029
0.286365
0.681562
0.138325
0.523775
0.838921
0.317020
0.842966
0.996756
0.565030
0.516364
0.409279
0.782920
0.172192
0.555614
0.887706
0.694096
0.516364
0.154101
0.874714
0.154101
0.490941
0.061961
0.736007
0.018971
0.488189
0.781197
0.301412
0.861122
0.671950
0.838921
0.483733
0.394733
0.902099
0.197669
0.641935
0.228394
0.624521
0.519182
0.832308
0.992268
0.937301
0.168762
0.995541
0.863476
0.111574
0.243910
0.085615
0.591692
0.967377
0.893308
0.654541
0.706576
0.068573
0.608996
0.651575
0.968492
0.545169
0.371891
0.232776
0.195282
0.855767
0.007458
0.298104
0.469468
0.671950
0.540508
0.329638
0.056241
0.254324
0.014224
0.819780
0.972974
0.213077
0.697038
0.737806
0.073122
0.245659
0.153352
0.017780
0.528384
0.545169
0.664176
0.482024
0.648609
0.929131
0.708406
0.565030
0.333189
0.192919
0.737806
0.983278
0.440929
0.689309
0.359638
0.236584
0.804288
0.825601
0.929131
0.385917
0.182313
0.502713
0.341204
0.884175
0.175680
0.918603
0.015187
0.262067
0.452100
0.369537
0.033788
0.594631
0.583992
0.366607
0.832308
0.757431
0.953958
0.991979
0.271877
0.864939
0.916738
0.997153
0.757431
0.243910
0.972974
0.711331
0.986687
0.042378
0.921589
0.689309
0.406781
0.545169
0.138736
0.694096
0.371891
0.026844
0.440929
0.893308
0.974580
0.354469
0.921589
0.200079
0.079693
0.432488
0.280018
0.728426
0.419997
0.460742
0.880595
0.348500
0.023635
0.499932
0.810269
0.540508
0.968492
0.882804
0.863476
0.572669
0.271167
0.649721
0.924518
0.728426
0.599413
0.149069
0.963599
0.163329
0.336766
0.566846
0.913664
0.204023
0.857262
0.371891
0.861122
0.706576
0.137642
0.769390
0.076466
0.934636
0.731318
0.218822
0.183699
0.404292
0.222450
0.653428
0.421587
0.545169
0.101854
0.150976
0.757431
0.474878
0.134137
0.027155
0.432488
0.236584
0.846972
0.755660
0.452100
0.076873
0.968492
0.853361
0.152904
0.778434
0.054365
0.040205
0.120509
0.166667
0.138736
0.723714
0.502713
0.552726
0.936283
0.681562
0.673800
0.602359
0.516364
0.689309
0.745336
0.213077
0.303461
0.874714
0.212099
0.861122
0.513551
0.308886
0.782920
0.371891
0.698875
0.516364
0.604201
0.977616
0.773923
0.599413
0.020862
0.298104
0.714252
0.987327
0.278087
0.589857
0.222450
0.999343
0.077940
0.938912
0.591692
0.181451
0.637116
0.936283
0.346244
0.467784
0.035436
0.531228
0.934636
0.787381
0.251410
0.634151
0.234885
0.154101
0.177868
0.003507
0.005263
0.531228
0.170062
0.752821
0.907352
0.720808
0.436697
0.236584
0.661212
0.000686
0.086791
0.454750
0.970253
0.308107
0.782920
0.864939
0.064631
0.936283
0.206496
0.023145
0.133737
0.166667
0.141226
0.990688
0.042758
0.995006
0.251410
0.298104
0.130318
0.528384
0.013789
0.223059
0.714252
0.752821
0.814552
0.757431
0.668990
0.896710
0.466102
0.397801
0.474878
0.042378
0.664176
0.716075
0.876968
0.053890
0.982517
0.961620
0.671950
0.232146
0.474878
0.320476
0.842966
0.406781
0.398725
0.029362
0.228394
0.058050
0.257263
0.248521
0.634151
0.997722
0.379609
0.097835
0.229431
0.047895
0.907352
0.396265
0.662323
0.905367
0.146032
0.482024
0.134805
0.483733
0.397801
0.871012
0.482024
0.375738
0.256130
0.243910
0.821403
0.507246
0.414934
0.251410
0.159275
0.350766
0.382004
0.519182
0.147906
0.026597
0.728426
0.354469
0.259085
0.812909
0.057045
0.180936
0.141226
0.829764
0.582162
0.864939
0.572669
0.523775
0.720808
0.152904
0.322616
0.958294
0.036700
0.810269
0.582162
0.785668
0.079273
0.676758
0.643788
0.356760
0.921589
0.182313
0.329638
0.414934
0.604201
0.124703
0.378117
0.859642
0.838921
0.834839
0.104078
0.229431
0.343438
0.498197
0.296082
0.292816
0.728426
0.367192
0.821403
0.392288
0.358197
0.889856
0.582162
0.924518
0.007775
0.037243
0.686359
0.535860
0.452100
0.977616
0.315698
0.599413
0.330455
0.533008
0.884175
0.136555
0.269988
0.689309
0.396265
0.312279
0.452100
0.842966
0.000471
0.370419
0.299373
0.301412
0.130709
0.225714
0.073748
0.057546
0.079693
0.406781
0.960371
0.091163
0.160048
0.180936
0.596469
0.794532
0.819780
0.454750
0.159275
0.109210
0.024959
0.482024
0.671950
0.951700
0.257263
0.389853
0.733123
0.950280
0.706576
0.684515
0.626372
0.921589
0.240010
0.711331
0.183178
0.263221
0.989824
0.176519
0.963599
0.173017
0.979898
0.095730
0.368070
0.348500
0.740680
0.149069
0.850940
0.037033
0.271877
0.081053
0.246757
0.396265
0.329638
0.689309
0.499932
0.671950
0.769390
0.569755
0.392288
0.849418
0.664176
0.343438
0.320476
0.982517
0.934636
0.733123
0.209572
0.781197
0.414934
0.423180
0.241088
0.176519
0.447811
0.326114
0.781197
0.385917
0.313591
0.880595
0.120144
0.562128
0.554530
0.760257
0.523775
0.175178
0.798923
0.708406
0.460742
0.056735
0.596469
0.731318
0.659359
0.120509
0.638969
0.404292
0.805955
0.385917
0.502713
0.294823
0.127611
0.511797
0.296082
0.828167
0.723714
0.790113
0.304746
0.574491
0.619711
0.762020
0.814552
0.694096
0.937301
0.666028
0.274969
0.410845
0.574491
0.697038
0.867266
0.819780
0.005315
0.749975
0.417461
0.771136
0.443544
0.608996
0.150976
0.963599
0.089466
0.248521
0.871012
0.577411
0.604201
0.896710
0.857262
0.757431
0.999196
0.535860
0.711331
0.046793
0.294823
0.577411
0.676758
0.456411
0.988323
0.828167
0.997153
0.511797
0.476575
0.516364
0.398725
0.535860
0.718989
0.265074
0.335387
0.689309
0.549843
0.454750
0.757431
0.624521
0.236584
0.621560
0.740680
0.056735
0.379609
0.988323
0.320476
0.725528
0.228394
0.097028
0.348500
0.204023
0.459074
0.029906
0.641935
0.790113
0.604201
0.344839
0.808614
0.167470
0.676758
0.014360
0.365732
0.740680
0.828167
0.434104
0.624521
0.853361
0.752821
0.762020
0.093665
0.505501
0.654541
0.554530
0.668990
0.943994
0.289577
0.265074
0.510044
0.884175
0.158044
0.762020
0.861122
0.956156
0.569755
0.629334
0.094447
0.714252
0.991979
0.159275
0.910535
0.745336
0.723714
0.011351
0.540508
0.459074
0.476575
0.219825
0.155305
0.495427
0.320476
0.565030
0.830719
0.382004
0.992716
0.880595
0.396265
0.492664
0.711331
0.698875
0.075818
0.689309
0.718989
0.983278
0.762020
0.965518
0.989824
0.528384
0.379609
0.651575
0.070135
0.916738
0.549843
0.106344
0.921589
0.103544
0.396265
0.773923
0.893308
0.745336
0.619711
0.079021
0.412415
0.283178
0.706576
0.429909
0.545169
0.776702
0.092695
0.233829
0.604201
0.201574
0.063730
0.812909
0.958294
0.199149
0.037033
0.062298
0.031737
0.402741
0.454750
0.644901
0.808614
0.731318
0.867266
0.526610
0.024729
0.348500
0.671950
0.075416
0.502713
0.466102
0.913664
0.641935
0.716075
0.893308
0.773923
0.626372
0.236584
0.978503
0.867266
0.319144
0.337595
0.071500
0.396265
0.182313
0.510044
0.794532
0.664176
0.589857
0.608996
0.166667
0.001549
0.003542
0.863476
0.582162
0.916738
0.352187
0.965518
0.228394
0.396265
0.528384
0.017510
0.075818
0.996756
0.754596
0.009876
0.629334
0.511797
0.691151
0.025573
0.222450
0.651575
0.945510
0.565030
0.832308
0.023635
0.596469
0.331820
0.278087
0.246757
0.629334
0.654541
0.291568
0.873295
0.216232
0.555614
0.673800
0.565030
0.174344
0.621560
0.836413
0.985605
0.582162
0.089934
0.037033
0.694096
0.071118
0.156062
0.055145
0.460742
0.812909
0.981236
0.805955
0.745336
0.943994
0.415880
0.634151
0.470480
0.069910
0.499932
0.166667
0.243910
0.329638
0.276884
0.913664
0.896710
0.540508
0.817172
0.483733
0.664176
0.664176
0.867266
0.974580
0.099981
0.393815
0.208029
0.186848
0.723714
0.638969
0.387428
0.988323
0.185093
0.449458
0.569755
0.733123
0.017510
0.012634
0.629334
0.389853
0.490941
0.303461
0.520947
0.008670
0.902099
0.379609
0.014360
0.156062
0.706576
0.689309
0.898779
0.861122
0.950280
0.752821
0.053419
0.626372
0.057546
0.769390
0.001111
0.624521
0.313591
0.895408
0.482024
0.599413
0.304746
0.810269
0.938912
0.291568
0.801611
0.613796
0.646755
0.472169
0.015187
0.752821
0.611949
0.893308
0.910535
0.425737
0.144888
0.165389
0.000915
0.736007
0.902099
0.466102
0.447811
0.785668
0.439299
0.913664
0.504454
0.047737
0.757431
0.990688
0.915562
0.805955
0.038135
0.659359
0.313591
0.140530
0.460742
0.460742
0.711331
0.071118
0.286365
0.185443
0.900062
0.569755
0.097330
0.919758
0.716075
0.733123
0.384409
0.090688
0.624521
0.378117
0.479296
0.979898
0.385917
0.328280
0.871012
0.785668
0.274969
0.921589
0.499932
0.733123
0.597573
0.505501
0.596469
0.109210
0.689309
0.404292
0.965518
0.913664
0.037921
0.749975
0.643788
0.720808
0.474878
0.344839
0.905367
0.797237
0.714252
0.773923
0.924518
0.930208
0.313591
0.701812
0.419045
0.308107
0.706576
0.452100
0.991502
0.149069
0.854866
0.396265
0.334012
0.619711
0.574491
0.215637
0.893308
0.280018
0.801611
0.514605
0.797237
0.224690
0.388336
0.838921
0.414934
0.613796
0.385917
0.718989
0.859642
0.008236
0.091163
0.968492
0.190579
0.681562
0.686359
0.228394
0.165389
0.212099
0.953958
0.443544
0.817172
0.817172
0.384409
0.428302
0.773923
0.902099
0.549843
0.867266
0.461745
0.842966
0.974580
0.100498
0.347089
0.206496
0.472169
0.139424
0.361952
0.804288
0.992716
0.604201
0.313591
0.849418
0.808614
0.198223
0.315698
0.396265
0.616752
0.368070
0.299373
0.364275
0.766589
0.668990
0.246757
0.519182
0.122098
0.706576
0.389853
0.198223
0.125960
0.200639
0.950280
0.762020
0.716075
0.379609
0.378117
0.385917
0.409279
0.396265
0.469468
0.867266
0.667139
0.781197
0.320476
0.671950
0.884175
0.720808
0.212099
0.979898
0.757431
0.764834
0.268812
0.817172
0.232776
0.646755
0.668990
0.320476
0.817172
0.406781
0.256130
0.405224
0.522007
0.385917
0.483733
0.567937
0.846972
0.817172
0.016213
0.038480
0.519182
0.098648
0.436697
0.229431
0.140115
0.313591
0.760257
0.703645
0.338980
0.134805
0.905367
0.618601
0.344839
0.594631
0.522007
0.968492
0.528384
0.505501
0.873295
0.432488
0.956156
0.641935
0.122713
0.080116
0.676758
0.116437
0.019744
0.421587
0.574491
0.977050
0.409279
0.845436
0.348500
0.355900
0.577411
0.871012
0.225714
0.634151
0.676758
0.335387
0.463418
0.217225
0.375738
0.697038
0.566846
0.141226
0.209572
0.507246
0.716075
0.792836
0.513551
0.342599
0.602359
0.797237
0.460742
0.341204
0.296082
0.016563
0.785668
0.482024
0.817172
0.374255
0.781197
0.857262
0.193462
0.361952
0.016720
0.269988
0.736007
0.511797
0.022117
0.611949
0.016213
0.053890
0.132018
0.664176
0.123332
0.385917
0.659359
0.102696
0.159275
0.608996
0.618601
0.016563
0.287597
0.619711
0.943035
0.913664
0.594631
0.778434
0.792836
0.701812
0.192919
0.228394
0.637116
0.733123
0.024586
0.594631
0.170062
0.880595
0.785668
0.808614
0.970253
0.169573
0.374255
0.382004
0.226742
0.577411
0.044017
0.921589
0.629334
0.443544
0.350766
0.361952
0.624521
0.281231
0.266938
0.158044
0.902099
0.268812
0.128637
0.024815
0.782920
0.474878
0.328280
0.237223
0.333189
0.276884
0.289577
0.472169
0.921589
0.400266
0.429909
0.005295
0.152904
0.792836
0.430875
0.498197
0.836413
0.676758
0.099981
0.731318
0.921589
0.273063
0.978503
0.611949
0.187378
0.673800
0.929131
0.867266
0.429909
0.869577
0.089934
0.266938
0.435076
0.000915
0.300137
0.745336
0.934636
0.057546
0.015424
0.380506
0.470480
0.257946
0.871012
0.836413
0.370419
0.221437
0.934636
0.607151
0.371891
0.708406
0.150976
0.864939
0.740680
0.913664
0.296082
0.586923
0.149069
0.388336
0.005951
0.210541
0.470480
0.202137
0.907352
0.586923
0.956156
0.638969
0.383506
0.931912
0.459074
0.425737
0.173017
0.557421
0.368070
0.614904
0.310188
0.301412
0.047210
0.456411
0.017243
0.886354
0.329638
0.637116
0.583992
0.533008
0.908583
0.607151
0.505501
0.474878
0.934636
0.749975
0.024444
0.427339
0.122713
0.260917
0.004299
0.274253
0.028336
0.254324
0.187378
0.201574
0.085166
0.608996
0.728426
0.492664
0.180936
0.583992
0.352187
0.147182
0.449458
0.021182
0.404292
0.354469
0.790113
0.410845
0.586923
0.281231
0.938912
0.047895
0.214650
0.638969
0.048590
0.410845
0.499932
0.511797
0.726615
0.711331
0.543374
0.456411
0.507246
0.039400
0.253200
0.066111
0.149800
0.723714
0.110669
0.686359
0.681562
0.828167
0.918603
0.450448
0.322616
0.463418
0.183699
0.574491
0.304746
0.474878
0.963599
0.414934
0.514605
0.619711
0.643788
0.360505
0.010033
0.188262
0.004119
0.694096
0.817172
0.476575
0.958294
0.406781
0.413358
0.400266
0.740680
0.425737
0.454750
0.737806
0.664176
0.987327
0.268108
0.769390
0.167470
0.254324
0.224077
0.142344
0.397801
0.212099
0.918603
0.042998
0.144178
0.569755
0.823990
0.731318
0.986277
0.355900
0.326114
0.073748
0.389853
0.338980
0.857262
0.797237
0.984469
0.236584
0.228394
0.221437
0.987327
0.836413
0.873295
0.421587
0.447811
0.290820
0.934636
0.453756
0.281231
0.981236
0.880595
0.823990
0.550924
0.926293
0.565030
0.540508
0.402741
0.378117
0.801611
0.769390
0.853361
0.713157
0.694096
0.292816
0.543374
0.333189
0.236584
0.599413
0.785668
0.101854
0.161291
0.180936
0.263915
0.733123
0.543374
0.463418
0.466102
0.374255
0.089185
0.808614
0.797237
0.936283
0.828167
0.445183
0.711331
0.569755
0.596469
0.098342
0.834839
0.585091
0.070512
0.373368
0.224077
0.308107
0.178716
0.089185
0.764834
0.140530
0.404292
0.798923
0.301412
0.842966
0.863476
0.934636
0.828167
0.540508
0.463418
0.449458
0.183178
0.328280
0.445183
0.421587
0.319144
0.752821
0.238292
0.178716
0.214650
0.545169
0.040567
0.276165
0.129669
0.757431
0.694096
0.582162
0.156062
0.801611
0.117029
0.651575
0.266938
0.304746
0.859642
0.577411
0.257263
0.113636
0.400266
0.596469
0.889856
0.070739
0.125960
0.941482
0.659359
0.322616
0.562128
0.781197
0.219825
0.810269
0.133074
0.607151
0.429909
0.794532
0.921589
0.978503
0.684515
0.268108
0.569755
0.659359
0.918603
0.379609
0.889856
0.577411
0.671950
0.070512
0.591692
0.846972
0.346244
0.373368
