0.000000
0.000000
0.000000
0.000000
0.000000
0.000000
0.000000
0.000000
0.000000
0.000000
0.000000
0.000000
0.000000
0.000000
0.000000
0.000000
0.000000
0.000000
0.000000
0.000000
0.000000
0.000000
0.000000
0.000000
0.000000
0.000000
0.000000
0.000000
0.000000
0.000000
0.000000
0.000000
0.183428
0.191537
0.246729
0.015649
0.530945
0.780847
0.513962
0.785299
0.000000
0.000000
0.000000
0.000000
0.000000
0.000000
0.000000
0.000000
0.135121
0.469011
0.409239
0.672784
0.972084
0.791411
0.896453
0.969492
0.000000
0.000000
0.000000
0.000000
0.000000
0.000000
0.000000
0.000000
0.000000
0.000000
0.000000
0.000000
0.000000
0.000000
0.000000
0.000000
0.000000
0.000000
0.000000
0.000000
0.000000
0.000000
0.000000
0.000000
0.493179
0.824236
0.087110
0.307942
0.293040
0.140877
0.193342
0.873419
0.706905
0.448387
0.117845
0.309979
0.400130
0.961082
0.498748
0.828709
0.956428
0.213569
0.950955
0.616112
0.570503
0.460829
0.468531
0.239801
0.479035
0.220642
0.076459
0.856621
0.513555
0.495664
0.110112
0.075985
0.653451
0.644628
0.323156
0.549744
0.252204
0.005277
0.316903
0.495062
0.000000
0.000000
0.000000
0.000000
0.000000
0.000000
0.000000
0.000000
