0.296670
0.927710
0.002016
0.171548
0.969620
0.374052
0.072950
0.647656
0.261903
0.279769
0.137843
0.038928
0.320771
0.202947
0.154100
0.648561
0.043965
0.606541
0.743426
0.248945
0.248405
0.012279
0.639962
0.416662
0.637247
0.962422
0.695054
0.049198
0.734655
0.565852
0.269001
0.221049
0.079266
0.878626
0.058710
0.685611
0.399884
0.795408
0.444173
0.133407
0.008950
0.983610
0.807282
0.296670
0.049865
0.146216
0.122475
0.567626
0.138176
0.138846
0.424421
0.470982
0.916937
0.900187
0.298524
0.929826
0.276828
0.694156
0.765936
0.395380
0.975353
0.926639
0.858919
0.241199
0.653992
0.721843
0.481343
0.808902
0.687412
0.890946
0.410896
0.572069
0.324370
0.785006
0.296670
0.362250
0.096640
0.415890
0.945115
0.241199
0.765079
0.457477
0.442575
0.402148
0.359426
0.101512
0.053617
0.557446
0.118178
0.970274
0.902051
0.522507
0.785844
0.332654
0.015735
0.401392
0.144473
0.408603
0.579641
0.139181
0.442575
0.490969
0.986485
0.393140
0.085629
0.881339
0.640867
0.447379
0.422085
0.399131
0.027044
0.049731
0.723616
0.677497
0.263593
0.577857
0.511760
0.062566
0.200657
0.219085
0.108887
0.217621
0.313656
0.810518
0.051020
0.831111
0.483011
0.526830
0.070057
0.018524
0.146216
0.428724
0.919208
0.178683
0.981738
0.567626
0.871381
0.756037
0.051849
0.724502
0.401392
0.728924
0.375499
0.047564
0.738170
0.728924
0.169752
0.785006
0.898935
0.542064
0.987077
0.399131
0.830334
0.263593
0.405558
0.738170
0.682908
0.267855
0.738170
0.350694
0.622327
0.625941
0.388312
0.937224
0.639057
0.067268
0.306970
0.789601
0.869278
0.386096
0.752571
0.241199
0.457477
0.159302
0.266714
0.667110
0.982218
0.601592
0.815740
0.117306
0.795408
0.089777
0.792095
0.683809
0.266144
0.132116
0.713396
0.952434
0.316230
0.779119
0.631367
0.983154
0.133083
0.564966
0.643583
0.327666
0.291158
0.621424
0.006525
0.599794
0.284823
0.358019
0.777429
0.488869
0.294824
0.765079
0.918076
0.579641
0.866453
0.325027
0.132438
0.271880
0.625941
0.180766
0.370450
0.516048
0.183717
0.470982
0.129094
0.537696
0.722730
0.401392
0.898935
0.050746
0.094342
0.950277
0.593509
0.459917
0.943254
0.100243
0.054195
0.870681
0.571179
0.622327
0.215199
0.764221
0.455853
0.144127
0.964260
0.510904
0.877944
0.842988
0.724502
0.618714
0.970274
0.796234
0.416662
0.855273
0.440980
0.569402
0.130042
0.578749
0.805657
0.028248
0.380957
0.710721
0.564080
0.793754
0.638152
0.624134
0.857465
0.909045
0.926639
0.681105
0.452615
0.407841
0.625941
0.193690
0.098613
0.934722
0.435026
0.765936
0.110252
0.739924
0.455853
0.768503
0.082499
0.569402
0.854540
0.232614
0.583213
0.030637
0.020392
0.919771
0.831111
0.501955
0.926639
0.566739
0.512617
0.587685
0.768503
0.400261
0.353473
0.280952
0.159302
0.401392
0.223772
0.605641
0.764221
0.907244
0.427156
0.418981
0.271302
0.952434
0.634533
0.038875
0.458290
0.225269
0.136350
0.170947
0.692359
0.634533
0.622327
0.684710
0.345866
0.141891
0.138846
0.640867
0.855273
0.459103
0.899562
0.195023
0.040786
0.942783
0.542939
0.567626
0.066915
0.944188
0.909642
0.557446
0.214717
0.441777
0.951577
0.187784
0.287224
0.062649
0.148687
0.173157
0.018129
0.086290
0.901432
0.957993
0.496026
0.443374
0.695952
0.418207
0.611046
0.169355
0.426765
0.683809
0.388312
0.045980
0.907847
0.846001
0.509195
0.521644
0.818134
0.818134
0.709829
0.766792
0.525964
0.005942
0.585895
0.764221
0.666206
0.086956
0.392394
0.405558
0.668917
0.287224
0.223772
0.591716
0.653992
0.810518
0.305078
0.014192
0.950712
0.926101
0.970274
0.568514
0.481343
0.133083
0.675692
0.782488
0.669821
0.609244
0.134708
0.674338
0.167774
0.154283
0.324370
0.488030
0.255223
0.352081
0.778274
0.282436
0.968622
0.097130
0.956791
0.681105
0.539442
0.979611
0.374052
0.668917
0.958783
0.179931
0.066740
0.544691
0.286622
0.969289
0.390907
0.592612
0.062815
0.000587
0.503229
0.639962
0.434235
0.624134
0.695952
0.592612
0.686511
0.191705
0.865031
0.780805
0.497717
0.751704
0.039412
0.105275
0.131156
0.097869
0.950712
0.159679
0.019479
0.982690
0.957993
0.834206
0.108075
0.403283
0.347241
0.131795
0.380957
0.250571
0.783328
0.259662
0.808093
0.396878
0.723616
0.110803
0.318819
0.535080
0.807282
0.968622
0.351387
0.277414
0.754305
0.025526
0.846751
0.583213
0.163685
0.505782
0.821310
0.262465
0.928772
0.790433
0.891596
0.593509
0.325686
0.245449
0.625941
0.820518
0.005161
0.182026
0.750835
0.936728
0.670725
0.350001
0.407079
0.016843
0.001267
0.234673
0.653087
0.030212
0.261341
0.723616
0.016554
0.275074
0.957993
0.202029
0.315585
0.468512
0.821310
0.983610
0.062154
0.751704
0.542064
0.958783
0.504930
0.682007
0.096640
0.485517
0.622327
0.001411
0.293598
0.614653
0.921447
0.308870
0.466048
0.511760
0.834976
0.369015
0.908447
0.078654
0.074776
0.169752
0.653992
0.736414
0.228792
0.979351
0.808093
0.780805
0.241727
0.973874
0.911420
0.033958
0.011309
0.822891
0.123987
0.678399
0.429509
0.259104
0.175187
0.510049
0.179514
0.203869
0.045980
0.455853
0.369732
0.085191
0.318170
0.927176
0.086512
0.867869
0.510049
0.917508
0.216165
0.583213
0.877260
0.327666
0.885690
0.087962
0.383154
0.771062
0.127840
0.739924
0.845250
0.252752
0.346553
0.515189
0.890946
0.012136
0.440980
0.964980
0.268428
0.909642
0.926639
0.306338
0.354867
0.169752
0.098987
0.909642
0.131795
0.583213
0.714287
0.535080
0.383154
0.142405
0.509195
0.172754
0.279179
0.069327
0.470982
0.797059
0.234673
0.294211
0.195023
0.743426
0.581426
0.035545
0.218108
0.935729
0.891596
0.979351
0.598896
0.968957
0.490549
0.456665
0.041461
0.938211
0.165817
0.878626
0.819725
0.610145
0.436609
0.797059
0.752571
0.721843
0.275074
0.043488
0.728924
0.727157
0.973874
0.448987
0.037099
0.337357
0.107134
0.540315
0.427940
0.018685
0.115721
0.037873
0.345180
0.955979
0.808093
0.155572
0.526830
0.619617
0.809711
0.327666
0.609244
0.792925
0.150653
0.998799
0.209708
0.455853
0.695054
0.668917
0.604741
0.448987
0.055738
0.998837
0.060530
0.084973
0.683809
0.652182
0.034767
0.553918
0.586790
0.710721
0.565852
0.455853
0.951577
0.087962
0.524234
0.898935
0.522507
0.805657
0.612849
0.974768
0.682908
0.639962
0.143781
0.779119
0.957194
0.535952
0.555681
0.986284
0.598896
0.751704
0.344837
0.879307
0.405558
0.045115
0.266714
0.251115
0.021316
0.754305
0.340743
0.168958
0.907847
0.074776
0.526830
0.260221
0.973268
0.386834
0.668014
0.265008
0.287224
0.804843
0.386096
0.012926
0.868574
0.695054
0.459103
0.222036
0.576966
0.831111
0.581426
0.652182
0.024955
0.808902
0.980125
0.516048
0.287224
0.804028
0.468512
0.215681
0.533340
0.756037
0.403283
0.812130
0.195469
0.129094
0.357317
0.027466
0.958783
0.383889
0.474286
0.248405
0.645393
0.514331
0.978825
0.173967
0.275657
0.063902
0.446577
0.186062
0.393140
0.470982
0.162532
0.279179
0.153004
0.556564
0.313015
0.376224
0.271880
0.481343
0.000023
0.040619
0.896409
0.986284
0.481343
0.859644
0.348619
0.462365
0.602941
0.678399
0.129094
0.308870
0.010582
0.237006
0.350001
0.818134
0.642678
0.877260
0.695952
0.580533
0.232614
0.880663
0.431081
0.841474
0.069874
0.228286
0.266144
0.769357
0.296054
0.225269
0.203869
0.209708
0.235190
0.056336
0.944653
0.537696
0.655802
0.716957
0.338032
0.019367
0.394632
0.056336
0.224769
0.653992
0.338032
0.347930
0.289035
0.844498
0.215681
0.707149
0.017614
0.004492
0.908447
0.784168
0.810518
0.224769
0.413965
0.193690
0.755171
0.666206
0.396878
0.157055
0.751704
0.442575
0.621424
0.625038
0.252752
0.853805
0.928772
0.525964
0.735535
0.429509
0.316230
0.030424
0.214717
0.512617
0.709829
0.875887
0.481343
0.562308
0.596201
0.598896
0.738170
0.937718
0.163685
0.869981
0.848247
0.752571
0.251660
0.257990
0.898935
0.004681
0.668014
0.833434
0.090007
0.140192
0.261341
0.740801
0.239620
0.074388
0.407841
0.335336
0.374052
0.926639
0.105275
0.564966
0.374052
0.097869
0.564080
0.016387
0.307602
0.409367
0.526830
0.371168
0.743426
0.166597
0.582319
0.795408
0.458290
0.944188
0.967946
0.178683
0.041688
0.396129
0.381689
0.710721
0.555681
0.431868
0.091976
0.010520
0.242256
0.579641
0.475114
0.834206
0.681105
0.700437
0.216649
0.313015
0.764221
0.081864
0.276828
0.471807
0.516048
0.190827
0.999839
0.267855
0.909642
0.306338
0.469335
0.909642
0.694156
0.875887
0.392394
0.116728
0.396878
0.676595
0.362958
0.362250
0.671628
0.792095
0.866453
0.440980
0.174373
0.668014
0.055145
0.834206
0.801577
0.172351
0.224769
0.856736
0.474286
0.383889
0.184567
0.192364
0.554800
0.305078
0.368299
0.657612
0.998129
0.567626
0.189518
0.622327
0.004790
0.231079
0.484681
0.141721
0.096152
0.557446
0.611948
0.867869
0.199520
0.113731
0.171949
0.945115
0.163300
0.182447
0.427940
0.478847
0.936229
0.139855
0.950712
0.290247
0.362958
0.982923
0.680203
0.069146
0.000971
0.049597
0.140531
0.477186
0.091045
0.572069
0.097376
0.671628
0.796234
0.270150
0.036793
0.195023
0.562308
0.807282
0.310141
0.245449
0.769357
0.468512
0.039738
0.653087
0.392394
0.816540
0.143091
0.095183
0.064921
0.133407
0.239620
0.244381
0.131795
0.871381
0.044871
0.413581
0.902051
0.330320
0.234157
0.423642
0.514331
0.021104
0.039738
0.569402
0.444974
0.753439
0.510904
0.199066
0.998718
0.048933
0.098863
0.293598
0.722730
0.111079
0.123380
0.337357
0.018471
0.516048
0.274491
0.406318
0.078451
0.920331
0.582319
0.536823
0.348619
0.338032
0.296670
0.399131
0.656707
0.979089
0.616909
0.116008
0.081864
0.728924
0.889643
0.015965
0.013784
0.625941
0.830334
0.567626
0.643583
0.073522
0.614653
0.617812
0.944188
0.989192
0.247865
0.879307
0.435817
0.199520
0.655802
0.702229
0.006189
0.324042
0.525964
0.692359
0.975062
0.653087
0.591716
0.371168
0.369732
0.446577
0.699540
0.603841
0.738170
0.404799
0.250571
0.286022
0.671628
0.760783
0.871381
0.888332
0.615555
0.418207
0.910236
0.957594
0.057934
0.525964
0.184141
0.876574
0.275657
0.736414
0.699540
0.482177
0.753439
0.834976
0.216649
0.554800
0.066565
0.892243
0.752571
0.846751
0.272459
0.577857
0.540315
0.386096
0.272459
0.696849
0.636342
0.523370
0.641772
0.266714
0.332320
0.633628
0.316876
0.155941
0.073906
0.978825
0.098489
0.350001
0.682007
0.979611
0.435026
0.652182
0.636342
0.853068
0.060290
0.662588
0.603841
0.749096
0.882685
0.892889
0.928242
0.267284
0.857465
0.943722
0.806470
0.652182
0.562308
0.655802
0.449792
0.420531
0.591716
0.669821
0.991958
0.408603
0.762504
0.909642
0.382421
0.726272
0.132116
0.109431
0.238572
0.968622
0.742552
0.227781
0.470158
0.637247
0.593509
0.897675
0.724502
0.050135
0.728041
0.501106
0.048801
0.716068
0.311735
0.320119
0.100496
0.683809
0.601592
0.251115
0.403283
0.970274
0.455043
0.164845
0.535952
0.055441
0.552157
0.891596
0.222284
0.427940
0.608343
0.625941
0.152459
0.684710
0.277414
0.153369
0.383889
0.705361
0.843744
0.694156
0.162532
0.444974
0.876574
0.254673
0.509195
0.044993
0.578749
0.232614
0.639057
0.900187
0.438196
0.187352
0.270725
0.587237
0.754305
0.303195
0.969620
0.766792
0.211605
0.957993
0.682007
0.474286
0.181185
0.420531
0.069146
0.415890
0.027466
0.804028
0.834976
0.041461
0.259662
0.927176
0.709829
0.528563
0.070886
0.283628
0.167381
0.195023
0.140192
0.969620
0.601592
0.411662
0.892889
0.115150
0.254673
0.407079
0.842232
0.424421
0.595304
0.937718
0.443374
0.004024
0.989535
0.641772
0.887674
0.554800
0.757765
0.695952
0.831886
0.740801
0.419756
0.888332
0.492652
0.345180
0.268428
0.179098
0.328991
0.682908
0.515189
0.028248
0.625941
0.373330
0.374052
0.900810
0.667110
0.262465
0.475114
0.248405
0.365800
0.353473
0.124903
0.248945
0.909642
0.110803
0.238049
0.564080
0.969620
0.283628
0.059653
0.639962
0.766792
0.650372
0.470158
0.696849
0.927176
0.613751
0.470982
0.636342
0.069146
0.577857
0.455043
0.539442
0.509195
0.242256
0.056186
0.766792
0.526830
0.235708
0.082925
0.493495
0.494338
0.790433
0.456665
0.998129
0.182870
0.181185
0.483011
0.599794
0.793754
0.791265
0.148509
0.749966
0.337357
0.554800
0.195469
0.316230
0.845250
0.460733
0.154100
0.259104
0.371168
0.698644
0.396129
0.495182
0.831111
0.553037
0.069146
0.653992
0.611948
0.568514
0.319469
0.835746
0.336682
0.220557
0.371888
0.687412
0.610145
0.671628
0.082925
0.457477
0.833434
0.149935
0.358722
0.709829
0.619617
0.528563
0.004908
0.393885
0.709829
0.266714
0.315585
0.500258
0.240146
0.833434
0.287827
0.834976
0.982455
0.928242
0.625038
0.576074
0.782488
0.636342
0.399884
0.919771
0.901432
0.294824
0.728041
0.901432
0.483011
0.407079
0.260221
0.076148
0.041574
0.024920
0.316876
0.424811
0.113168
0.431868
0.340743
0.029585
0.173157
0.548639
0.350694
0.266714
0.643583
0.725387
0.166207
0.367584
0.818930
0.041916
0.821310
0.734655
0.000642
0.409367
0.352081
0.194578
0.450598
0.727157
0.635438
0.327666
0.639962
0.058710
0.419756
0.685611
0.267284
0.037977
0.753439
0.552157
0.854540
0.413581
0.696849
0.848247
0.945575
0.605641
0.483011
0.762504
0.821310
0.201570
0.715178
0.069874
0.332320
0.681105
0.000877
0.455043
0.155203
0.421308
0.555681
0.227277
0.178683
0.070240
0.901432
0.035742
0.779119
0.581426
0.393885
0.781647
0.399884
0.012552
0.653992
0.427940
0.007206
0.834206
0.553037
0.596201
0.168168
0.132438
0.282436
0.058866
0.686511
0.876574
0.477601
0.043607
0.890946
0.913181
0.303195
0.555681
0.881339
0.867869
0.556564
0.683809
0.257990
0.369732
0.831111
0.876574
0.890296
0.674789
0.014110
0.780805
0.979611
0.223772
0.709829
0.371168
0.403283
0.654897
0.342104
0.869981
0.897043
0.093153
0.597099
0.627749
0.380227
0.858193
0.028567
0.068335
0.296670
0.767648
0.016843
0.739048
0.619617
0.267855
0.668917
0.234673
0.445775
0.008027
0.764221
0.289035
0.278001
0.209708
0.019959
0.447379
0.261903
0.139181
0.070057
0.339386
0.406318
0.220065
0.595304
0.316876
0.926639
0.781647
0.712505
0.428724
0.066477
0.403283
0.221789
0.485517
0.325686
0.936728
0.844498
0.136846
0.202029
0.273909
0.586790
0.512617
0.934722
0.006878
0.726272
0.097869
0.021932
0.318819
0.285422
0.438990
0.107805
0.848247
0.510049
0.900810
0.513474
0.147800
0.655802
0.700437
0.458290
0.535952
0.249486
0.267284
0.594406
0.003569
0.597099
0.451808
0.974174
0.486354
0.110803
0.305078
0.399884
0.808093
0.318819
0.198840
0.869981
0.173562
0.536823
0.133083
0.430295
0.712505
0.779119
0.856005
0.004604
0.281545
0.000047
0.512617
0.897675
0.159868
0.846001
0.809711
0.066042
0.879307
0.834976
0.350694
0.833434
0.521644
0.728041
0.671628
0.301008
0.526830
0.695952
0.067622
0.782488
0.736414
0.134056
0.449792
0.374052
0.148865
0.459917
0.566739
0.382421
0.557446
0.963531
0.324370
0.951146
0.396878
0.231079
0.963164
0.625941
0.739048
0.632723
0.416662
0.552157
0.054632
0.435817
0.090813
0.728041
0.359426
0.119645
0.836514
0.790433
0.868574
0.101512
0.945115
0.138511
0.526830
0.008258
0.256604
0.404040
0.017088
0.077844
0.935729
0.738170
0.889643
0.802395
0.248945
0.713396
0.678399
0.216649
0.492652
0.376950
0.289035
0.328991
0.296670
0.085629
0.014443
0.335336
0.255223
0.835746
0.527696
0.400638
0.639057
0.808093
0.154834
0.208765
0.053117
0.092916
0.128780
0.653992
0.201113
0.036189
0.908447
0.539442
0.751704
0.698644
0.067622
0.497717
0.934722
0.742552
0.869981
0.231079
0.263029
0.198840
0.054340
0.810518
0.934722
0.716957
0.541189
0.519919
0.137843
0.613751
0.593509
0.066565
0.867869
0.225269
0.327005
0.757765
0.035644
0.133731
0.154100
0.283032
0.029011
0.712505
0.386834
0.818134
0.483846
0.200657
0.238310
0.338709
0.456665
0.887015
0.159302
0.222779
0.867869
0.918076
0.284823
0.613751
0.771062
0.160246
0.604741
0.325686
0.475942
0.040563
0.754305
0.308870
0.525964
0.872078
0.420531
0.755171
0.444173
0.376950
0.317523
0.671628
0.660327
0.307602
0.398379
0.251660
0.348619
0.793754
0.779962
0.426374
0.578749
0.807282
0.696849
0.412429
0.479678
0.326345
0.480510
0.879307
0.880663
0.497717
0.306338
0.278590
0.714287
0.875887
0.842988
0.831886
0.241199
0.766792
0.888988
0.867161
0.919208
0.025670
0.396129
0.485517
0.822891
0.424421
0.554800
0.712505
0.219575
0.568514
0.908447
0.974472
0.555681
0.124292
0.901432
0.781647
0.307602
0.080193
0.423642
0.336009
0.276242
0.202947
0.656707
0.586790
0.008623
0.919208
0.753439
0.796234
0.070609
0.372608
0.741676
0.743426
0.803212
0.998799
0.234157
0.951146
0.208765
0.331653
0.716068
0.620520
0.795408
0.289035
0.091976
0.226271
0.672531
0.005653
0.756037
0.845250
0.844498
0.214236
0.455043
0.807282
0.172754
0.007403
0.079266
0.470158
0.814940
0.488030
0.499410
0.523370
0.770210
0.440183
0.880663
0.793754
0.306970
0.060691
0.741676
0.485517
0.275074
0.753439
0.598896
0.722730
0.244915
0.012279
0.623230
0.407841
0.722730
0.247865
0.699540
0.364733
0.456665
0.781647
0.079677
0.341423
0.817338
0.014761
0.782488
0.927710
0.014255
0.978825
0.075557
0.325686
0.194133
0.795408
0.625038
0.084538
0.808093
0.751704
0.352776
0.036490
0.352776
0.332320
0.656707
0.469335
0.175187
0.092445
0.095304
0.266714
0.888988
0.007697
0.682908
0.181185
0.395380
0.237267
0.668014
0.807282
0.456665
0.407841
0.665301
0.832661
0.566739
0.968957
0.238310
0.086290
0.325686
0.699540
0.785844
0.298524
0.209236
0.329655
0.457477
0.655802
0.190827
0.511760
0.185207
0.654897
0.778274
0.793754
0.848247
0.765936
0.065695
0.891596
0.332320
0.317523
0.242786
0.779119
0.255223
0.119350
0.421308
0.808902
0.526830
0.209236
0.888988
0.418981
0.806470
0.043134
0.000195
0.708936
0.076942
0.371888
0.778274
0.799527
0.168958
0.959565
0.944653
0.187784
0.359426
0.131635
0.973572
0.499410
0.329655
0.565852
0.212559
0.639057
0.779119
0.179931
0.542939
0.918643
0.401770
0.009989
0.978559
0.805657
0.510049
0.623230
0.456665
0.711613
0.367942
0.756037
0.085849
0.068785
0.831886
0.142062
0.101003
0.724502
0.757765
0.641772
0.502804
0.385360
0.877260
0.250571
0.767648
0.097376
0.781647
0.898306
0.261341
0.567626
0.870681
0.550397
0.664397
0.029011
0.778274
0.510049
0.711613
0.753439
0.310141
0.710721
0.094103
0.121874
0.684710
0.399131
0.535952
0.299764
0.135363
0.577857
0.250571
0.444173
0.381689
0.859644
0.459103
0.751704
0.234157
0.400638
0.979351
0.724502
0.167381
0.374775
0.483011
0.007426
0.305708
0.963897
0.118470
0.052975
0.259662
0.430295
0.711613
0.224270
0.888332
0.928772
0.846001
0.483011
0.322076
0.166402
0.878626
0.179931
0.013446
0.542939
0.265008
0.817338
0.865031
0.648561
0.060530
0.930872
0.310141
0.303822
0.106600
0.086512
0.765936
0.247327
0.756901
0.231590
0.611948
0.900187
0.512617
0.094103
0.846001
0.639057
0.088300
0.504505
0.964621
0.697747
0.347241
0.912009
0.979351
0.392394
0.601592
0.510049
0.124903
0.284823
0.108345
0.837280
0.957993
0.209236
0.014548
0.623230
0.308870
0.670725
0.127840
0.318170
0.496871
0.218596
0.871381
0.561424
0.890946
0.019010
0.190390
0.796234
0.734655
0.716068
0.835746
0.203408
0.741676
0.660327
0.709829
0.009111
0.548639
0.753439
0.287224
0.215199
0.665301
0.385360
0.320119
0.224270
0.318819
0.585001
0.465229
0.415890
0.145866
0.878626
0.665301
0.438196
0.785006
0.631367
0.148509
0.199747
0.753439
0.307602
0.003813
0.129726
0.743426
0.498563
0.986684
0.026442
0.358722
0.308235
0.451404
0.466048
0.112608
0.665301
0.141550
0.766792
0.228539
0.552157
0.417434
0.698644
0.062732
0.331653
0.048604
0.883356
0.601592
0.043607
0.199293
0.722730
0.565852
0.460733
0.287827
0.505782
0.626845
0.805657
0.951146
0.443374
0.301008
0.929300
0.468512
0.830334
0.671628
0.564966
0.754305
0.565852
0.943722
0.635438
0.173562
0.294211
0.912009
0.815740
0.347930
0.297905
0.535080
0.226271
0.456665
0.877944
0.249486
0.845250
0.834976
0.323385
0.306338
0.583213
0.640867
0.920890
0.039738
0.409367
0.737292
0.211130
0.996949
0.525099
0.240672
0.222036
0.625941
0.550397
0.530298
0.690561
0.640867
0.395380
0.857465
0.712505
0.682908
0.627749
0.089549
0.169752
0.472633
0.768503
0.831886
0.640867
0.671628
0.986284
0.022856
0.697747
0.043965
0.900187
0.809711
0.426374
0.544691
0.092445
0.605641
0.043607
0.964621
0.511760
0.979611
0.264442
0.421308
0.013825
0.881339
0.568514
0.000862
0.005800
0.749096
0.494338
0.775735
0.088866
0.698644
0.439388
0.455853
0.046105
0.244381
0.819725
0.304449
0.404040
0.596201
0.871381
0.912009
0.874508
0.541189
0.929826
0.927710
0.000984
0.742552
0.857465
0.684710
0.113731
0.969289
0.179098
0.634533
0.267855
0.109159
0.266714
0.455853
0.777429
0.915790
0.856005
0.579641
0.622327
0.725387
0.358722
0.792925
0.007884
0.849737
0.927710
0.591716
0.052904
0.027121
0.051157
0.584107
0.810518
0.738170
0.350694
0.317523
0.601592
0.142062
0.937224
0.120532
0.458290
0.364378
0.952007
0.547761
0.459917
0.548639
0.571179
0.605641
0.805657
0.829556
0.003244
0.739048
0.315585
0.273328
0.351387
0.525964
0.233642
0.906641
0.568514
0.278590
0.418207
0.172150
0.446577
0.853805
0.835746
0.089093
0.541189
0.957194
0.279769
0.806470
0.970274
0.278590
0.375499
0.461548
0.650372
0.316230
0.950277
0.082075
0.974768
0.596201
0.566739
0.439388
0.857465
0.654897
0.592612
0.318170
0.474286
0.016105
0.174373
0.383154
0.149221
0.523370
0.531166
0.741676
0.101768
0.891596
0.983154
0.712505
0.110803
0.472633
0.708936
0.974472
0.865742
0.736414
0.963897
0.031547
0.821310
0.076743
0.846001
0.739924
0.169752
0.372608
0.648561
0.314298
0.891596
0.568514
0.375499
0.525964
0.290247
0.177649
0.869278
0.241727
0.805657
0.096274
0.265576
0.979611
0.519919
0.680203
0.475114
0.395380
0.000647
0.036289
0.964621
0.088413
0.125516
0.153187
0.481343
0.667110
0.943254
0.428724
0.610145
0.818134
0.964980
0.809711
0.053474
0.443374
0.943722
0.053689
0.365089
0.002836
0.036289
0.241727
0.348619
0.959176
0.258547
0.148865
0.367584
0.489709
0.535080
0.822891
0.919771
0.694156
0.345866
0.049597
0.978291
0.582319
0.458290
0.739924
0.066652
0.063734
0.294824
0.986081
0.434235
0.581426
0.636342
0.306970
0.405558
0.768503
0.469335
0.195915
0.529430
0.282734
0.581426
0.696849
0.538568
0.284823
0.372608
0.242786
0.464819
0.891596
0.684710
0.958389
0.514331
0.997023
0.398379
0.241727
