0.742681
0.432971
0.752809
0.430706
0.460038
0.570200
0.298538
0.479074
0.116662
0.679661
0.206258
0.137476
0.271460
0.260794
0.681577
0.077975
0.852625
0.985176
0.630483
0.783243
0.418322
0.667357
0.524687
0.683042
0.698777
0.507507
0.295453
0.070153
0.129970
0.488155
0.872443
0.149675
0.167489
0.963996
0.827036
0.581224
0.501020
0.288067
0.110602
0.215753
0.024685
0.373256
0.022487
0.236109
0.878301
0.747266
0.966925
0.567093
0.066046
0.669165
0.089354
0.373347
0.565762
0.121694
0.426686
0.867355
0.861646
0.155303
0.637382
0.866824
0.657068
0.530752
0.654692
0.876505
0.940652
0.241146
0.160682
0.592297
0.737862
0.057996
0.908086
0.525227
0.001787
0.305722
0.742681
0.547014
0.361471
0.564433
0.979778
0.730269
0.043432
0.084516
0.806286
0.526850
0.342546
0.034566
0.306511
0.467812
0.832872
0.489728
0.380244
0.197159
0.522635
0.068429
0.866735
0.116770
0.297919
0.547123
0.260724
0.412639
0.575538
0.936241
0.115263
0.686420
0.832098
0.391761
0.632518
0.791077
0.471930
0.668035
0.064712
0.500383
0.399337
0.528366
0.247811
0.102480
0.057057
0.952816
0.214487
0.528692
0.931663
0.325701
0.338555
0.275452
0.253518
0.486060
0.257102
0.698665
0.039199
0.249025
0.193202
0.879832
0.302897
0.552838
0.489203
0.181615
0.121544
0.795427
0.464838
0.524363
0.519078
0.094678
0.508574
0.575427
0.259396
0.539244
0.887937
0.305722
0.434155
0.301803
0.757029
0.783033
0.485537
0.609039
0.332419
0.793152
0.939929
0.729276
0.215934
0.479802
0.724523
0.730380
0.454151
0.948801
0.740493
0.913121
0.816858
0.115192
0.838828
0.761449
0.639983
0.216297
0.259256
0.540554
0.790557
0.358914
0.282748
0.785654
0.350277
0.749116
0.273124
0.051940
0.797799
0.850868
0.008358
0.665323
0.833645
0.288445
0.715755
0.581447
0.468429
0.902607
0.098650
0.432182
0.267869
0.775014
0.463815
0.016018
0.327682
0.035695
0.894671
0.075488
0.590392
0.309838
0.587034
0.252423
0.604425
0.482613
0.941431
0.088052
0.830935
0.434945
0.383355
0.320541
0.511138
0.478866
0.676616
0.535754
0.673230
0.052571
0.258977
0.521556
0.434155
0.167194
0.799135
0.291705
0.462690
0.336445
0.349845
0.700122
0.870260
0.015943
0.648243
0.345882
0.557798
0.396427
0.008917
0.648130
0.713306
0.243197
0.467299
0.576318
0.624381
0.202613
0.264030
0.584239
0.103742
0.344597
0.305644
0.720422
0.249838
0.761664
0.084299
0.415234
0.972272
0.193866
0.087575
0.887607
0.335520
0.515961
0.682028
0.934036
0.592073
0.611405
0.586252
0.631840
0.765314
0.761341
0.960731
0.051540
0.123387
0.180567
0.168523
0.237084
0.035205
0.445994
0.710742
0.933782
0.317538
0.657860
0.350277
0.387960
0.592297
0.944548
0.405671
0.351403
0.535863
0.548550
0.221430
0.803537
0.858845
0.286937
0.336530
0.842533
0.342461
0.521556
0.744211
0.909507
0.191715
0.108927
0.019592
0.098526
0.934417
0.109472
0.009523
0.909953
0.178900
0.797181
0.043196
0.324385
0.501232
0.771188
0.091836
0.425806
0.990285
0.877190
0.196598
0.273923
0.278015
0.285361
0.792945
0.248013
0.281707
0.331585
0.469046
0.818452
0.219647
0.268298
0.250992
0.651977
0.943030
0.389070
0.606450
0.016948
0.218181
0.344682
0.355233
0.641907
0.391761
0.252355
0.814057
0.668600
0.459631
0.660122
0.289276
0.930166
0.211319
0.281188
0.614336
0.325783
0.786491
0.322337
0.467196
0.385009
0.861105
0.554820
0.142028
0.463610
0.814458
0.561112
0.778294
0.950940
0.442294
0.796047
0.127652
0.617381
0.731372
0.856753
0.575873
0.080146
0.744211
0.812752
0.683830
0.975614
0.846582
0.495518
0.771401
0.023886
0.064244
0.375788
0.694626
0.000005
0.835283
0.401882
0.646999
0.648017
0.144048
0.694963
0.875817
0.764134
0.764134
0.793152
0.968082
0.087156
0.766170
0.988465
0.231794
0.247474
0.308805
0.836052
0.616253
0.167882
0.102158
0.108961
0.202900
0.908760
0.087855
0.742681
0.812953
0.408907
0.637495
0.722196
0.744321
0.305722
0.745848
0.249905
0.633197
0.044207
0.123047
0.683943
0.844515
0.719645
0.178641
0.914068
0.291781
0.680563
0.581447
0.901989
0.764134
0.629692
0.280744
0.093336
0.358475
0.847798
0.724301
0.338386
0.430411
0.605212
0.135864
0.893949
0.211557
0.575427
0.745630
0.080146
0.214848
0.281040
0.200326
0.761234
0.007158
0.071939
0.370018
0.106806
0.033902
0.271388
0.442793
0.899263
0.843384
0.153788
0.680224
0.247205
0.418999
0.627658
0.782087
0.242534
0.189148
0.085772
0.889167
0.891692
0.069947
0.536844
0.270451
0.004107
0.562440
0.234040
0.246332
0.141985
0.038598
0.976506
0.178072
0.681577
0.410245
0.713528
0.424050
0.180881
0.818750
0.795737
0.350277
0.177556
0.634780
0.568535
0.655258
0.894030
0.503674
0.690694
0.007835
0.038019
0.775543
0.514995
0.132647
0.475030
0.107845
0.623364
0.279414
0.889658
0.430509
0.279931
0.987154
0.237019
0.273850
0.724966
0.756381
0.855290
0.081422
0.256133
0.781246
0.484805
0.459937
0.056603
0.214848
0.909507
0.826057
0.900669
0.515317
0.808618
0.167292
0.491094
0.701018
0.239042
0.082956
0.840637
0.045195
0.128905
0.857846
0.619751
0.016930
0.077950
0.001675
0.403395
0.910769
0.851053
0.406716
0.586699
0.403584
0.387775
0.698553
0.373798
0.842912
0.977309
0.520370
0.784502
0.005547
0.057515
0.907635
0.026528
0.763490
0.690132
0.886120
0.778716
0.206900
0.017717
0.641454
0.448503
0.032136
0.514030
0.212450
0.170059
0.313751
0.395772
0.652090
0.288671
0.965390
0.015465
0.245863
0.414464
0.473995
0.317943
0.771188
0.050222
0.903530
0.796047
0.325125
0.204053
0.253313
0.716088
0.550528
0.781246
0.312710
0.360676
0.824486
0.078455
0.219525
0.056603
0.287540
0.754542
0.840542
0.849847
0.461670
0.817655
0.686870
0.303993
0.507294
0.570200
0.049383
0.643491
0.783453
0.809326
0.042888
0.698104
0.477309
0.166460
0.577098
0.580778
0.705270
0.491199
0.168178
0.468531
0.718312
0.753892
0.502612
0.497419
0.640662
0.230836
0.040385
0.816059
0.691818
0.567425
0.743884
0.719422
0.738630
0.565319
0.336530
0.751290
0.370377
0.275598
0.501338
0.559013
0.811445
0.900980
0.724523
0.009924
0.125600
0.025037
0.218669
0.291172
0.660122
0.237931
0.420937
0.875128
0.045425
0.970160
0.302349
0.561002
0.441896
0.841776
0.760157
0.621896
0.706835
0.398115
0.550088
0.470075
0.528908
0.791181
0.533142
0.207426
0.250856
0.470796
0.287540
0.741259
0.975758
0.096707
0.270739
0.536408
0.219770
0.642812
0.612758
0.730269
0.900513
0.316407
0.975396
0.481884
0.164805
0.249905
0.874351
0.566760
0.182352
0.114374
0.521556
0.206258
0.221924
0.675036
0.369211
0.289882
0.691818
0.407858
0.665323
0.684731
0.230072
0.260583
0.656616
0.209720
0.202613
0.544164
0.107980
0.559455
0.971644
0.847237
0.639757
0.276622
0.623929
0.991962
0.188443
0.235461
0.921252
0.933909
0.963034
0.322828
0.826645
0.107007
0.207778
0.096921
0.363241
0.623929
0.756165
0.062715
0.685519
0.581894
0.885207
0.944432
0.167882
0.123312
0.061199
0.676164
0.110087
0.938529
0.029165
0.191715
0.070406
0.721974
0.075611
0.470796
0.764671
0.368584
0.139610
0.759188
0.138854
0.782718
0.192430
0.584686
0.762846
0.423173
0.418032
0.566760
0.976364
0.018814
0.202211
0.678308
0.572423
0.506335
0.598131
0.968881
0.144308
0.570423
0.234427
0.483865
0.819545
0.112649
0.532056
0.317619
0.124261
0.791804
0.365283
0.548111
0.751615
0.778611
0.345367
0.408430
0.828697
0.869909
0.094498
0.063235
0.597906
0.676841
0.278824
0.492988
0.787327
0.289503
0.009207
0.593082
0.387405
0.429625
0.168375
0.697319
0.016013
0.238061
0.944199
0.926719
0.707505
0.099087
0.977926
0.265944
0.691256
0.331335
0.896979
0.313912
0.691031
0.156506
0.634667
0.861015
0.254410
0.516283
0.095642
0.818352
0.855107
0.688783
0.764671
0.027798
0.218730
0.938161
0.565540
0.073838
0.772359
0.032036
0.237474
0.913632
0.757785
0.996651
0.626980
0.969214
0.844892
0.180097
0.700570
0.783453
0.536735
0.224531
0.809831
0.978499
0.998022
0.350537
0.547123
0.333674
0.496574
0.179368
0.621558
0.739287
0.618961
0.497102
0.633762
0.189039
0.108859
0.694626
0.649601
0.045704
0.322418
0.553719
0.386759
0.179368
0.907936
0.602738
0.413599
0.455163
0.083036
0.057420
0.765742
0.496151
0.227603
0.866114
0.128160
0.905289
0.104787
0.848824
0.762416
0.706835
0.529017
0.043938
0.955733
0.209838
0.480010
0.428840
0.611969
0.981774
0.250380
0.865848
0.612983
0.724412
0.717867
0.164951
0.285211
0.688783
0.612983
0.885207
0.615802
0.428840
0.796975
0.912390
0.106640
0.248485
0.669955
0.995230
0.418418
0.597906
0.659896
0.085006
0.723194
0.727399
0.292543
0.967270
0.309123
0.371365
0.984989
0.526201
0.969380
0.270451
0.072410
0.393157
0.451827
0.440899
0.399337
0.365461
0.793152
0.637721
0.773316
0.275598
0.937174
0.791804
0.196934
0.646772
0.382988
0.942144
0.338640
0.179004
0.074951
0.914793
0.409480
0.650506
0.450516
0.196934
0.067737
0.204458
0.365105
0.545807
0.542413
0.337035
0.320216
0.940170
0.910102
0.599703
0.377512
0.373166
0.712637
0.207368
0.554380
0.783873
0.952922
0.202154
0.219770
0.485537
0.699449
0.247945
0.669616
0.514137
0.513386
0.106606
0.612983
0.051922
0.616930
0.473375
0.732474
0.358123
0.147853
0.552838
0.747592
0.329754
0.033470
0.138686
0.880341
0.371185
0.925100
0.487840
0.392877
0.393437
0.855840
0.435341
0.172915
0.000363
0.828892
0.035511
0.481050
0.045256
0.177452
0.174332
0.794394
0.608139
0.451726
0.377148
0.286486
0.443493
0.596447
0.555151
0.107677
0.261144
0.796150
0.841586
0.900045
0.711411
0.000079
0.688558
0.971881
0.559786
0.549209
0.093692
0.235720
0.539244
0.432774
0.220937
0.932887
0.823403
0.117567
0.198511
0.781246
0.821724
0.784921
0.527175
0.788162
0.952603
0.101998
0.412159
0.849754
0.851516
0.339571
0.544821
0.076400
0.437619
0.549868
0.738849
0.313992
0.106606
0.238192
0.321438
0.387498
0.865670
0.681802
0.961113
0.117204
0.586923
0.562661
0.179836
0.282822
0.584686
0.601613
0.137643
0.480634
0.899889
0.919080
0.452735
0.388514
0.567869
0.608364
0.036329
0.279119
0.914793
0.419386
0.794187
0.319078
0.648017
0.839209
0.765206
0.057745
0.288294
0.586363
0.128082
0.989771
0.730159
0.541757
0.891368
0.951695
0.455771
0.934036
0.307538
0.563325
0.988690
0.677857
0.020032
0.521880
0.019508
0.064648
0.973617
0.154384
0.270739
0.246600
0.998008
0.521987
0.657747
0.583904
0.071939
0.347257
0.580443
0.270379
0.514458
0.340080
0.362709
0.330585
0.257865
0.887607
0.067338
0.265518
0.400844
0.328013
0.518325
0.235137
0.951372
0.238192
0.953450
0.935991
0.433859
0.514458
0.508040
0.391947
0.550088
0.488679
0.704711
0.215572
0.051074
0.725629
0.069741
0.036442
0.206842
0.740164
0.500595
0.106373
0.903069
0.802312
0.373166
0.045271
0.692267
0.927455
0.193866
0.611969
0.499324
0.185537
0.456176
0.434451
0.650732
0.227540
0.059875
0.432478
0.456887
0.845456
0.609715
0.896662
0.224718
0.499959
0.494252
0.957903
0.900202
0.785549
0.796769
0.002269
0.536735
0.506548
0.006375
0.418902
0.015143
0.186233
0.059637
0.803537
0.839590
0.590953
0.428644
0.801186
0.375154
0.295299
0.182563
0.045564
0.968756
0.464019
0.887113
0.597120
0.841207
0.134267
0.522743
0.006941
0.085060
0.312950
0.951372
0.670859
0.556474
0.590953
0.055278
0.449106
0.002769
0.090732
0.613660
0.490568
0.810033
0.943147
0.824486
0.192761
0.120799
0.111396
0.163117
0.675713
0.317376
0.856388
0.852256
0.514888
0.945298
0.190182
0.912243
0.293842
0.380700
0.867532
0.393437
0.904526
0.264738
0.996631
0.409862
0.630936
0.335604
0.043034
0.623703
0.919643
0.550308
0.299235
0.260653
0.141218
0.028780
0.967912
0.424245
0.556805
0.674133
0.631614
0.355146
0.359618
0.459835
0.156785
0.147809
0.513815
0.936490
0.979714
0.626302
0.349845
0.090443
0.836052
0.261004
0.515424
0.860293
0.072504
0.217998
0.952710
0.088193
0.214427
0.081527
0.227100
0.942026
0.484805
0.172059
0.004836
0.196878
0.670859
0.502081
0.498900
0.499748
0.157203
0.136937
0.868943
0.184204
0.051592
0.319890
0.272907
0.714197
0.149586
0.395211
0.001356
0.403963
0.306669
0.721974
0.002151
0.476479
0.483239
0.006695
0.497102
0.040998
0.492146
0.581894
0.855474
0.200896
0.491199
0.727730
0.075366
0.417645
0.815259
0.236109
0.261284
0.234685
0.403774
0.012271
0.036104
0.789308
0.601726
0.014100
0.637382
0.257448
0.957504
0.875645
0.769910
0.870435
0.256825
0.945643
0.504099
0.495307
0.334932
0.219893
0.809427
0.393716
0.046422
0.410627
0.202039
0.792322
0.909804
0.461976
0.796872
0.074127
0.586363
0.120502
0.010908
0.905289
0.449106
0.191715
0.250041
0.168030
0.919643
0.196878
0.684844
0.390646
0.825861
0.105017
0.330752
0.696197
0.484074
0.428546
0.457191
0.758648
0.909358
0.792115
0.696422
0.450919
0.603862
0.449408
0.626189
0.715310
0.275671
0.686420
0.673456
0.734786
0.896344
0.200554
0.962104
0.324878
0.759942
0.633197
0.056849
0.182721
0.102158
0.668600
0.804658
0.888512
0.574203
0.348808
0.669165
0.885955
0.037191
0.390831
0.201925
0.769377
0.529993
0.143746
0.141048
0.560781
0.291400
0.255098
0.163742
0.092804
0.938161
0.615802
0.637495
0.103644
0.350191
0.561334
0.956649
0.753676
0.301413
0.398021
0.448302
0.427762
0.625850
0.312549
0.724301
0.087631
0.427566
0.046108
0.168178
0.183250
0.513815
0.613434
0.054453
0.768309
0.684844
0.573758
0.429429
0.855382
0.332921
0.325454
0.141857
0.051006
0.746067
0.875817
0.580554
0.897295
0.758217
0.254685
0.193866
0.417452
0.232626
0.857573
0.021007
0.616253
0.617833
0.559897
0.601276
0.746939
0.041933
0.091777
0.365817
0.435737
0.058402
0.343229
0.392877
0.603975
0.427468
0.354971
0.415427
0.470178
0.037914
0.052836
0.509962
0.262549
0.611067
0.326443
0.974256
0.401316
0.370018
0.182721
0.537062
0.837203
0.829087
0.827623
0.777343
0.086295
0.021053
0.557357
0.726183
0.946214
0.469869
0.466580
0.701018
0.070222
0.552398
0.951048
0.785654
0.132970
0.643038
0.461568
0.060815
0.403584
0.933527
0.720311
0.689907
0.670520
0.140496
0.768309
0.443692
0.433563
0.157903
0.429135
0.339402
0.888430
0.963723
0.015220
0.056603
0.087996
0.613434
0.635798
0.023127
0.971959
0.094318
0.378148
0.012604
0.138895
0.351403
0.696422
0.517465
0.218485
0.250652
0.078582
0.545807
0.837873
0.070775
0.483865
0.419871
0.259605
0.424830
0.304857
0.761341
0.560670
0.674359
0.658652
0.969214
0.050545
0.359178
0.896265
0.853914
0.348635
0.687658
0.167243
0.059598
0.443393
0.888183
0.829866
0.194255
0.878301
0.655484
0.695748
0.795737
0.927455
0.176527
0.112230
0.993021
0.661818
0.981653
0.926451
0.599254
0.851238
0.572089
0.232562
0.630257
0.882617
0.459122
0.952816
0.996950
0.875473
0.365461
0.919221
0.417162
0.983643
0.443692
0.938896
0.907786
0.635459
0.325948
0.075684
0.848731
0.497948
0.655258
0.422589
0.625059
0.946100
0.919362
0.596447
0.498689
0.501656
0.386944
0.951856
0.997574
0.336698
0.348118
0.245596
0.752592
0.384549
0.501020
0.892823
0.377421
0.783033
0.756381
0.001385
0.214007
0.994203
0.930166
0.021045
0.860474
0.940532
0.586475
0.409671
0.705494
0.920135
0.405101
0.923668
0.769270
0.829477
0.475237
0.856571
0.071705
0.799751
0.916306
0.574648
0.398303
0.904220
0.804149
0.185537
0.408907
0.092480
0.768736
0.752375
0.442394
0.503461
0.783873
0.997621
0.878813
0.287163
0.231858
0.852994
0.068564
0.558129
0.580778
0.658765
0.308488
0.439605
0.445493
0.983643
0.135084
0.090443
0.982928
0.600152
0.417742
0.013108
0.606788
0.204342
0.067140
0.582005
0.253107
0.051644
0.026866
0.706276
0.027458
0.056849
0.215874
0.513065
0.029836
0.897769
0.133091
0.726293
0.381706
0.458715
0.099462
0.739507
0.538371
0.289730
0.078608
0.389070
0.439804
0.619526
0.210548
0.850868
0.016429
0.018065
0.881945
0.303210
0.397177
0.585133
0.582340
0.063612
0.069173
0.634667
0.505908
0.132566
0.201295
0.606675
0.525335
0.039253
0.696870
0.380152
0.592409
0.727509
0.945413
0.448503
0.210963
0.317862
0.392133
0.450818
0.001170
0.149631
0.763705
0.462180
0.617946
0.074490
0.716533
0.375788
0.291629
0.028599
0.913778
0.328510
0.528041
0.326856
0.135084
0.641907
0.683830
0.611405
0.055481
0.670633
0.512851
0.179472
0.256064
0.884041
0.948523
0.498583
0.539025
0.986490
0.480218
0.026286
0.281559
0.769056
0.565873
0.072433
0.029483
0.205502
0.579439
0.881608
0.535863
0.880087
0.323155
0.961303
0.922982
0.010937
0.188822
0.995949
0.745194
0.789308
0.639305
0.887113
0.891854
0.796563
0.060916
0.383447
0.200839
0.481050
0.971881
0.038558
0.215270
0.327351
0.392691
0.300245
0.822416
0.091952
0.857755
0.865136
0.860113
0.098402
0.807098
0.276402
0.687995
0.484492
0.722640
0.579439
0.765528
0.799341
0.754867
0.499536
0.632858
0.306038
0.026668
0.655711
0.477102
0.195312
0.368763
0.050681
0.890636
0.326856
0.912829
0.318834
0.258281
0.258073
0.899341
0.666679
0.587482
0.879663
0.203938
0.494463
0.215150
0.743337
0.928652
0.188334
0.514030
0.223101
0.211319
0.284388
0.625059
0.023061
0.088814
0.020219
0.760803
0.983868
0.468429
0.566760
0.323565
0.683267
0.706835
0.732033
0.175503
0.923394
0.966665
0.879153
0.024825
0.624833
0.648243
0.906503
0.509535
0.089583
0.299701
0.969955
0.266371
0.124872
0.364483
0.928784
0.272183
0.754975
0.656163
0.418612
0.762309
0.375154
0.091952
0.443992
0.485223
0.678984
0.855840
0.866824
0.396052
0.834031
0.256548
0.148562
0.472033
0.429233
0.508147
0.077096
0.639757
0.658652
0.614111
0.325207
0.863082
0.057515
0.311830
0.913340
0.912829
0.057938
0.491409
0.286336
0.631840
0.097659
0.727730
0.420937
0.107946
0.426783
0.255443
0.999061
0.947178
0.426001
0.785654
0.576986
0.415716
0.582340
0.851978
0.644057
0.539680
0.365105
0.860835
0.585245
0.965479
0.362178
0.017533
0.811042
0.358826
0.958448
0.058616
0.657747
0.974775
0.727178
0.155719
0.978699
0.608589
0.710296
0.793773
0.606675
0.005306
0.551078
0.478139
0.799238
0.779033
0.368584
0.126217
0.501338
0.872443
0.850311
0.266087
0.749442
0.389533
0.527391
0.133010
0.887772
0.024537
0.348808
0.231282
0.346140
0.853178
0.226408
0.740602
0.410245
0.264172
0.548550
0.025881
0.665549
0.799649
0.222543
0.134757
0.388422
0.539135
0.913340
0.476376
0.089269
0.951048
0.321928
0.539462
0.917307
0.345539
0.935489
0.453847
0.684844
0.879832
0.782823
0.678308
0.364839
0.215632
0.807301
0.125831
0.227856
0.062632
0.853362
0.441596
0.455568
0.431395
0.221677
0.090818
0.107208
0.731813
0.935991
0.630257
0.300323
0.423562
0.863977
0.001605
0.492146
0.547892
0.420355
0.865314
0.782718
0.203880
0.975396
0.704711
0.511994
0.114162
0.528908
0.348981
0.233783
0.010513
0.272110
0.538807
0.299391
0.312950
0.702026
0.088362
0.793566
0.409767
0.070590
0.405956
0.587482
0.181878
0.978632
0.335184
0.836819
0.554820
0.342376
0.671762
0.571311
0.982870
0.508894
0.006720
0.598804
0.982870
0.209897
0.557688
0.251741
0.476376
0.754109
0.886782
0.293689
0.838828
0.716533
0.673343
0.647451
0.724744
0.748246
0.213048
0.780614
0.179264
0.767989
0.748899
0.656729
0.292543
0.195256
0.873485
0.804760
0.642246
0.438413
0.294532
0.729497
0.161395
0.550858
0.893789
0.209483
0.148962
0.900045
0.444192
0.984091
0.060094
0.044177
0.438016
0.073336
0.960731
0.920694
0.313030
0.221369
0.379970
0.927455
0.655145
0.501975
0.174179
0.020918
0.200896
0.330419
0.167292
0.714197
0.404911
0.319646
0.800367
0.185965
0.995949
0.540336
0.183568
0.868062
0.867178
0.484283
0.486479
0.878983
0.379696
0.757677
0.207309
0.982224
0.623703
0.361824
0.807909
0.306353
0.263254
0.239173
0.454555
0.251741
0.435143
0.452836
0.396614
0.118880
0.326938
0.373617
0.629240
0.142113
0.205618
0.855657
0.614787
0.195870
0.935991
0.629918
0.405481
0.754975
0.011537
0.424050
0.566538
0.422589
0.613434
0.807098
0.206142
0.775332
0.431198
0.758972
0.565319
0.103093
0.030553
0.668826
0.284164
0.322664
0.027984
0.139652
0.314233
0.540554
0.891530
0.565651
0.950123
0.825272
0.433168
0.308409
0.665549
0.079836
0.067759
0.908611
0.873138
0.555812
0.672666
0.386482
0.220999
0.765314
0.121806
0.868062
0.801493
0.093099
0.264455
0.211557
0.779033
0.740383
0.313992
0.148429
0.734566
0.611405
0.367154
0.971088
0.495096
0.330585
0.152649
0.829282
0.081291
0.648017
0.922982
0.749442
0.435143
0.653561
0.775014
0.073599
0.843573
0.631388
0.469869
0.673004
0.132929
0.701914
0.165728
0.625624
0.126024
0.768309
0.133536
0.727288
0.020306
0.798107
0.883288
0.541319
0.999176
0.965301
0.164660
0.071541
0.577766
0.336445
0.899420
0.906579
0.265234
0.684393
0.909208
0.848358
0.676390
0.728393
0.487526
0.716978
0.866292
0.827818
0.251468
0.892823
0.159217
0.985596
0.737752
0.712526
0.838255
0.750312
0.432084
0.956040
0.846113
0.675487
0.496363
0.434748
0.800162
0.345711
0.497314
0.167685
0.195926
0.458512
0.799135
0.129773
0.993865
0.505163
0.401788
0.989813
0.737313
0.618623
0.597906
0.248080
0.473375
0.423173
0.494674
0.383630
0.496891
0.749442
0.417838
0.920834
0.909656
0.937174
0.155073
0.350623
0.885955
0.581894
0.143789
0.328510
0.422395
0.450617
0.832776
0.724966
0.567425
0.881608
0.485223
0.909656
0.888430
0.312469
0.360500
0.804353
0.492567
0.059203
0.673682
0.671311
0.354884
0.193313
0.500595
0.802107
0.232242
0.061830
0.485642
0.447499
0.512422
0.806895
0.679548
0.887443
0.801493
0.282748
0.966838
0.364839
0.559234
0.440501
0.952497
0.626528
0.682366
0.345110
0.313110
0.935991
0.972116
0.364128
0.884541
0.781456
0.171557
0.983756
0.919643
0.287314
0.003868
0.062076
0.292772
0.139231
0.817456
0.529884
0.244460
0.701242
0.887443
0.593194
0.734786
0.916736
0.590953
0.014935
0.525768
0.102641
0.417838
0.227666
0.590728
0.341099
0.565430
0.786072
0.516068
0.667131
0.421423
0.822416
0.204516
0.293689
0.574982
0.589385
0.601838
0.947965
0.559786
0.739945
0.612758
0.848078
0.771721
0.082557
0.187147
0.682929
0.455366
0.196934
0.401033
0.270811
0.128512
0.653109
0.557357
0.014049
0.043034
0.577321
0.623252
0.982754
0.239436
0.527175
0.122670
0.815759
0.408240
0.819743
0.638739
0.724744
0.517357
0.697768
0.110019
0.482613
0.157576
0.855657
0.037967
0.142799
0.166998
0.985596
0.521125
0.305408
0.526634
0.801800
0.718534
0.804862
0.001226
0.076251
0.714864
0.817257
0.579327
0.942263
0.097536
0.369839
0.265234
0.741916
0.616140
0.011549
0.264101
0.102641
