0.532222
0.696986
0.365108
0.375292
0.956979
0.210461
0.651981
0.456382
0.197217
0.133984
0.866428
0.399434
0.595104
0.365553
0.011333
0.337333
0.242503
0.719259
0.848361
0.987551
0.488210
0.614340
0.857121
0.846959
0.649095
0.139737
0.904910
0.185779
0.555871
0.545921
0.948608
0.116880
0.421766
0.093381
0.019293
0.074624
0.257416
0.799806
0.449864
0.334054
0.577491
0.732257
0.580558
0.947237
0.430758
0.506018
0.134167
0.513229
0.112371
0.774327
0.705833
0.618231
0.167368
0.134779
0.205969
0.855568
0.307026
0.063173
0.751022
0.832972
0.862861
0.234945
0.261041
0.036669
0.891532
0.575208
0.875088
0.239536
0.876765
0.474360
0.586423
0.042925
0.016123
0.901332
0.532222
0.027194
0.780091
0.857713
0.137249
0.611352
0.193232
0.829723
0.297111
0.297497
0.751564
0.591908
0.184951
0.050469
0.674532
0.388887
0.640779
0.732147
0.107209
0.345670
0.345499
0.513443
0.079811
0.486011
0.596843
0.196515
0.285026
0.709463
0.026622
0.243132
0.107460
0.133375
0.111623
0.251062
0.120151
0.088419
0.413458
0.838926
0.486116
0.310516
0.600268
0.579442
0.223382
0.872141
0.812102
0.013281
0.792118
0.153470
0.488210
0.505805
0.373620
0.059135
0.766816
0.012755
0.846725
0.394606
0.797081
0.686761
0.928123
0.490729
0.828700
0.211648
0.426884
0.001244
0.644117
0.641628
0.084436
0.755357
0.409722
0.751130
0.652377
0.035764
0.828700
0.901332
0.165535
0.102658
0.903494
0.211054
0.860522
0.846444
0.602291
0.807405
0.620714
0.144743
0.349718
0.818803
0.865139
0.889497
0.317783
0.529725
0.210401
0.392508
0.865717
0.062571
0.894112
0.106457
0.772628
0.580446
0.811800
0.692777
0.026166
0.168722
0.596001
0.349026
0.351666
0.015708
0.647398
0.060494
0.923018
0.467251
0.290605
0.305213
0.533418
0.063970
0.673798
0.859301
0.070418
0.212005
0.753842
0.879241
0.371503
0.025505
0.482460
0.107410
0.752270
0.430119
0.501182
0.149275
0.618118
0.632296
0.235301
0.147744
0.742466
0.096922
0.558961
0.715647
0.317338
0.751510
0.692608
0.656167
0.518490
0.826844
0.094709
0.019073
0.761614
0.786128
0.814912
0.207868
0.165535
0.075073
0.837158
0.852904
0.065938
0.317702
0.352448
0.208396
0.585081
0.492886
0.347819
0.638856
0.261146
0.880005
0.278018
0.833165
0.029125
0.333677
0.413650
0.794759
0.968861
0.568316
0.629639
0.492465
0.666626
0.420892
0.237574
0.905177
0.123901
0.040517
0.227763
0.302156
0.584410
0.178254
0.523232
0.029463
0.670524
0.570426
0.604034
0.082372
0.443596
0.958892
0.822863
0.825864
0.514408
0.935805
0.039741
0.064478
0.358170
0.915698
0.138499
0.444145
0.310755
0.414323
0.355498
0.209840
0.976489
0.725190
0.156995
0.600999
0.871487
0.821579
0.190566
0.529617
0.889987
0.906619
0.035634
0.988534
0.329051
0.994686
0.326157
0.026458
0.531516
0.207868
0.963404
0.625797
0.483816
0.444946
0.806695
0.687717
0.560011
0.017273
0.018396
0.707732
0.426444
0.431496
0.800472
0.400847
0.792378
0.648416
0.321767
0.330588
0.135659
0.367738
0.593253
0.124148
0.433911
0.010775
0.130130
0.549048
0.237151
0.460449
0.107008
0.104690
0.045333
0.253007
0.094934
0.747977
0.628904
0.698164
0.083599
0.420843
0.827431
0.466943
0.060816
0.310079
0.626757
0.396243
0.415863
0.178720
0.176580
0.239700
0.484965
0.489679
0.801650
0.113141
0.777769
0.578940
0.139317
0.329964
0.848594
0.012287
0.219129
0.943091
0.554053
0.190102
0.665439
0.700909
0.340252
0.807000
0.399811
0.660295
0.724028
0.836343
0.195146
0.187850
0.198231
0.728617
0.963404
0.086670
0.723806
0.658599
0.018865
0.156044
0.309721
0.352317
0.322994
0.676281
0.041791
0.414227
0.017028
0.590004
0.165292
0.190839
0.300870
0.150214
0.419147
0.408815
0.282639
0.576656
0.163262
0.584578
0.329134
0.117024
0.317096
0.805272
0.520320
0.229756
0.224471
0.160778
0.612367
0.638912
0.980793
0.116537
0.539520
0.165171
0.998114
0.490362
0.002777
0.467045
0.512105
0.371413
0.167147
0.665891
0.049618
0.705777
0.567318
0.465661
0.721202
0.021543
0.250756
0.612310
0.802826
0.791963
0.024304
0.486534
0.832489
0.947321
0.762688
0.918941
0.485906
0.745143
0.615524
0.612761
0.789832
0.605384
0.854376
0.195676
0.947518
0.651924
0.426591
0.728617
0.557195
0.865273
0.840212
0.724139
0.759299
0.508631
0.051644
0.617159
0.646380
0.463716
0.285139
0.730107
0.124548
0.152673
0.438515
0.923327
0.529074
0.911583
0.633031
0.582232
0.722366
0.467148
0.960828
0.307461
0.386393
0.272438
0.612930
0.424443
0.056973
0.452890
0.364441
0.551026
0.136030
0.651754
0.443646
0.327891
0.792222
0.897850
0.118661
0.135639
0.038065
0.818504
0.268300
0.617949
0.279822
0.442697
0.491360
0.850871
0.129458
0.316006
0.109013
0.596787
0.255273
0.692608
0.978214
0.218182
0.565378
0.203276
0.478973
0.299354
0.705497
0.154087
0.900633
0.281228
0.470799
0.489889
0.530050
0.246167
0.465149
0.358829
0.883165
0.935082
0.135331
0.272583
0.557195
0.398588
0.502987
0.525501
0.002460
0.934577
0.528207
0.046109
0.219895
0.791859
0.146994
0.346658
0.778244
0.851935
0.359401
0.346443
0.684678
0.491570
0.397180
0.348466
0.989348
0.548663
0.111970
0.160304
0.290036
0.054380
0.101551
0.720259
0.829772
0.495943
0.116052
0.943179
0.043670
0.316086
0.211797
0.548279
0.383955
0.213918
0.696032
0.723585
0.258492
0.638969
0.527232
0.820490
0.623707
0.578996
0.382441
0.799292
0.033066
0.990754
0.901488
0.117913
0.543784
0.493149
0.855705
0.710188
0.398024
0.519082
0.660352
0.935019
0.115033
0.701525
0.018297
0.204691
0.631900
0.978248
0.250518
0.792378
0.621335
0.419486
0.512051
0.027271
0.607748
0.272583
0.176093
0.584634
0.735669
0.772788
0.344171
0.359093
0.083680
0.388517
0.034447
0.149164
0.430906
0.582958
0.346443
0.856025
0.898756
0.176811
0.847754
0.477623
0.024098
0.178384
0.849013
0.840402
0.562831
0.128024
0.349199
0.691990
0.383725
0.438317
0.657015
0.855522
0.677804
0.055020
0.733248
0.232436
0.460296
0.230011
0.606566
0.834179
0.415622
0.826990
0.312032
0.944810
0.471160
0.115407
0.941671
0.567651
0.708123
0.118661
0.038871
0.161515
0.029196
0.340380
0.170858
0.296186
0.637442
0.995473
0.163937
0.763064
0.730052
0.017740
0.018199
0.232596
0.507457
0.255755
0.547182
0.322176
0.117241
0.733248
0.945587
0.175837
0.910104
0.776235
0.651754
0.591124
0.176093
0.218640
0.631052
0.097706
0.521128
0.939930
0.238717
0.662556
0.878005
0.714701
0.874397
0.839736
0.373034
0.322953
0.641854
0.678988
0.408052
0.668547
0.502137
0.205969
0.229154
0.929347
0.147722
0.500069
0.511463
0.557471
0.139253
0.557139
0.439907
0.140688
0.861198
0.720425
0.138374
0.899735
0.974108
0.256377
0.329383
0.996642
0.865273
0.794087
0.644909
0.876636
0.582121
0.715869
0.235431
0.963105
0.648982
0.253178
0.074345
0.374343
0.716314
0.059568
0.053041
0.486901
0.687211
0.944114
0.096098
0.567595
0.825815
0.517253
0.297226
0.226724
0.083238
0.725522
0.468586
0.434454
0.713309
0.316974
0.254619
0.434948
0.740989
0.130209
0.719315
0.591124
0.007941
0.443196
0.385426
0.042553
0.354407
0.182433
0.795276
0.567262
0.479389
0.459787
0.636367
0.709853
0.650962
0.031113
0.934577
0.660352
0.187715
0.459940
0.341314
0.829674
0.839403
0.722033
0.397743
0.928819
0.739839
0.351796
0.822715
0.716481
0.959454
0.751184
0.775918
0.715035
0.163190
0.221679
0.385012
0.030714
0.595777
0.586758
0.833696
0.661539
0.109541
0.005692
0.918375
0.945816
0.691035
0.961423
0.804458
0.642929
0.794242
0.637442
0.922777
0.317055
0.885916
0.502774
0.921706
0.527287
0.450771
0.492412
0.184445
0.582846
0.548609
0.474050
0.459278
0.542744
0.017523
0.001639
0.435987
0.047271
0.978483
0.395775
0.369976
0.418373
0.813659
0.377878
0.007941
0.348638
0.948803
0.209810
0.197864
0.039973
0.265769
0.118625
0.977189
0.304270
0.602404
0.929182
0.215815
0.987432
0.257173
0.042243
0.077988
0.706950
0.046817
0.679157
0.125832
0.985362
0.116177
0.621843
0.555154
0.378105
0.009217
0.540394
0.167294
0.127225
0.174359
0.107259
0.033979
0.136731
0.877835
0.555099
0.816911
0.377287
0.963633
0.830209
0.214339
0.431742
0.184525
0.374298
0.395962
0.485174
0.432580
0.980887
0.435344
0.828163
0.441649
0.410582
0.933529
0.548169
0.546469
0.309959
0.362048
0.446799
0.642306
0.510607
0.882620
0.888104
0.599538
0.884043
0.833696
0.428353
0.929971
0.802162
0.701749
0.361120
0.601223
0.395120
0.188390
0.377878
0.125544
0.389628
0.863756
0.851426
0.996210
0.173143
0.517629
0.218945
0.927190
0.378014
0.679721
0.686480
0.824734
0.135598
0.453597
0.684397
0.395494
0.907901
0.477105
0.449411
0.703148
0.345027
0.652999
0.675829
0.682482
0.292088
0.527395
0.577547
0.525988
0.395260
0.181145
0.516501
0.713253
0.923396
0.884794
0.521020
0.958029
0.597180
0.639987
0.936180
0.340634
0.673346
0.499274
0.820143
0.419486
0.321074
0.845130
0.842962
0.100013
0.943325
0.498163
0.639761
0.835623
0.917701
0.571259
0.890232
0.796256
0.658712
0.603247
0.415670
0.624836
0.162040
0.534070
0.547237
0.018919
0.062820
0.429530
0.605103
0.569371
0.465405
0.880555
0.938684
0.135927
0.505699
0.125544
0.315804
0.815362
0.840592
0.498110
0.058870
0.881863
0.690136
0.894193
0.454913
0.685298
0.405009
0.992907
0.855842
0.281450
0.434652
0.137665
0.139338
0.756060
0.095190
0.899618
0.715647
0.608705
0.299626
0.162088
0.214129
0.984504
0.751347
0.434109
0.081122
0.233013
0.276112
0.959600
0.828798
0.289052
0.916667
0.218365
0.559900
0.928951
0.020699
0.947939
0.390695
0.003906
0.697771
0.937793
0.369886
0.414756
0.688899
0.553997
0.250756
0.013556
0.622973
0.335985
0.408290
0.986850
0.795689
0.296879
0.560895
0.818902
0.211737
0.284802
0.021840
0.305804
0.396664
0.865629
0.200185
0.551356
0.089598
0.853917
0.315401
0.433171
0.240884
0.637724
0.505699
0.737700
0.251573
0.108133
0.067472
0.453496
0.403635
0.649209
0.025304
0.134717
0.597460
0.291213
0.206873
0.049501
0.455115
0.497581
0.046148
0.195984
0.468226
0.820342
0.348035
0.326404
0.729832
0.357819
0.119524
0.538647
0.351710
0.203190
0.233334
0.702589
0.147038
0.235172
0.181381
0.201926
0.811699
0.929906
0.576711
0.878091
0.597292
0.623537
0.999254
0.379152
0.457397
0.537338
0.191195
0.613381
0.259223
0.712362
0.974610
0.980574
0.339998
0.204402
0.307857
0.300520
0.202041
0.142457
0.259328
0.527720
0.076326
0.322421
0.407100
0.366265
0.080731
0.939991
0.437077
0.317136
0.995927
0.867092
0.760484
0.213918
0.080770
0.651981
0.635066
0.341399
0.333635
0.737700
0.085430
0.507564
0.822271
0.823849
0.314195
0.571537
0.271751
0.725190
0.894993
0.183622
0.916093
0.089170
0.919610
0.147832
0.419631
0.415815
0.946869
0.363288
0.539247
0.822271
0.025663
0.962246
0.200498
0.210490
0.782248
0.476379
0.463460
0.685917
0.974978
0.876808
0.571370
0.096922
0.987657
0.170011
0.925846
0.940383
0.653338
0.355716
0.783614
0.166706
0.244096
0.648812
0.810541
0.789884
0.011220
0.881695
0.741755
0.177094
0.773213
0.589108
0.115962
0.870613
0.653338
0.508310
0.069469
0.107075
0.523988
0.195816
0.822666
0.092775
0.346099
0.010420
0.387085
0.270057
0.027487
0.923602
0.184047
0.183278
0.145723
0.561724
0.153653
0.317743
0.333635
0.230042
0.119967
0.434701
0.482356
0.183569
0.116411
0.693001
0.948497
0.664252
0.234849
0.448205
0.461418
0.402216
0.735339
0.688449
0.914759
0.613156
0.323731
0.875820
0.462694
0.384138
0.790456
0.463153
0.855385
0.479285
0.487320
0.152401
0.713588
0.928753
0.348035
0.709072
0.459329
0.297999
0.582679
0.689911
0.390881
0.011012
0.011372
0.311753
0.948218
0.250756
0.902107
0.179291
0.238783
0.607129
0.695640
0.753137
0.129497
0.931924
0.872010
0.772096
0.320463
0.394886
0.496207
0.098062
0.600381
0.615298
0.352882
0.971921
0.157624
0.902184
0.651358
0.002825
0.405436
0.825373
0.867446
0.519189
0.124892
0.161158
0.488839
0.050401
0.815662
0.771458
0.151744
0.254344
0.254584
0.214008
0.664478
0.680453
0.058910
0.696762
0.246401
0.600044
0.174816
0.777822
0.150887
0.606791
0.897337
0.597068
0.181145
0.318269
0.286226
0.302469
0.839069
0.819945
0.240983
0.472036
0.655488
0.879665
0.230838
0.040097
0.063833
0.770286
0.155628
0.398541
0.671879
0.317379
0.774540
0.501341
0.798316
0.155213
0.616934
0.892503
0.233720
0.846631
0.781828
0.684453
0.889129
0.549707
0.400234
0.677183
0.256412
0.185031
0.091036
0.878730
0.981745
0.060665
0.910327
0.390370
0.594879
0.022996
0.309840
0.574818
0.252391
0.132085
0.953029
0.991169
0.733248
0.996740
0.909509
0.414948
0.338008
0.171458
0.173522
0.607467
0.413746
0.568039
0.151744
0.408147
0.917416
0.872315
0.003839
0.506391
0.108032
0.047834
0.865451
0.851334
0.233913
0.724969
0.341697
0.014204
0.597292
0.092027
0.964518
0.888719
0.365998
0.016525
0.569260
0.207370
0.730714
0.090415
0.846069
0.086158
0.882788
0.435690
0.100629
0.291593
0.990646
0.117187
0.477053
0.682989
0.213469
0.639930
0.091530
0.787956
0.818604
0.873141
0.566763
0.205213
0.911988
0.348983
0.643890
0.171408
0.670467
0.815212
0.758868
0.894993
0.471675
0.791599
0.773159
0.413362
0.025813
0.611972
0.668434
0.255307
0.058112
0.340210
0.539083
0.882200
0.256343
0.714144
0.860883
0.523286
0.733028
0.112371
0.879156
0.671540
0.782511
0.977120
0.442198
0.071624
0.776764
0.408147
0.987432
0.307857
0.977154
0.973751
0.495416
0.981304
0.536847
0.653282
0.950425
0.931406
0.437325
0.975161
0.745852
0.602741
0.082174
0.653508
0.760645
0.166779
0.291289
0.297111
0.221988
0.584243
0.618006
0.174715
0.783509
0.072340
0.311473
0.772415
0.674024
0.838306
0.596843
0.498110
0.274689
0.701245
0.339574
0.454356
0.566930
0.872533
0.352187
0.992632
0.853779
0.712362
0.337924
0.396617
0.226819
0.075538
0.734294
0.233978
0.419922
0.591348
0.344300
0.752975
0.574318
0.754437
0.339489
0.647285
0.940263
0.567041
0.055900
0.995887
0.826599
0.932921
0.044276
0.515427
0.481053
0.322421
0.839879
0.990725
0.583908
0.169167
0.653565
0.749989
0.776764
0.872663
0.916810
0.358917
0.325374
0.393300
0.256135
0.778139
0.542197
0.408767
0.619021
0.992989
0.808064
0.318512
0.733359
0.396852
0.982813
0.300170
0.164033
0.060264
0.295916
0.347862
0.551301
0.980590
0.925508
0.795895
0.041111
0.041069
0.418083
0.716370
0.211291
0.166730
0.676168
0.453597
0.087380
0.740879
0.273671
0.462030
0.598190
0.701861
0.148785
0.374388
0.967207
0.863354
0.578104
0.953320
0.824685
0.091458
0.967550
0.376062
0.990377
0.094155
0.399387
0.248892
0.485122
0.376244
0.317338
0.028594
0.592469
0.250688
0.856801
0.098574
0.761614
0.198654
0.494994
0.192487
0.871880
0.125563
0.720259
0.503305
0.889579
0.481783
0.839641
0.301610
0.905558
0.872663
0.633709
0.588716
0.147545
0.317257
0.390138
0.079451
0.478246
0.854422
0.845365
0.050037
0.868241
0.526799
0.327478
0.605553
0.002995
0.177325
0.927056
0.278275
0.883960
0.423712
0.348035
0.394606
0.322421
0.152628
0.901797
0.573205
0.266267
0.093991
0.463051
0.322217
0.081475
0.512051
0.530647
0.088957
0.123958
0.082571
0.410056
0.093752
0.023738
0.309443
0.436978
0.961470
0.272438
0.346357
0.601392
0.463562
0.617780
0.460602
0.323199
0.002572
0.831278
0.123408
0.184472
0.455723
0.993095
0.268801
0.157298
0.348724
0.190293
0.773425
0.641005
0.761398
0.390927
0.234300
0.370514
0.143273
0.824833
0.557526
0.228616
0.489259
0.391950
0.806898
0.905558
0.429432
0.370649
0.664874
0.306434
0.042692
0.800985
0.801804
0.271751
0.946358
0.427863
0.861558
0.222266
0.898677
0.662161
0.639365
0.590564
0.846678
0.008405
0.554879
0.216481
0.902917
0.191113
0.002326
0.495416
0.271030
0.014394
0.616031
0.893832
0.739729
0.419244
0.592861
0.853917
0.174105
0.119542
0.088560
0.430021
0.188715
0.022781
0.051697
0.968040
0.262727
0.624893
0.238652
0.127966
0.025982
0.388332
0.006088
0.535322
0.608198
0.023721
0.314195
0.377106
0.753029
0.974554
0.959333
0.486953
0.466430
0.773637
0.143920
0.896069
0.991283
0.036361
0.544715
0.054000
0.793414
0.729776
0.608198
0.189530
0.382899
0.010951
0.331504
0.363598
0.223351
0.779195
0.429432
0.547456
0.650793
0.592525
0.779142
0.953425
0.804458
0.245330
0.947687
0.273852
0.280044
0.348207
0.362004
0.850593
0.548663
0.933241
0.209190
0.368453
0.204778
0.602010
0.521991
0.342506
0.149632
0.097460
0.051092
0.926621
0.079773
0.859935
0.554659
0.512212
0.846585
0.755465
0.844236
0.762259
0.950425
0.271751
0.693338
0.669394
0.006034
0.599313
0.563605
0.094874
0.806035
0.833600
0.765692
0.005952
0.969936
0.206231
0.185699
0.926553
0.392089
0.334054
0.163840
0.509699
0.790248
0.061555
0.679326
0.607241
0.820342
0.237770
0.316813
0.577491
0.843528
0.962456
0.019162
0.250348
0.184845
0.385656
0.182749
0.749881
0.950941
0.606791
0.631731
0.779195
0.899735
0.819449
0.924183
0.276990
0.208749
0.472294
0.861378
0.646380
0.423371
0.324388
0.240950
0.471366
0.844236
0.291783
0.906013
0.752270
0.800575
0.271643
0.463920
0.880301
0.077535
0.244896
0.813559
0.530376
0.521074
0.861918
0.543237
0.934893
0.251539
0.055472
0.448557
0.421183
0.376062
0.249061
0.220785
0.606904
0.769433
0.892866
0.239963
0.788530
0.811699
0.987622
0.838210
0.795998
0.074478
0.616821
0.692777
0.701189
0.686311
0.941641
0.300170
0.588660
0.588269
0.537065
0.570870
0.602741
0.129991
0.162207
0.615016
0.097722
0.895830
0.265520
0.595945
0.221401
0.933465
0.734404
0.290301
0.928389
0.048443
0.758975
0.446198
0.837876
0.195369
0.586311
0.899735
0.628113
0.534234
0.707732
0.751347
0.541268
0.923876
0.373710
0.950425
0.944983
0.776976
0.373710
0.885667
0.922121
0.221648
0.673064
0.483555
0.289960
0.966405
0.035838
0.661708
0.035893
0.861063
0.785709
0.629865
0.336532
0.497000
0.360370
0.719704
0.424589
0.662613
0.482147
0.714534
0.347346
0.821084
0.990852
0.193619
0.865050
0.425467
0.600886
0.652207
0.791288
0.620601
0.846350
0.459685
0.308887
0.623424
0.258945
0.986264
0.099354
0.817609
0.796669
0.159713
0.976928
0.600156
0.048321
0.656789
0.856756
0.166877
0.449411
0.860070
0.499857
0.154019
0.760376
0.490782
0.866782
0.812705
0.296224
0.371638
0.398400
0.783141
0.106175
0.856573
0.586311
0.576878
0.204228
0.310795
0.262164
0.886744
0.507884
0.090415
0.293347
0.995915
0.835671
0.132427
0.913416
0.454761
0.220755
0.935491
0.631052
0.682538
0.676394
0.911878
0.440454
0.117133
0.321767
0.737536
0.061018
0.591404
0.325498
0.315401
0.195984
0.486116
0.353927
0.229820
0.180987
0.515910
0.943560
0.178306
0.588045
0.707620
0.197723
0.003862
0.372673
0.500652
0.698556
0.347819
0.045557
0.551576
0.624780
0.635293
0.037778
0.476483
0.227921
0.533744
0.890842
0.751782
0.001516
0.599257
0.237411
0.704491
0.887280
0.450418
0.158092
0.849943
0.677522
0.579052
0.034885
0.090516
0.471366
0.497423
0.539465
0.516770
0.512426
0.775600
0.789468
0.243797
0.442996
0.576878
0.738578
0.469152
0.132005
0.185672
0.611352
0.074164
0.496102
0.645871
0.078406
0.832972
0.907336
0.671596
0.617159
0.910401
0.802979
0.084531
0.299626
0.452738
0.536520
0.750315
0.797287
0.771458
0.587933
0.464023
0.383496
0.233045
0.985946
0.553392
0.324059
0.849339
0.376516
0.120466
0.338135
0.359489
0.661765
0.719537
0.963381
0.838162
0.444295
0.834468
0.774540
0.044532
0.543182
0.461418
0.822518
0.275381
0.786912
0.037720
0.219527
0.728893
0.213140
0.092554
0.778878
0.190402
0.072198
0.876765
0.213798
0.484077
0.104346
0.233045
0.025139
0.713699
0.843670
0.867092
0.201612
0.726131
0.144417
0.319202
0.643608
0.200983
0.242337
0.008011
0.442996
0.184578
0.107645
0.076277
0.944694
0.787434
0.549432
0.344642
0.585528
0.802673
0.223165
0.578049
0.433763
0.745361
0.188797
0.535485
0.846397
0.976928
0.884877
0.631165
0.339489
0.406814
0.453395
0.197498
0.584746
0.624385
0.736053
0.831714
0.536738
0.546853
0.387177
0.176939
0.877407
0.128220
0.376833
0.146752
0.276295
0.555981
0.522153
0.763816
0.137935
0.664026
0.347174
0.890354
0.499274
0.260516
0.276039
0.957805
0.569704
0.691203
0.041478
0.517791
0.591628
0.583405
0.122558
0.516286
0.392927
0.964157
0.810137
0.084707
0.360944
0.532168
0.090906
0.097152
0.767244
0.456738
0.846022
0.645305
0.800780
0.531733
0.714144
0.476172
0.215695
0.510660
0.126953
0.184578
0.686480
0.470078
0.942826
0.550971
0.304545
0.727347
0.570926
0.884711
0.703876
0.542197
0.094185
0.023550
0.843906
0.411156
0.418905
0.019857
0.035096
0.369976
0.352795
0.230838
0.066046
0.038758
0.237248
0.560840
0.954445
0.582121
0.698052
0.569260
0.721368
0.661426
0.689686
0.934165
0.334263
0.784872
0.457347
0.042235
0.091458
0.969936
0.110655
0.127089
0.383358
0.487477
0.379973
0.398212
0.303957
0.051497
0.732257
0.941193
0.197864
0.022591
0.214670
0.993191
0.893912
0.654187
0.663517
0.907336
0.320259
0.693844
0.347862
0.877749
0.045984
0.475240
0.808115
0.287655
0.014119
0.357424
0.649944
0.465558
0.536411
0.020430
0.380612
0.232276
0.131344
0.943149
0.606904
0.123370
0.632013
0.902956
0.129458
0.501447
0.057842
0.998114
0.795482
0.520535
0.730107
0.600493
0.209190
0.857985
0.110140
0.909174
0.157858
0.008020
0.496947
0.983174
0.364264
0.047223
0.840972
0.211113
0.249806
0.185165
0.936710
0.954731
0.905367
0.583852
0.711526
0.884877
0.643212
0.331421
0.580669
0.475550
0.743505
0.816761
0.293998
0.364219
0.696032
0.667925
0.322830
0.655431
0.036625
0.848594
0.906695
0.757195
0.308808
0.695471
0.234429
0.357380
0.727236
0.815112
0.282192
0.288674
0.255652
0.816162
0.514623
0.094559
0.509805
0.294803
0.483764
0.401696
0.270813
0.939991
0.365775
0.458922
0.231828
0.755574
0.995205
0.640440
0.326322
0.943149
0.581953
0.559016
0.332422
0.799549
0.723142
0.657411
0.246804
0.943032
0.754112
0.896108
0.523556
0.687380
0.672951
0.442347
0.570037
0.188553
0.630487
0.062509
0.123464
0.668095
0.917772
0.566486
0.603078
0.843859
0.242966
0.498745
0.977791
0.830355
0.166730
0.346615
0.651981
0.898244
0.619981
0.582791
0.704211
0.651924
0.138604
0.820143
0.748902
0.925508
0.032598
0.007173
0.764084
0.391671
0.361120
0.052501
0.786964
0.582735
0.136133
0.950670
0.639195
0.127790
0.758598
0.083667
0.099369
0.321645
0.185592
0.119009
0.987360
0.876979
0.814962
0.695584
0.143985
0.643438
0.526258
0.773744
0.764835
0.050571
0.093322
0.873748
0.402310
0.467661
0.327602
