0.694521
0.801909
0.182830
0.517687
0.410059
0.885628
0.278535
0.524585
0.561341
0.745964
0.956753
0.355850
0.322015
0.006426
0.624049
0.159644
0.273855
0.893473
0.742470
0.504000
0.888271
0.114838
0.181146
0.798628
0.801909
0.132408
0.575545
0.992641
0.992641
0.890886
0.575545
0.452540
0.449314
0.407007
0.624049
0.850410
0.358656
0.237478
0.624049
0.135005
0.991508
0.206845
0.364311
0.850410
0.683725
0.112582
0.174538
0.314238
0.931861
0.850410
0.155168
0.893473
0.627665
0.329925
0.841402
0.504000
0.314238
0.923330
0.838356
0.514251
0.687327
0.888271
0.311675
0.459027
0.956753
0.959917
0.561341
0.631282
0.568431
0.620436
0.847430
0.128593
0.959917
0.841402
0.694521
0.575545
0.624049
0.798628
0.203134
0.132408
0.850410
0.309128
0.521132
0.465562
0.416203
0.564883
0.801909
0.152243
0.507407
0.847430
0.241678
0.057612
0.631282
0.749449
0.687327
0.738965
0.638520
0.056397
0.153700
0.690926
0.005391
0.841402
0.208721
0.459027
0.403969
0.992087
0.801909
0.680119
0.847430
0.683725
0.403969
0.510824
0.204983
0.742470
0.416203
0.510824
0.749449
0.413125
0.212514
0.208721
0.801909
0.738965
0.841402
0.355850
0.083118
0.579111
0.627665
0.571985
0.455777
0.397933
0.847430
0.517687
0.153700
0.631282
0.269234
0.620436
0.627665
0.620436
0.788689
0.410059
0.271537
0.990901
0.687327
0.316815
0.361476
0.885628
0.847430
0.841402
0.690926
0.745964
0.742470
0.687327
0.243799
0.571985
0.410059
0.925511
0.239571
0.416203
0.896031
0.070040
0.738965
0.322015
0.925511
0.798628
0.452540
0.564883
0.155168
0.568431
0.888271
0.504000
0.847430
0.890886
0.153700
0.992641
0.245934
0.683725
0.273855
0.687327
0.153700
0.271537
0.462288
0.683725
0.795331
0.082267
0.929777
0.680119
0.893473
0.838356
0.153700
0.801909
0.620436
0.927660
0.571985
0.792018
0.690926
0.449314
0.561341
0.792018
0.176171
0.927660
0.575545
0.624049
0.446101
0.627665
0.319408
0.627665
0.841402
0.888271
0.624049
0.514251
0.844427
0.468846
0.003557
0.888271
0.350283
0.997784
0.735452
0.082267
0.575545
0.413125
0.273855
0.853368
0.745964
0.442900
0.280897
0.991508
0.798628
0.111468
0.235400
0.001899
0.468846
0.204983
0.927660
0.067163
0.179475
0.853368
0.683725
0.136319
0.008987
0.959917
0.243799
0.179475
0.931861
0.929777
0.801909
0.801909
0.179475
0.002334
0.462288
0.280897
0.410059
0.795331
0.413125
0.182830
0.749449
0.011058
0.801909
0.731930
0.067163
0.627665
0.273855
0.795331
0.057612
0.959917
0.081424
0.624049
0.634900
0.068588
0.449314
0.683725
0.314238
0.571985
0.285665
0.468846
0.687327
0.353059
0.465562
0.033997
0.561341
0.798628
0.084844
0.561341
0.738965
0.459027
0.472143
0.358656
0.616824
0.805174
0.361476
0.687327
0.472143
0.066461
0.033997
0.575545
0.956753
0.801909
0.021068
0.792018
0.029577
0.627665
0.243799
0.847430
0.927660
0.177817
0.931861
0.961448
0.024843
0.958352
0.322015
0.672898
0.850410
0.059480
0.504000
0.245934
0.000855
0.631282
0.885628
0.801909
0.564883
0.465562
0.176171
0.561341
0.049318
0.690926
0.083118
0.459027
0.241678
0.850410
0.561341
0.210611
0.638520
0.888271
0.416203
0.890886
0.007649
0.364311
0.888271
0.028280
0.571985
0.961448
0.314238
0.504000
0.113705
0.575545
0.683725
0.023743
0.979845
0.410059
0.929777
0.000389
0.579111
0.676510
0.514251
0.355850
0.579111
0.204983
0.571985
0.280897
0.977723
0.958352
0.792018
0.992087
0.358656
0.672898
0.129854
0.568431
0.455777
0.019670
0.280897
0.152243
0.021068
0.514251
0.738965
0.364311
0.472143
0.683725
0.019897
0.110364
0.980857
0.850410
0.977723
0.273855
0.241678
0.004199
0.795331
0.324637
0.403969
0.680119
0.367160
0.082267
0.690926
0.507407
0.216362
0.978800
0.568431
0.028922
0.990901
0.742470
0.069310
0.847430
0.687327
0.206845
0.001972
0.034375
0.472143
0.742470
0.129854
0.358656
0.278535
0.683725
0.024013
0.184527
0.683725
0.364311
0.694521
0.058229
0.111468
0.850410
0.735452
0.400944
0.237478
0.403969
0.419295
0.847430
0.181146
0.206845
0.040331
0.627665
0.462288
0.095402
0.838356
0.844427
0.929777
0.571985
0.500602
0.801909
0.687327
0.203134
0.896031
0.201299
0.184527
0.083977
0.314238
0.152243
0.237478
0.283274
0.455777
0.888271
0.801909
0.564883
0.690926
0.735452
0.311675
0.896031
0.844427
0.683725
0.958352
0.634900
0.095402
0.358656
0.153700
0.933913
0.627665
0.206845
0.239571
0.327274
0.243799
0.801909
0.288072
0.792018
0.683725
0.067163
0.624049
0.801909
0.278535
0.407007
0.735452
0.798628
0.634900
0.925511
0.631282
0.620436
0.355850
0.370024
0.009767
0.243799
0.023475
0.795331
0.690926
0.631282
0.795331
0.792018
0.316815
0.118297
0.243799
0.564883
0.507407
0.931861
0.136319
0.847430
0.624049
0.280897
0.738965
0.128593
0.992087
0.319408
0.680119
0.801909
0.742470
0.465562
0.273855
0.024013
0.271537
0.929777
0.364311
0.683725
0.462288
0.510824
0.237478
0.048264
0.850410
0.564883
0.280897
0.738965
0.927660
0.280897
0.455777
0.568431
0.998015
0.927660
0.204983
0.991508
0.798628
0.958352
0.561341
0.801909
0.893473
0.069310
0.208721
0.214431
0.977723
0.624049
0.561341
0.149366
0.795331
0.252428
0.019897
0.208721
0.694521
0.979845
0.676510
0.081424
0.210611
0.634900
0.992087
0.847430
0.634900
0.156648
0.094440
0.407007
0.929777
0.355850
0.929777
0.687327
0.152243
0.844427
0.324637
0.462288
0.155168
0.742470
0.507407
0.319408
0.080588
0.465562
0.028280
0.462288
0.135005
0.112582
0.416203
0.311675
0.459027
0.177817
0.579111
0.283274
0.372901
0.888271
0.687327
0.956753
0.422401
0.067872
0.687327
0.510824
0.627665
0.575545
0.680119
0.690926
0.841402
0.208721
0.322015
0.847430
0.361476
0.179475
0.367160
0.153700
0.355850
0.524585
0.564883
0.979845
0.239571
0.276187
0.844427
0.314238
0.452540
0.853368
0.309128
0.413125
0.564883
0.853368
0.316815
0.007929
0.000574
0.276187
0.155168
0.465562
0.003646
0.355850
0.627665
0.239571
0.517687
0.683725
0.455777
0.850410
0.000089
0.568431
0.958352
0.634900
0.413125
0.096373
0.850410
0.208721
0.001602
0.731930
0.627665
0.798628
0.999865
0.680119
0.115981
0.355850
0.306595
0.048788
0.517687
0.850410
0.979845
0.890886
0.156648
0.353059
0.243799
0.507407
0.243799
0.890886
0.613216
0.329925
0.514251
0.687327
0.241678
0.795331
0.627665
0.690926
0.459027
0.992087
0.514251
0.235400
0.627665
0.624049
0.132408
0.468846
0.958352
0.316815
0.112582
0.210611
0.082267
0.025411
0.024013
0.118297
0.459027
0.097353
0.564883
0.792018
0.979845
0.058852
0.067872
0.634900
0.568431
0.068588
0.278535
0.627665
0.355850
0.634900
0.844427
0.276187
0.561341
0.462288
0.624049
0.237478
0.745964
0.372901
0.039891
0.271537
0.564883
0.579111
0.999828
0.009538
0.210611
0.798628
0.013902
0.745964
0.316815
0.314238
0.020126
0.991508
0.239571
0.514251
0.174538
0.613216
0.413125
0.413125
0.177817
0.927660
0.082267
0.177817
0.977723
0.347520
0.582682
0.361476
0.416203
0.237478
0.528048
0.893473
0.579111
0.795331
0.069310
0.742470
0.564883
0.059480
0.616824
0.844427
0.452540
0.510824
0.355850
0.978800
0.153700
0.181146
0.014397
0.888271
0.397933
0.785346
0.575545
0.472143
0.992641
0.683725
0.016264
0.237478
0.322015
0.564883
0.631282
0.624049
0.568431
0.212514
0.801909
0.792018
0.958352
0.111468
0.324637
0.896031
0.893473
0.355850
0.136319
0.690926
0.176171
0.893473
0.979845
0.853368
0.455777
0.992087
0.041224
0.237478
0.517687
0.620436
0.184527
0.620436
0.109269
0.923330
0.269234
0.507407
0.280897
0.680119
0.407007
0.850410
0.571985
0.407007
0.742470
0.893473
0.579111
0.452540
0.361476
0.571985
0.094440
0.023743
0.853368
0.992087
0.785346
0.687327
0.278535
0.023743
0.081424
0.979845
0.680119
0.620436
0.048264
0.634900
0.690926
0.893473
0.788689
0.410059
0.731930
0.847430
0.792018
0.132408
0.669285
0.687327
0.361476
0.316815
0.676510
0.627665
0.890886
0.882958
0.680119
0.311675
0.979845
0.459027
0.579111
0.931861
0.280897
0.890886
0.738965
0.179475
0.096373
0.504000
0.795331
0.890886
0.245934
0.676510
0.080588
0.929777
0.893473
0.452540
0.568431
0.571985
0.311675
0.927660
0.798628
0.459027
0.634900
0.358656
0.961448
0.367160
0.081424
0.276187
0.683725
0.956753
0.929777
0.080588
0.131126
0.749449
0.517687
0.992087
0.210611
0.179475
0.571985
0.269234
0.514251
0.507407
0.176171
0.413125
0.801909
0.235400
0.568431
0.023743
0.792018
0.245934
0.080588
0.847430
0.049853
0.927660
0.048264
0.111468
0.309128
0.097353
0.078128
0.850410
0.631282
0.455777
0.680119
0.738965
0.557805
0.311675
0.042597
0.557805
0.177817
0.624049
0.098342
0.416203
0.080588
0.735452
0.020126
0.416203
0.844427
0.084844
0.624049
0.000053
0.032883
0.353059
0.465562
0.210611
0.631282
0.355850
0.128593
0.847430
0.624049
0.097353
0.978800
0.216362
0.925511
0.579111
0.316815
0.885628
0.158140
0.992641
0.627665
0.319408
0.056397
0.568431
0.095402
0.455777
0.568431
0.459027
0.250249
0.514251
0.568431
0.991508
0.500602
0.028600
0.455777
0.888271
0.620436
0.278535
0.683725
0.367160
0.510824
0.738965
0.571985
0.517687
0.792018
0.096373
0.361476
0.927660
0.459027
0.020126
0.571985
0.514251
0.057002
0.638520
0.958352
0.893473
0.841402
0.738965
0.888271
0.014065
0.419295
0.731930
0.805174
0.176171
0.322015
0.266945
0.403969
0.514251
0.564883
0.311675
0.419295
0.239571
0.738965
0.992087
0.998229
0.620436
0.237478
0.568431
0.976614
0.624049
0.844427
0.687327
0.792018
0.795331
0.413125
0.749449
0.571985
0.841402
0.956753
0.041677
0.208721
0.792018
0.000446
0.798628
0.795331
0.235400
0.738965
0.627665
0.521132
0.355850
0.413125
0.801909
0.095402
0.136319
0.007558
0.179475
0.407007
0.204983
0.624049
0.847430
0.462288
0.068588
0.465562
0.459027
0.634900
0.407007
0.579111
0.517687
0.634900
0.243799
0.676510
0.931861
0.212514
0.792018
0.269234
0.687327
0.278535
0.890886
0.627665
0.929777
0.049853
0.028280
0.805174
0.149366
0.517687
0.728400
0.416203
0.288072
0.959917
0.838356
0.680119
0.798628
0.311675
0.355850
0.676510
0.853368
0.400944
0.172918
0.455777
0.627665
0.882958
0.403969
0.081424
0.521132
0.285665
0.627665
0.206845
0.276187
0.731930
0.742470
0.631282
0.841402
0.452540
0.403969
0.133701
0.468846
0.745964
0.929777
0.850410
0.882958
0.028922
0.564883
0.561341
0.561341
0.850410
0.844427
0.838356
0.364311
0.269234
0.472143
0.844427
0.028600
0.564883
0.156648
0.557805
0.731930
0.459027
0.888271
0.568431
0.276187
0.795331
0.271537
0.634900
0.853368
0.070040
0.844427
0.624049
0.098342
0.745964
0.083977
0.847430
0.798628
0.364311
0.579111
0.575545
0.956753
0.514251
0.850410
0.311675
0.181146
0.568431
0.850410
0.690926
0.958352
0.322015
0.683725
0.316815
0.683725
0.844427
0.235400
0.521132
0.241678
0.410059
0.452540
0.735452
0.561341
0.896031
0.500602
0.465562
0.801909
0.179475
0.455777
0.400944
0.241678
0.798628
0.745964
0.517687
0.314238
0.925511
0.795331
0.150799
0.844427
0.561341
0.152243
0.571985
0.958352
0.324637
0.452540
0.893473
0.098342
0.844427
0.510824
0.888271
0.931861
0.007649
0.459027
0.795331
0.324637
0.788689
0.233336
0.235400
0.316815
0.150799
0.407007
0.066461
0.271537
0.847430
0.514251
0.455777
0.033997
0.978800
0.742470
0.571985
0.019670
0.524585
0.155168
0.204983
0.245934
0.507407
0.311675
0.243799
0.449314
0.634900
0.929777
0.000844
0.024013
0.738965
0.407007
0.798628
0.977723
0.627665
0.459027
0.095402
0.208721
0.177817
0.683725
0.410059
0.449314
0.680119
0.517687
0.575545
0.007468
0.620436
0.564883
0.455777
0.795331
0.097353
0.627665
0.627665
0.921117
0.785346
0.620436
0.083977
0.419295
0.132408
0.019897
0.128593
0.322015
0.510824
0.455777
0.571985
0.627665
0.208721
0.850410
0.634900
0.135005
0.413125
0.929777
0.208721
0.788689
0.929777
0.410059
0.410059
0.847430
0.212514
0.978800
0.131126
0.314238
0.367160
0.243799
0.847430
0.245934
0.561341
0.314238
0.683725
0.798628
0.407007
0.041224
0.358656
0.241678
0.745964
0.410059
0.078940
0.319408
0.672898
0.991508
0.742470
0.410059
0.557805
0.413125
0.132408
0.888271
0.749449
0.847430
0.571985
0.925511
0.745964
0.358656
0.397933
0.896031
0.687327
0.057612
0.080588
0.210611
0.683725
0.370024
0.243799
0.400944
0.568431
0.959917
0.798628
0.554276
0.278535
0.111468
0.459027
0.135005
0.306595
0.893473
0.978800
0.071519
0.096373
0.838356
0.841402
0.931861
0.798628
0.627665
0.798628
0.048264
0.742470
0.201299
0.923330
0.028280
0.446101
0.980857
0.680119
0.204983
0.521132
0.979845
0.557805
0.616824
0.624049
0.893473
0.853368
0.243799
0.132408
0.449314
0.309128
0.841402
0.410059
0.728400
0.680119
0.742470
0.690926
0.083977
0.413125
0.497214
0.127343
0.738965
0.690926
0.070776
0.462288
0.795331
0.634900
0.844427
0.888271
0.805174
0.620436
0.276187
0.795331
0.237478
0.888271
0.890886
0.407007
0.273855
0.306595
0.035145
0.241678
0.627665
0.844427
0.890886
0.742470
0.672898
0.847430
0.638520
0.841402
0.314238
0.001268
0.517687
0.152243
0.795331
0.403969
0.319408
0.449314
0.575545
0.795331
0.742470
0.273855
0.403969
0.627665
0.070040
0.745964
0.206845
0.687327
0.245934
0.034758
0.419295
0.627665
0.738965
0.575545
0.690926
0.132408
0.507407
0.156648
0.416203
0.452540
0.634900
0.400944
0.081424
0.132408
0.128593
0.850410
0.459027
0.239571
0.407007
0.271537
0.283274
0.564883
0.353059
0.624049
0.561341
0.847430
0.890886
0.847430
0.353059
0.745964
0.115981
0.468846
0.738965
0.850410
0.847430
0.047231
0.844427
0.115981
0.131126
0.792018
0.413125
0.201299
0.798628
0.033250
0.510824
0.838356
0.416203
0.208721
0.634900
0.931861
0.631282
0.370024
0.888271
0.575545
0.280897
0.683725
0.468846
0.631282
0.634900
0.070776
0.110364
0.890886
0.210611
0.176171
0.613216
0.627665
0.798628
0.844427
0.322015
0.690926
0.735452
0.627665
0.243799
0.005524
0.181146
0.977723
0.316815
0.150799
0.285665
0.929777
0.571985
0.153700
0.927660
0.841402
0.888271
0.568431
0.081424
0.358656
0.564883
0.624049
0.561341
0.306595
0.634900
0.353059
0.452540
0.019670
0.676510
0.028600
0.694521
0.847430
0.742470
0.841402
0.882958
0.111468
0.742470
0.991508
0.129854
0.738965
0.024843
0.745964
0.243799
0.465562
0.280897
0.627665
0.929777
0.795331
0.155168
0.890886
0.016454
0.735452
0.627665
0.510824
0.788689
0.956753
0.080588
0.070776
0.361476
0.749449
0.844427
0.687327
0.844427
0.898562
0.081424
0.241678
0.280897
0.847430
0.979845
0.005136
0.049853
0.844427
0.314238
0.847430
0.000298
0.853368
0.250249
0.058229
0.571985
0.007929
0.893473
0.504000
0.035536
0.136319
0.738965
0.638520
0.041224
0.847430
0.624049
0.133701
0.049318
0.687327
0.416203
0.358656
0.455777
0.361476
0.177817
0.683725
0.631282
0.016645
0.504000
0.133701
0.233336
0.890886
0.462288
0.361476
0.561341
0.738965
0.742470
0.956753
0.097353
0.958352
0.465562
0.977723
0.507407
0.095402
0.361476
0.847430
0.998015
0.927660
0.459027
0.465562
0.624049
0.407007
0.631282
0.203134
0.023210
0.002484
0.801909
0.413125
0.465562
0.413125
0.028922
0.004356
0.311675
0.043065
0.241678
0.358656
0.992641
0.896031
0.613216
0.133701
0.241678
0.278535
0.888271
0.135005
0.694521
0.034758
0.847430
0.098342
0.403969
0.446101
0.564883
0.094440
0.245934
0.309128
0.795331
0.624049
0.795331
0.798628
0.459027
0.613216
0.407007
0.311675
0.956753
0.319408
0.416203
0.890886
0.890886
0.416203
0.925511
0.929777
0.241678
0.397933
0.838356
0.111468
0.410059
0.749449
0.358656
0.844427
0.738965
0.517687
0.013423
0.152243
0.956753
0.933913
0.690926
0.624049
0.082267
0.798628
0.929777
0.568431
0.278535
0.634900
0.738965
0.735452
0.150799
0.735452
0.322015
0.237478
0.276187
0.500602
0.624049
0.844427
0.179475
0.798628
0.571985
0.992641
0.210611
0.416203
0.676510
0.738965
0.239571
0.419295
0.002515
0.624049
0.237478
0.024287
0.459027
0.177817
0.927660
0.844427
0.353059
0.449314
0.280897
0.731930
0.462288
0.155168
0.624049
0.024287
0.324637
0.624049
0.844427
0.788689
0.683725
0.206845
0.079761
0.311675
0.627665
0.150799
0.798628
0.890886
0.841402
0.847430
0.449314
0.319408
0.853368
0.850410
0.400944
0.322015
0.977723
0.792018
0.687327
0.455777
0.235400
0.459027
0.676510
0.788689
0.413125
0.568431
0.129854
0.561341
0.844427
0.929777
0.850410
0.276187
0.179475
0.068588
0.620436
0.110364
0.631282
0.792018
0.956753
0.624049
0.672898
0.735452
0.680119
0.893473
0.680119
0.322015
0.271537
0.237478
0.847430
0.013267
0.174538
0.956753
0.959917
0.358656
0.694521
0.991508
0.687327
0.353059
0.403969
0.510824
0.616824
0.455777
0.798628
0.517687
0.568431
0.847430
0.792018
0.039891
0.204983
0.925511
0.407007
0.927660
0.672898
0.795331
0.504000
0.927660
0.455777
0.575545
0.680119
0.634900
0.798628
0.329925
0.468846
0.521132
0.749449
0.792018
0.283274
0.355850
0.801909
0.459027
0.311675
0.557805
0.798628
0.980857
0.929777
0.680119
0.896031
0.620436
0.001317
0.028600
0.358656
0.627665
0.419295
0.413125
0.893473
0.410059
0.992087
0.896031
0.410059
0.687327
0.742470
0.510824
0.624049
0.561341
0.002022
0.929777
0.838356
0.149366
0.410059
0.745964
0.850410
0.788689
0.634900
0.738965
0.177817
0.683725
0.283274
0.844427
0.568431
0.844427
0.020126
0.792018
0.462288
0.683725
0.459027
0.280897
0.788689
0.624049
0.795331
0.738965
0.616824
0.853368
0.403969
0.309128
0.979845
0.311675
0.792018
0.925511
0.212514
0.844427
0.004356
0.571985
0.888271
0.959917
0.364311
0.329925
0.468846
0.097353
0.042135
0.959917
0.278535
0.465562
0.083118
0.214431
0.241678
0.410059
0.893473
0.403969
0.156648
0.237478
0.311675
0.407007
0.400944
0.638520
0.735452
0.792018
0.575545
0.465562
0.128593
0.024564
0.890886
0.998229
0.081424
0.504000
0.561341
0.742470
0.933913
0.631282
0.847430
0.853368
0.133701
0.449314
0.561341
0.241678
0.882958
0.624049
0.896031
0.927660
0.069310
0.517687
0.135005
0.925511
0.048788
0.413125
0.955120
0.850410
0.683725
0.514251
0.153700
0.571985
0.241678
0.462288
0.893473
0.927660
0.847430
0.204983
0.893473
0.738965
0.094440
0.571985
0.571985
0.956753
0.079761
0.992641
0.853368
0.571985
0.620436
0.156648
0.364311
0.738965
0.888271
0.735452
0.669285
0.923330
0.992087
0.798628
0.792018
0.011457
0.792018
0.017034
0.455777
0.191444
0.462288
0.624049
0.410059
0.032883
0.156648
0.850410
0.847430
0.041677
0.459027
0.627665
0.138982
0.792018
0.564883
0.788689
0.243799
0.564883
0.510824
0.690926
0.083118
0.311675
0.416203
0.844427
0.980857
0.361476
0.355850
0.624049
0.410059
0.568431
0.795331
0.067872
0.241678
0.841402
0.239571
0.452540
0.119470
0.510824
0.241678
0.133701
0.071519
0.459027
0.327274
0.367160
0.672898
0.738965
0.416203
0.206845
0.687327
0.057612
0.575545
0.459027
0.631282
0.850410
0.000030
0.683725
0.288072
0.206845
0.929777
0.613216
0.455777
0.397933
0.582682
0.738965
0.850410
0.745964
0.465562
0.177817
0.372901
0.241678
0.278535
0.040775
0.958352
0.850410
0.683725
0.150799
0.068588
0.564883
0.367160
0.575545
0.627665
0.403969
0.620436
0.353059
0.273855
0.788689
0.152243
0.841402
0.446101
0.000379
0.290493
0.956753
0.241678
0.019897
0.290493
0.017034
0.885628
0.099339
0.890886
0.850410
0.174538
0.634900
0.210611
0.631282
0.792018
0.322015
0.235400
0.400944
0.888271
0.510824
0.159644
0.283274
0.098342
0.006349
0.007741
0.243799
0.631282
0.002901
0.571985
0.507407
0.956753
0.067872
0.306595
0.521132
0.561341
0.785346
0.728400
0.634900
0.568431
0.316815
0.853368
0.624049
0.687327
0.931861
0.927660
0.419295
0.582682
0.184527
0.738965
0.096373
0.152243
0.634900
0.403969
0.455777
0.179475
0.316815
0.850410
0.616824
0.316815
0.792018
0.214431
0.564883
0.081424
0.990901
0.979845
0.410059
0.568431
0.413125
0.683725
0.514251
0.683725
0.514251
0.181146
0.029248
0.208721
0.931861
0.095402
0.801909
0.158140
0.847430
0.400944
0.517687
0.890886
0.186237
0.925511
0.507407
0.311675
0.620436
0.844427
0.013581
0.992087
0.798628
0.844427
0.801909
0.683725
0.933913
0.888271
0.510824
0.844427
0.687327
0.407007
0.455777
0.795331
0.931861
0.683725
0.517687
0.959917
0.795331
0.370024
0.278535
0.795331
0.738965
0.459027
0.504000
0.620436
0.403969
0.521132
0.959917
0.850410
0.367160
0.979845
0.184527
0.098342
0.896031
0.557805
0.847430
0.888271
0.066461
0.956753
0.896031
0.358656
0.400944
0.235400
0.561341
0.024843
0.452540
0.847430
0.129854
0.400944
0.571985
0.929777
0.795331
0.956753
0.319408
0.153700
0.465562
0.029248
0.847430
0.517687
0.844427
0.561341
0.687327
0.361476
0.353059
0.690926
0.465562
0.624049
0.153700
0.367160
0.979845
0.561341
0.309128
0.465562
0.181146
0.801909
0.241678
0.992087
0.468846
0.510824
0.798628
0.561341
0.204983
0.452540
0.896031
0.114838
0.322015
0.850410
0.108185
0.156648
0.459027
0.959917
0.680119
0.992087
0.683725
0.017034
0.372901
0.795331
0.795331
0.888271
0.841402
0.850410
0.958352
0.792018
0.992087
0.992087
0.035536
0.058229
0.455777
0.216362
0.742470
0.007929
0.006426
0.507407
0.890886
0.028600
0.798628
0.276187
0.019670
0.890886
0.847430
0.564883
0.980857
0.564883
0.041224
0.040331
0.634900
0.324637
0.624049
0.687327
0.177817
0.885628
0.847430
0.634900
0.465562
0.504000
0.095402
0.929777
0.311675
0.507407
0.959917
0.564883
0.676510
0.069310
0.521132
0.114838
0.276187
0.844427
0.738965
0.571985
0.280897
0.208721
0.669285
0.893473
0.850410
0.634900
0.798628
0.735452
0.557805
0.355850
0.896031
0.311675
0.462288
0.676510
0.958352
0.680119
0.738965
0.931861
0.564883
0.081424
0.627665
0.041677
0.276187
0.239571
0.575545
0.133701
0.285665
0.510824
0.798628
0.801909
0.035536
0.798628
0.400944
0.400944
0.624049
0.959917
0.690926
0.462288
0.449314
0.885628
0.181146
0.009538
0.634900
0.634900
0.403969
0.403969
0.514251
0.394936
0.009538
0.510824
0.844427
0.316815
0.181146
0.111468
0.449314
0.468846
0.687327
0.204983
0.885628
0.397933
0.687327
0.003646
0.680119
0.462288
0.407007
0.888271
0.013902
0.931861
0.847430
0.978800
0.416203
0.316815
0.179475
0.616824
0.958352
0.239571
0.638520
0.016454
0.016645
0.013740
0.280897
0.206845
0.690926
0.410059
0.517687
0.638520
0.627665
0.316815
0.893473
0.953453
0.890886
0.446101
0.680119
0.455777
0.517687
0.798628
0.931861
0.616824
0.801909
0.422401
0.728400
0.135005
0.237478
0.745964
