0.074256
0.847523
0.909320
0.847523
0.847523
0.811983
0.847523
0.880153
0.296337
0.774126
0.325471
0.847523
0.880153
0.909320
0.847523
0.774126
0.065886
0.774126
0.734557
0.269141
0.811983
0.296337
0.847523
0.880153
0.012868
0.847523
0.002182
0.356538
0.880153
0.011250
0.847523
0.880153
0.734557
0.296337
0.880153
0.734557
0.774126
0.811983
0.811983
0.074256
0.811983
0.734557
0.774126
0.774126
0.909320
0.847523
0.880153
0.880153
0.847523
0.811983
0.296337
0.243865
0.880153
0.243865
0.880153
0.058381
0.811983
0.269141
0.811983
0.356538
0.880153
0.243865
0.811983
0.269141
0.774126
0.811983
0.811983
0.296337
0.811983
0.734557
0.847523
0.847523
0.847523
0.045665
0.074256
0.058381
0.296337
0.811983
0.811983
0.811983
0.847523
0.880153
0.269141
0.734557
0.774126
0.847523
0.811983
0.909320
0.847523
0.269141
0.774126
0.269141
0.296337
0.811983
0.847523
0.880153
0.847523
0.847523
0.811983
0.243865
0.356538
0.811983
0.325471
0.880153
0.774126
0.847523
0.880153
0.880153
0.652598
0.847523
0.847523
0.734557
0.774126
0.269141
0.774126
0.296337
0.014705
0.325471
0.880153
0.774126
0.045665
0.016789
0.811983
0.847523
0.774126
0.847523
0.006523
0.847523
0.220467
0.847523
0.296337
0.296337
0.847523
0.014705
0.325471
0.734557
0.880153
0.296337
0.296337
0.065886
0.811983
0.880153
0.811983
0.269141
0.269141
0.296337
0.269141
0.045665
0.243865
0.734557
0.734557
0.065886
0.296337
0.269141
0.734557
0.269141
0.811983
0.880153
0.734557
0.051665
0.847523
0.011250
0.269141
0.774126
0.880153
0.325471
0.909320
0.058381
0.774126
0.880153
0.011250
0.811983
0.774126
0.296337
0.811983
0.058381
0.811983
0.296337
0.774126
0.296337
0.880153
0.325471
0.811983
0.909320
0.001638
0.847523
0.356538
0.847523
0.811983
0.296337
0.296337
0.880153
0.652598
0.811983
0.811983
0.909320
0.065886
0.811983
0.243865
0.065886
0.058381
0.880153
0.325471
0.880153
0.811983
0.012868
0.269141
0.220467
0.909320
0.058381
0.774126
0.811983
0.811983
0.243865
0.296337
0.774126
0.269141
0.356538
0.847523
0.811983
0.269141
0.001638
0.243865
0.774126
0.001638
0.847523
0.774126
0.847523
0.811983
0.880153
0.243865
0.269141
0.811983
0.909320
0.220467
0.909320
0.296337
0.058381
0.774126
0.880153
0.001638
0.065886
0.811983
0.880153
0.220467
0.811983
0.909320
0.774126
0.847523
0.001061
0.847523
0.269141
0.325471
0.269141
0.325471
0.880153
0.269141
0.847523
0.847523
0.065886
0.296337
0.325471
0.774126
0.008580
0.051665
0.811983
0.012868
0.847523
0.325471
0.811983
0.269141
0.001638
0.296337
0.811983
0.880153
0.296337
0.811983
0.774126
0.909320
0.000003
0.847523
0.880153
0.296337
0.356538
0.847523
0.774126
0.774126
0.000004
0.880153
0.296337
0.296337
0.734557
0.847523
0.774126
0.847523
0.001638
