0.116931
0.072235
0.434614
0.385185
0.147670
0.732753
0.911594
0.629918
0.210808
0.015806
0.252030
0.965019
0.008674
0.450638
0.949015
0.487151
0.191724
0.796959
0.045299
0.598005
0.854739
0.002791
0.648228
0.576087
0.477382
0.965019
0.823337
0.879032
0.846167
0.452621
0.748969
0.837536
0.264465
0.985925
0.134454
0.774054
0.636662
0.319137
0.532999
0.814282
0.321698
0.036099
0.242555
0.605077
0.068439
0.009141
0.452026
0.377633
0.790923
0.469594
0.472364
0.130940
0.886076
0.759896
0.087098
0.227768
0.311592
0.441770
0.337035
0.928128
0.019869
0.884168
0.227479
0.580983
0.677489
0.559655
0.584349
0.125101
0.934838
0.279383
0.025442
0.153977
0.701802
0.329033
0.116931
0.789423
0.255355
0.208101
0.814019
0.797971
0.040267
0.781533
0.051007
0.532856
0.462740
0.188862
0.775375
0.236962
0.640517
0.268618
0.426625
0.084149
0.181722
0.212994
0.937336
0.287098
0.702316
0.190396
0.110013
0.022339
0.456203
0.981193
0.455339
0.717815
0.449780
0.885478
0.641851
0.660313
0.173377
0.463879
0.686793
0.377097
0.910432
0.267400
0.562191
0.320416
0.212915
0.991317
0.697322
0.759754
0.414610
0.533498
0.981193
0.590361
0.384944
0.010249
0.266186
0.583983
0.718616
0.778840
0.761095
0.968708
0.721308
0.649044
0.583031
0.621107
0.740742
0.419672
0.484614
0.456336
0.514877
0.966893
0.359804
0.324920
0.685022
0.100766
0.764755
0.329033
0.668980
0.877579
0.511087
0.112324
0.810261
0.314900
0.595945
0.239488
0.696881
0.842152
0.803076
0.234203
0.942489
0.166920
0.856956
0.905311
0.178101
0.786756
0.577036
0.519456
0.972158
0.868301
0.439812
0.414484
0.345113
0.436819
0.048384
0.911062
0.162319
0.041393
0.588160
0.713367
0.526246
0.374011
0.134909
0.867201
0.015486
0.704516
0.824047
0.614673
0.700041
0.829181
0.641184
0.656607
0.232182
0.003422
0.203716
0.732753
0.724285
0.680075
0.654383
0.906058
0.366133
0.290565
0.594034
0.566619
0.576087
0.721744
0.838100
0.804079
0.712126
0.024375
0.883949
0.426177
0.067679
0.536137
0.494658
0.029174
0.778563
0.681996
0.413917
0.362350
0.310807
0.536137
0.668980
0.703563
0.778702
0.606994
0.705762
0.764474
0.683103
0.082291
0.912940
0.208448
0.379961
0.630881
0.846167
0.266699
0.267727
0.979259
0.994673
0.641036
0.540928
0.978170
0.176380
0.964695
0.605224
0.879032
0.479764
0.941984
0.973471
0.430674
0.853836
0.575576
0.405092
0.607953
0.634586
0.857494
0.286359
0.019619
0.204056
0.980396
0.810724
0.735133
0.107458
0.748470
0.761730
0.027755
0.785865
0.646004
0.103499
0.574482
0.997352
0.199814
0.362698
0.376741
0.589261
0.128248
0.964252
0.557484
0.062526
0.556689
0.368532
0.314637
0.881805
0.169017
0.423172
0.671571
0.057884
0.627029
0.376860
0.909896
0.310233
0.067999
0.448330
0.402299
0.821655
0.536137
0.499437
0.740886
0.964695
0.448330
0.155755
0.908527
0.029925
0.144913
0.136362
0.265301
0.283807
0.294565
0.109811
0.270784
0.808406
0.066796
0.221796
0.345225
0.378170
0.190181
0.031635
0.040457
0.133521
0.453747
0.114770
0.139035
0.296984
0.746185
0.746757
0.186774
0.462606
0.626066
0.154698
0.225340
0.830711
0.000471
0.553727
0.818404
0.473988
0.705615
0.297844
0.354233
0.003541
0.725229
0.815987
0.735133
0.214211
0.589407
0.448066
0.677636
0.102082
0.274390
0.873402
0.511718
0.149299
0.191796
0.255626
0.524687
0.018921
0.687604
0.173145
0.171563
0.295319
0.199256
0.919568
0.424002
0.139448
0.683768
0.954057
0.132885
0.919476
0.800461
0.880477
0.010920
0.499437
0.369941
0.123379
0.179120
0.389239
0.026037
0.237773
0.709422
0.348154
0.429965
0.449780
0.075366
0.239273
0.619331
0.752812
0.036443
0.965136
0.511087
0.345000
0.876737
0.301048
0.597416
0.453085
0.138623
0.126869
0.405901
0.250869
0.035928
0.027646
0.742750
0.090289
0.201270
0.339528
0.220585
0.230634
0.567710
0.067388
0.721744
0.076626
0.397609
0.758200
0.272108
0.409584
0.227768
0.036246
0.063097
0.120822
0.133920
0.703856
0.100870
0.885967
0.157918
0.752812
0.476770
0.359458
0.389481
0.328925
0.013595
0.298199
0.746471
0.656755
0.712783
0.097166
0.994474
0.921446
0.002112
0.106276
0.613861
0.459399
0.929342
0.964754
0.838100
0.091236
0.010920
0.415430
0.410524
0.577182
0.332142
0.812571
0.297844
0.030998
0.550915
0.738228
0.494451
0.235856
0.657571
0.471958
0.360208
0.508356
0.174873
0.155755
0.407834
0.013440
0.259171
0.841220
0.474259
0.783324
0.469459
0.204549
0.675270
0.749111
0.884168
0.132938
0.062269
0.561249
0.704003
0.310912
0.282538
0.336759
0.336428
0.651936
0.958387
0.223054
0.523908
0.218937
0.017193
0.877074
0.466968
0.335105
0.087905
0.148425
0.056178
0.787783
0.275202
0.163736
0.098952
0.031076
0.058863
0.522847
0.120190
0.897689
0.475480
0.673791
0.525325
0.570401
0.083233
0.677489
0.708471
0.342313
0.253284
0.193385
0.046440
0.735421
0.272203
0.269840
0.569746
0.485367
0.910626
0.415430
0.218857
0.171497
0.918273
0.312587
0.611940
0.574190
0.113011
0.215039
0.780775
0.205537
0.538138
0.075206
0.481196
0.525325
0.678302
0.424258
0.720362
0.680223
0.196193
0.075126
0.286556
0.234373
0.097833
0.694307
0.829054
0.494174
0.826107
0.266326
0.924111
0.722398
0.465221
0.525466
0.623327
0.874989
0.419990
0.464483
0.559076
0.754800
0.988366
0.798847
0.063714
0.069819
0.073856
0.507587
0.250869
0.881197
0.351384
0.953679
0.416947
0.888185
0.522705
0.953679
0.993839
0.885967
0.383078
0.621403
0.312744
0.245303
0.417516
0.503540
0.735277
0.785728
0.751106
0.434161
0.806413
0.817817
0.209451
0.645040
0.038662
0.450044
0.266092
0.907987
0.910626
0.533640
0.750323
0.325891
0.141669
0.505492
0.350135
0.886184
0.430674
0.820097
0.117476
0.291761
0.536708
0.371471
0.907888
0.773567
0.691436
0.810988
0.933674
0.093740
0.665648
0.806546
0.644224
0.333073
0.864523
0.606330
0.052062
0.635253
0.642296
0.294666
0.089482
0.636662
0.516425
0.534424
0.742750
0.895767
0.587794
0.156088
0.156757
0.300691
0.839600
0.432351
0.446159
0.118718
0.664833
0.457933
0.300487
0.289174
0.067432
0.872662
0.342089
0.379184
0.492380
0.421516
0.122094
0.289373
0.264883
0.453482
0.709422
0.432351
0.356810
0.725881
0.458532
0.203829
0.747399
0.097408
0.376860
0.202584
0.705615
0.481674
0.645856
0.379423
0.513683
0.215909
0.024027
0.533640
0.739019
0.833187
0.616743
0.372474
0.219378
0.148657
0.249801
0.574336
0.612605
0.330612
0.639256
0.098198
0.417896
0.044085
0.644224
0.507447
0.714973
0.072700
0.559655
0.172419
0.634067
0.621107
0.269558
0.092269
0.716868
0.607806
0.243599
0.875611
0.430932
0.296631
0.833314
0.449450
0.289919
0.683251
0.112828
0.749895
0.913562
0.385306
0.534710
0.235219
0.280012
0.362931
0.853051
0.532429
0.796486
0.345225
0.197812
0.716868
0.848312
0.180143
0.880588
0.230259
0.526246
0.855159
0.101453
0.276542
0.312954
0.511718
0.340863
0.117881
0.298808
0.651788
0.767982
0.548107
0.903658
0.047440
0.611127
0.361713
0.982688
0.130445
0.395215
0.190467
0.024027
0.300283
0.073479
0.407147
0.564223
0.191724
0.686793
0.436559
0.821784
0.690478
0.250958
0.627029
0.677341
0.330013
0.264697
0.372592
0.710226
0.004183
0.327189
0.549042
0.404036
0.137720
0.055300
0.536923
0.849776
0.013851
0.378289
0.982438
0.649044
0.756502
0.228471
0.313847
0.674605
0.730731
0.758200
0.467371
0.981153
0.164368
0.789696
0.595136
0.883236
0.890863
0.032350
0.141669
0.435716
0.150825
0.647932
0.879143
0.623179
0.787372
0.408084
0.765528
0.475616
0.644892
0.679558
0.169244
0.645040
0.997630
0.192661
0.122414
0.849776
0.258988
0.879143
0.148716
0.257303
0.558280
0.467237
0.604560
0.471079
0.600729
0.055774
0.729791
0.445897
0.444912
0.953162
0.300283
0.620589
0.319936
0.280545
0.002413
0.599477
0.925447
0.544801
0.783324
0.225709
0.514596
0.852266
0.782292
0.548538
0.785865
0.149095
0.786002
0.617409
0.767071
0.038723
0.830839
0.711980
0.024517
0.780499
0.798847
0.691141
0.832490
0.638589
0.664167
0.803812
0.415872
0.521645
0.989823
0.499576
0.882852
0.444781
0.353091
0.336538
0.361828
0.111073
0.495211
0.661944
0.240608
0.849898
0.303506
0.195351
0.373538
0.268712
0.947810
0.118216
0.211977
0.812703
0.317862
0.923032
0.411465
0.351725
0.727113
0.306287
0.063508
0.953988
0.757917
0.388450
0.319244
0.974333
0.731959
0.128479
0.082622
0.238930
0.111435
0.333786
0.959096
0.421898
0.183833
0.953162
0.303352
0.162979
0.318552
0.269840
0.204473
0.691731
0.993600
0.551203
0.869570
0.879644
0.362466
0.719562
0.366776
0.754375
0.520232
0.635698
0.363105
0.045927
0.378289
0.024825
0.194949
0.380858
0.458399
0.574993
0.884769
0.704516
0.066338
0.100144
0.957475
0.756502
0.995564
0.344776
0.809268
0.389907
0.986992
0.695263
0.520726
0.650527
0.980664
0.266792
0.734629
0.371471
0.506539
0.892826
0.585301
0.982688
0.629770
0.294766
0.377633
0.285425
0.234373
0.862117
0.468718
0.974649
0.806679
0.772940
0.277888
0.652604
0.449055
0.569601
0.107744
0.032832
0.410963
0.950025
0.101914
0.859931
0.794862
0.501869
0.692099
0.942257
0.739809
0.935663
0.481196
0.991919
0.303352
0.645188
0.007811
0.385185
0.193929
0.873913
0.717669
0.073888
0.794591
0.305822
0.788398
0.335711
0.844319
0.097752
0.618518
0.717669
0.634586
0.136552
0.753878
0.446028
0.664167
0.624141
0.923707
0.437989
0.190109
0.099608
0.707519
0.130940
0.196927
0.606035
0.381517
0.454079
0.846965
0.100911
0.741675
0.118983
0.874650
0.340863
0.457533
0.086479
0.355721
0.395460
0.303146
0.327405
0.913658
0.450770
0.913036
0.379602
0.774332
0.185649
0.393196
0.036890
0.856059
0.730876
0.929902
0.810129
0.496734
0.348776
0.885478
0.897015
0.108407
0.746614
0.081980
0.194075
0.744469
0.132991
0.117120
0.396380
0.479151
0.280012
0.090497
0.595798
0.010944
0.991919
0.366483
0.904311
0.011726
0.361076
0.111367
0.004254
0.297085
0.230634
0.766440
0.648896
0.586254
0.199182
0.825142
0.058073
0.849106
0.243773
0.316273
0.220061
0.894406
0.998173
0.392281
0.088071
0.405652
0.262661
0.488043
0.153677
0.640220
0.774958
0.416820
0.411339
0.708471
0.138788
0.435132
0.881308
0.594695
0.436819
0.549042
0.352749
0.201195
0.936196
0.110148
0.924870
0.195680
0.620293
0.728706
0.269558
0.108363
0.359804
0.363977
0.349172
0.311906
0.480037
0.267821
0.859931
0.897015
0.987776
0.886076
0.632807
0.166311
0.573680
0.430932
0.898360
0.708324
0.968350
0.989435
0.923123
0.572587
0.734484
0.824434
0.136959
0.972107
0.095827
0.934299
0.297946
0.366483
0.681331
0.428551
0.015307
0.954942
0.739522
0.475480
0.512770
0.547028
0.206300
0.649860
0.352863
0.500201
0.563787
0.202584
0.184949
0.017642
0.115940
0.784836
0.843515
0.560307
0.074632
0.252880
0.845244
0.917761
0.475005
0.931653
0.124350
0.625252
0.007314
0.342816
0.047419
0.909066
0.434744
0.649563
0.439356
0.871177
0.269041
0.976450
0.238544
0.364617
0.140000
0.238930
0.516566
0.613048
0.966580
0.235941
0.556400
0.431899
0.430545
0.306856
0.783324
0.071421
0.084291
0.775375
0.531930
0.211314
0.230300
0.904210
0.184565
0.480309
0.343319
0.364850
0.079759
0.388450
0.921856
0.866156
0.682143
0.903658
0.903003
0.904311
0.622513
0.071789
0.297946
0.909896
0.245960
0.012251
0.362350
0.290117
0.410524
0.886076
0.790923
0.727910
0.379841
0.342313
0.884168
0.144174
0.590215
0.343543
0.102863
0.872548
0.076659
0.415304
0.825271
0.108208
0.709568
0.162790
0.073213
0.526884
0.261187
0.501869
0.012780
0.955751
0.574190
0.383739
0.924289
0.746042
0.468988
0.627177
0.614526
0.369823
0.283075
0.190610
0.709275
0.781671
0.112324
0.763560
0.151356
0.960744
0.267493
0.885369
0.200485
0.134400
0.900720
0.319244
0.215316
0.672533
0.522847
0.888293
0.845921
0.152513
0.876231
0.275824
0.425537
0.690626
0.648599
0.291511
0.127022
0.491621
0.322395
0.658683
0.764615
0.203716
0.720508
0.052684
0.988909
0.995031
0.143184
0.909896
0.971096
0.859279
0.795607
0.107546
0.466968
0.385969
0.418023
0.769801
0.033534
0.361713
0.284787
0.186915
0.115494
0.161881
0.929902
0.204966
0.750180
0.877691
0.271398
0.392952
0.437274
0.762786
0.224358
0.614673
0.272725
0.409960
0.028134
0.502426
0.625770
0.445897
0.046420
0.874650
0.040712
0.583544
0.660462
0.877579
0.728199
0.289026
0.106167
0.287443
0.761589
0.042576
0.039099
0.730586
0.977926
0.565021
0.164908
0.815004
0.406088
0.444191
0.384763
0.304174
0.822626
0.585741
0.399210
0.031592
0.234035
0.394419
0.644224
0.521927
0.756502
0.830011
0.196449
0.754659
0.141808
0.784973
0.592417
0.422471
0.945317
0.043218
0.114980
0.566910
0.143184
0.413791
0.233739
0.725083
0.024206
0.403477
0.615486
0.988909
0.205042
0.456801
0.866562
0.586254
0.355320
0.441508
0.123279
0.423172
0.405216
0.452489
0.122834
0.332360
0.784836
0.595651
0.556689
0.506679
0.011616
0.814413
0.513402
0.240867
0.437534
0.140721
0.404968
0.099649
0.086009
0.490588
0.062852
0.948615
0.336649
0.152572
0.152364
0.474869
0.917854
0.125151
0.767842
0.444781
0.025857
0.883346
0.670609
0.959512
0.313637
0.035644
0.819967
0.850810
0.927649
0.276782
0.986142
0.143184
0.513542
0.688710
0.036001
0.816707
0.418593
0.086843
0.750180
0.206950
0.066081
0.825014
0.852023
0.046616
0.320629
0.917854
0.209645
0.182827
0.827518
0.779739
0.202245
0.413791
0.444912
0.731381
0.415872
0.511087
0.980848
0.495972
0.963144
0.009809
0.441378
0.085883
0.749254
0.416125
0.076350
0.080385
0.427331
0.383860
0.181275
0.297844
0.371471
0.233655
0.621551
0.264280
0.001838
0.292410
0.315006
0.483861
0.694307
0.503679
0.003821
0.960399
0.331049
0.648896
0.418593
0.267915
0.552140
0.824176
0.737293
0.466094
0.105798
0.159672
0.099690
0.500965
0.792079
0.345843
0.994691
0.763842
0.938386
0.247676
0.954501
0.622069
0.606183
0.017579
0.943912
0.266699
0.559366
0.768122
0.574336
0.476498
0.301712
0.397732
0.669795
0.997630
0.339306
0.610684
0.090459
0.621551
0.471620
0.493001
0.909896
0.996918
0.521645
0.717014
0.202245
0.721453
0.163483
0.423300
0.217818
0.452357
0.309087
0.232476
0.617409
0.690184
0.965515
0.206453
0.775236
0.647116
0.686940
0.020508
0.407959
0.396135
0.071789
0.302019
0.052257
0.298301
0.646968
0.021400
0.109856
0.553727
0.407522
0.549978
0.328707
0.878530
0.342089
0.517200
0.173941
0.596754
0.634883
0.077051
0.378170
0.554666
0.666759
0.799587
0.435846
0.370470
0.700995
0.209451
0.006100
0.313637
0.635698
0.691583
0.021586
0.644892
0.595945
0.281905
0.522069
0.770848
0.398963
0.660165
0.878418
0.007408
0.739953
0.661129
0.560162
0.847639
0.890383
0.445175
0.498674
0.376741
0.392159
0.008776
0.409146
0.551347
0.274486
0.456801
0.095489
0.479900
0.150383
0.721453
0.297844
0.579082
0.714024
0.837536
0.731670
0.403105
0.407397
0.579886
0.597048
0.240220
0.001974
0.849350
0.397056
0.017497
0.016216
0.033253
0.037032
0.866679
0.867954
0.471349
0.473243
0.602202
0.150383
0.804947
0.144118
0.539711
0.932119
0.430674
0.823595
0.447014
0.449780
0.610684
0.280109
0.025190
0.816118
0.329305
0.071162
0.130107
0.098809
0.840411
0.842958
0.622365
0.381158
0.931950
0.826685
0.354976
0.307271
0.848434
0.160540
0.899697
0.815856
0.882522
0.181860
0.723487
0.148745
0.749753
0.115284
0.965136
0.496595
0.743825
0.309660
0.828351
0.428422
0.560017
0.472093
0.679262
0.230259
0.918968
0.215751
0.321805
0.845244
0.301252
0.150383
0.419545
0.551347
0.759260
0.799587
0.731815
0.488043
0.564077
0.495695
0.861469
0.777802
0.990992
0.045379
0.200000
0.675566
0.849898
0.485505
0.835398
0.874027
0.606994
0.584496
0.543724
0.370823
0.478130
0.782154
0.518539
0.105430
0.232728
0.949557
0.089034
0.044380
0.462473
0.358190
0.931015
0.220423
0.558569
0.168531
0.076107
0.892244
0.572732
0.330340
0.080199
0.234119
0.701509
0.307633
0.519314
0.936196
0.487631
0.155694
0.621403
0.654680
0.150648
0.449186
0.665130
0.354347
0.837159
0.544801
0.704516
0.290665
0.022070
0.861351
0.872035
0.090289
0.991131
0.130836
0.713075
0.006516
0.015656
0.562989
0.996411
0.990967
0.777178
0.758059
0.095568
0.648748
0.419545
0.853715
0.414610
0.018555
0.353605
0.241645
0.099115
0.896808
0.822755
0.029618
0.660462
0.263261
0.232560
0.004537
0.475616
0.305719
0.184042
0.666092
0.402175
0.156483
0.382417
0.515651
0.770988
0.622069
0.226243
0.792691
0.265999
0.809996
0.574336
0.742894
0.108274
0.731815
0.194548
0.415052
0.254949
0.299164
0.695411
0.472228
0.796351
0.516566
0.944825
0.105387
0.372356
0.409710
0.888884
0.524545
0.614526
0.917761
0.370706
0.170776
0.382837
0.642815
0.102272
0.447737
0.978456
0.320523
0.478266
0.175609
0.248339
0.562336
0.853715
0.120505
0.190181
0.461135
0.896340
0.513683
0.917341
0.804079
0.014439
0.554666
0.295773
0.020331
0.974015
0.648748
0.616595
0.760037
0.239832
0.399888
0.900362
0.904010
0.622661
0.127098
0.984142
0.223583
0.159734
0.150325
0.377633
0.886997
0.407023
0.811846
0.100994
0.987776
0.720508
0.231010
0.064671
0.776138
0.041756
0.402423
0.610980
0.425217
0.548394
0.202772
0.008988
0.737293
0.909994
0.723051
0.412973
0.091560
0.034087
0.421770
0.615930
0.355721
0.282538
0.696367
0.903003
0.370941
0.225094
0.075430
0.496734
0.929342
0.225627
0.396810
0.837849
0.448066
0.228389
0.211548
0.863762
0.642148
0.955010
0.401618
0.855159
0.352237
0.051469
0.539067
0.062121
0.258760
0.222972
0.435846
0.963984
0.956618
0.706567
0.530863
0.276255
0.947810
0.890863
0.283172
0.803076
0.274486
0.616595
0.760813
0.050004
0.556689
0.046979
0.481674
0.345113
0.854618
0.253015
0.048192
0.115987
0.938386
0.205461
0.312954
0.493760
0.269840
0.003476
0.764755
0.878530
0.300181
0.816707
0.546381
0.487151
0.987776
0.819382
0.882632
0.842028
0.066166
0.054161
0.862352
0.482972
0.287542
0.806546
0.362060
0.689520
0.006219
0.359573
0.066109
0.615634
0.653048
0.084950
0.916545
0.262891
0.626066
0.237346
0.794591
0.647784
0.602349
0.913658
0.343039
0.727258
0.398409
0.050104
0.005931
0.986325
0.237987
0.642593
0.389785
0.250958
0.335711
0.094680
0.681996
0.911883
0.200485
0.182620
0.776138
0.340640
0.499437
0.396933
0.166279
0.016410
0.897015
0.762645
0.274486
0.393196
0.601539
0.698131
0.196376
0.883236
0.100103
0.399457
0.512489
0.191544
0.407959
0.639553
0.318552
0.244646
0.935827
0.804079
0.027092
0.656755
0.202433
0.024551
0.936359
0.828479
0.917154
0.277695
0.833883
0.716722
0.494174
0.421516
0.674457
0.785865
0.025115
0.228762
0.154638
0.300946
0.399765
0.944484
0.506679
0.701802
0.602349
0.899030
0.301610
0.538281
0.935292
0.775513
0.948688
0.032063
0.906058
0.386997
0.571348
0.780637
0.876849
0.305513
0.069729
0.742894
0.875385
0.683103
0.613565
0.198366
0.291312
0.597048
0.532429
0.488662
0.957113
0.653419
0.695116
0.678302
0.793574
0.314900
0.390697
0.824176
0.178508
0.304740
0.885260
0.527026
0.159147
0.393196
0.617556
0.585448
0.799116
0.794456
0.276974
0.027812
0.037217
0.610020
0.578936
0.474734
0.694013
0.778702
0.121139
0.392830
0.529441
0.278032
0.542792
0.426625
0.772522
0.476362
0.037276
0.696367
0.202998
0.803344
0.467708
0.936278
0.830839
0.567855
0.462004
0.168111
0.051469
0.317650
0.538281
0.195570
0.045470
0.649415
0.559366
0.458532
0.304482
0.758059
0.622365
0.866679
0.192048
0.806546
0.255446
0.345000
0.669795
0.930374
0.417643
0.254543
0.329033
0.002472
0.684063
0.734196
0.127864
0.719562
0.390575
0.867317
0.831538
0.888293
0.084807
0.122883
0.114723
0.455339
0.783049
0.000829
0.657126
0.409021
0.669795
0.005003
0.897792
0.020750
0.159147
0.599919
0.875723
0.818274
0.455937
0.069044
0.628807
0.830966
0.679115
0.732609
0.146344
0.459666
0.778840
0.074568
0.277599
0.562191
0.855159
0.709422
0.032203
0.100724
0.517975
0.508356
0.279480
0.183590
0.830966
0.103138
0.354462
0.532429
0.385849
0.610832
0.478130
0.238544
0.683915
0.815135
0.528233
0.117263
0.645188
0.053044
0.494313
0.072529
0.610832
0.315903
0.433320
0.792827
0.437404
0.227314
0.358190
0.961212
0.705469
0.713878
0.390575
0.760813
0.676380
0.505492
0.590215
0.737293
0.630881
0.575285
0.690331
0.462740
0.644224
0.832490
0.327189
0.979344
0.463611
0.200896
0.925447
0.211548
0.443209
0.001003
0.918968
0.315111
0.355320
0.547459
0.227149
0.599919
0.396258
0.637477
0.722252
0.030166
0.587207
0.649044
0.219017
0.583983
0.717524
0.668018
0.522847
0.827647
0.550771
0.320896
0.900260
0.124675
0.100911
0.771755
0.935292
0.366250
0.257803
0.498674
0.007792
0.961554
0.841345
0.511087
0.323199
0.595504
0.198625
0.591830
0.671571
0.722688
0.239359
0.280400
0.121188
0.757280
0.375968
0.009515
0.366133
0.869570
0.534282
0.524687
0.757422
0.481060
0.817687
0.535637
0.351270
0.417643
0.444650
0.126818
0.914894
0.286014
0.112415
0.813427
0.026658
0.848312
0.846044
0.826685
0.648080
0.974698
0.756360
0.794727
0.284983
0.060617
0.188010
0.392403
0.312744
0.417770
0.608101
0.075430
0.201532
0.561249
0.227149
0.847087
0.654680
0.133974
0.948688
0.040222
0.698278
0.357442
0.450902
0.874027
0.228389
0.956319
0.562046
0.115541
0.573388
0.838100
0.856837
0.717815
0.194075
0.068087
0.267213
0.803210
0.163325
0.236877
0.123975
0.897689
0.344383
0.858387
0.341364
0.974015
0.735277
0.190252
0.918783
0.995461
0.038023
0.578278
0.750038
0.042843
0.653271
0.664981
0.620441
0.908724
0.299723
0.013408
0.438835
0.765668
0.504725
0.464751
0.447342
0.074061
0.970754
0.944901
0.443929
0.568800
0.286802
0.834831
0.919060
0.859160
0.361828
0.534852
0.579082
0.624289
0.488799
0.229759
0.893723
0.989644
0.196229
0.741029
0.591977
0.094857
0.139696
0.860050
0.449450
0.277503
0.786893
0.847087
0.236026
0.340974
0.610020
0.324812
0.352977
0.421770
0.834136
0.176179
0.823337
0.352009
0.995751
0.169797
0.772522
0.290764
0.268947
0.963924
0.496734
0.636365
0.884059
0.895767
0.239746
0.800730
0.418847
0.207794
0.650824
0.340306
0.352237
0.316696
0.671719
0.580983
0.553366
0.404843
0.955381
0.918458
0.294565
0.906058
0.296631
0.279287
0.539854
0.607289
0.401495
0.376978
0.273533
0.934215
0.087997
0.915415
0.858387
0.689668
0.612900
0.838100
0.239746
0.487906
0.095966
0.821071
0.498397
0.093157
0.211392
0.619479
0.583544
0.600729
0.401062
0.494036
0.160820
0.166792
0.065344
0.004214
0.443339
0.824305
0.197738
0.990992
0.907247
0.625104
0.786893
