0.735342
0.068565
0.933849
0.005134
0.749340
0.638407
0.850317
0.978767
0.749340
0.527940
0.303998
0.631169
0.929711
0.406912
0.929711
0.237413
0.850317
0.016639
0.631169
0.425421
0.309048
0.241612
0.400850
0.623936
0.631169
0.735342
0.623936
0.631169
0.756280
0.742360
0.507300
0.314158
0.933849
0.068565
0.756280
0.756280
0.616712
0.623936
0.314158
0.007832
0.314158
0.406912
0.016258
0.850317
0.406912
0.631169
0.413029
0.406912
0.400850
0.319326
0.172867
0.638407
0.856211
0.179423
0.092511
0.534890
0.850317
0.324555
0.413029
0.925443
0.406912
0.010797
0.742360
0.309048
0.631169
0.933849
0.133660
0.241612
0.742360
0.850317
0.929711
0.933849
0.521024
0.425421
0.400850
0.850317
0.182777
0.172867
0.071496
0.394843
0.067141
0.976579
0.514143
0.133660
0.735342
0.609497
0.749340
0.406912
0.319326
0.856211
0.631169
0.406912
0.645648
0.929711
0.241612
0.514143
0.856211
0.749340
0.638407
0.933849
0.514143
0.929711
0.241612
0.067141
0.623936
0.005389
0.933849
0.096343
0.616712
0.500496
0.616712
0.742360
0.032872
0.050376
0.980825
0.521024
0.394843
0.850317
0.929711
0.749340
0.925443
0.413029
0.514143
0.929711
0.237413
0.749340
0.978767
0.023201
0.929711
0.507300
0.631169
0.742360
0.844333
0.324555
0.521024
0.735342
0.314158
0.128554
0.507300
0.133660
0.856211
0.514143
0.925443
0.245867
0.413029
0.929711
0.245867
0.425421
0.514143
0.844333
0.400850
0.856211
0.850317
0.844333
0.309048
0.527940
0.309048
0.735342
0.756280
0.314158
0.314158
0.921047
0.929711
0.749340
0.394843
0.413029
0.850317
0.844333
0.749340
0.309048
0.631169
0.507300
0.406912
0.850317
0.413029
0.856211
0.933849
0.756280
0.245867
0.623936
0.094410
0.742360
0.616712
0.844333
0.176120
0.241612
0.645648
0.623936
0.500496
0.098310
0.176120
0.413029
0.631169
0.241612
0.844333
0.838261
0.749340
0.033610
0.245867
0.728289
0.514143
0.856211
0.749340
0.067141
0.856211
0.309048
0.400850
0.233272
0.623936
0.000188
0.631169
0.756280
0.850317
0.856211
0.413029
0.749340
0.749340
0.406912
0.319326
0.049301
0.756280
0.844333
0.514143
0.749340
0.245867
0.314158
0.623936
0.742360
0.500496
0.616712
0.309048
0.844333
0.735342
0.011054
0.024278
0.844333
0.616712
0.844333
0.929711
0.844333
0.749340
0.128554
0.406912
0.749340
0.406912
0.749340
0.631169
0.638407
0.016258
0.850317
0.838261
0.507300
0.735342
0.319326
0.933849
0.925443
0.314158
0.735342
0.023734
0.068565
0.237413
0.844333
0.735342
0.245867
0.929711
0.850317
0.742360
0.521024
0.631169
0.237413
0.929711
0.179423
0.856211
0.514143
0.050376
0.237413
0.925443
0.742360
0.406912
0.241612
0.638407
0.742360
0.131086
0.514143
0.850317
0.929711
0.929711
0.241612
0.638407
0.735342
0.413029
0.742360
0.749340
0.735342
0.742360
0.844333
0.314158
0.514143
0.172867
0.631169
0.728289
0.850317
0.978767
0.856211
0.631169
0.034364
0.065744
0.096343
0.735342
0.933849
0.749340
0.980825
0.742360
0.521024
0.514143
0.047215
0.314158
0.929711
0.623936
0.319326
0.514143
0.507300
0.623936
0.319326
0.980825
0.521024
0.172867
0.245867
0.756280
0.237413
0.514143
0.406912
0.229187
0.010797
0.176120
0.616712
0.645648
0.749340
0.742360
0.514143
0.007832
0.929711
0.002333
0.638407
0.742360
0.742360
0.534890
0.250181
0.500496
0.413029
0.631169
0.631169
0.749340
0.756280
0.500496
0.856211
0.735342
0.844333
0.022680
0.735342
0.623936
0.735342
0.844333
0.413029
0.406912
0.929711
0.096343
0.233272
0.933849
0.413029
0.314158
0.303998
0.623936
0.394843
0.314158
0.507300
0.742360
0.998223
0.406912
0.007832
0.921047
0.514143
0.309048
0.856211
0.413029
0.400850
0.507300
0.631169
0.756280
0.616712
0.925443
0.925443
0.314158
0.749340
0.527940
0.400850
0.735342
0.303998
0.303998
0.925443
0.749340
0.514143
0.314158
0.241612
0.850317
0.623936
0.929711
0.631169
0.319326
0.413029
0.241612
0.527940
0.309048
0.844333
0.749340
0.638407
0.735342
0.925443
0.735342
0.314158
0.638407
0.131086
0.742360
0.742360
0.645648
0.998223
0.735342
0.638407
0.431696
0.925443
0.728289
0.521024
0.179423
0.742360
0.400850
0.521024
0.534890
0.735342
0.514143
0.023734
0.756280
0.623936
0.133660
0.413029
0.500496
0.507300
0.126065
0.001015
0.631169
0.309048
0.925443
0.631169
0.128554
0.756280
0.933849
0.735342
0.645648
0.176120
0.094410
0.233272
0.406912
0.237413
0.406912
0.856211
0.250181
0.521024
0.406912
0.631169
0.756280
0.309048
0.007646
0.303998
0.616712
0.742360
0.406912
0.735342
0.068565
0.182777
0.128554
0.245867
0.245867
0.003513
0.638407
0.756280
0.094410
0.514143
0.638407
0.507300
0.534890
0.850317
0.015522
0.033610
0.303998
0.128554
0.500496
0.094410
0.742360
0.047215
0.844333
0.742360
0.925443
0.527940
0.844333
0.017028
0.094410
0.068565
0.319326
0.631169
0.735342
0.856211
0.133660
0.980825
0.735342
0.844333
0.856211
0.493732
0.022680
0.400850
0.500496
0.728289
0.838261
0.616712
0.406912
0.406912
0.616712
0.844333
0.645648
0.003782
0.319326
0.623936
0.933849
0.929711
0.844333
0.128554
0.832104
0.534890
0.735342
0.742360
0.319326
0.314158
0.838261
0.749340
0.406912
0.978767
0.638407
0.844333
0.850317
0.413029
0.033610
0.735342
0.976579
0.128554
0.742360
0.179423
0.756280
0.749340
0.631169
0.319326
0.832104
0.319326
0.756280
0.850317
0.507300
0.728289
0.070017
0.756280
0.507300
0.638407
0.033610
0.616712
0.742360
0.400850
0.856211
0.400850
0.309048
0.131086
0.324555
0.098310
0.844333
0.616712
0.233272
0.616712
0.001504
0.000139
0.638407
0.838261
0.500496
0.067141
0.749340
0.978767
0.921047
0.400850
0.314158
0.929711
0.131086
0.749340
0.749340
0.623936
0.400850
0.929711
0.623936
0.850317
0.507300
0.319326
0.131086
0.068565
0.749340
0.507300
0.237413
0.065744
0.631169
0.514143
0.092511
0.756280
0.623936
0.616712
0.638407
0.245867
0.131086
0.844333
0.735342
0.514143
0.742360
0.645648
0.319326
0.500496
0.500496
0.735342
0.735342
0.933849
0.176120
0.856211
0.850317
0.742360
0.245867
0.237413
0.742360
0.514143
0.024278
0.844333
0.406912
0.507300
0.400850
0.067141
0.314158
0.241612
0.856211
0.324555
0.507300
0.507300
0.394843
0.016639
0.850317
0.413029
0.631169
0.237413
0.179423
0.929711
0.844333
0.631169
0.000964
0.400850
0.980825
0.638407
0.314158
0.929711
0.314158
0.933849
0.616712
0.015886
0.179423
0.756280
0.735342
0.406912
0.309048
0.978767
0.850317
0.933849
0.023734
0.749340
0.176120
0.049301
0.749340
0.933849
0.844333
0.070017
0.623936
0.850317
0.096343
0.850317
0.735342
0.856211
0.925443
0.003600
0.413029
0.096343
0.742360
0.067141
0.749340
0.850317
0.094410
0.933849
0.631169
0.507300
0.616712
0.002392
0.997776
0.929711
0.176120
0.514143
0.406912
0.314158
0.623936
0.314158
0.631169
0.623936
0.749340
0.850317
0.314158
0.324555
0.237413
0.623936
0.406912
0.742360
0.742360
0.844333
0.735342
0.067141
0.933849
0.735342
0.237413
0.319326
0.314158
0.179423
0.413029
0.749340
0.048248
0.850317
0.067141
0.929711
0.623936
0.735342
0.000004
0.094410
0.413029
0.067141
0.176120
0.034364
0.609497
0.980825
0.002392
0.094410
0.742360
0.314158
0.756280
0.631169
0.172867
0.933849
0.850317
0.128554
0.507300
0.324555
0.406912
0.850317
0.314158
0.096343
0.176120
0.850317
0.645648
0.319326
0.742360
0.756280
0.002276
0.735342
0.925443
0.623936
0.033610
0.314158
0.749340
0.534890
0.728289
0.844333
0.749340
0.319326
0.237413
0.623936
0.850317
0.241612
0.742360
0.514143
0.521024
0.742360
0.850317
0.856211
0.756280
0.098310
0.844333
0.832104
0.742360
0.098310
0.756280
0.016258
0.233272
0.406912
0.128554
0.631169
0.514143
0.131086
0.980825
0.856211
0.070017
0.838261
0.413029
0.131086
0.623936
0.623936
0.838261
0.638407
0.319326
0.007288
0.090647
0.749340
0.638407
0.623936
0.400850
0.844333
0.400850
0.406912
0.309048
0.933849
0.933849
0.034364
0.094410
0.319326
0.925443
0.850317
0.000305
0.507300
0.638407
0.241612
0.638407
0.742360
0.507300
0.742360
0.978767
0.929711
0.507300
0.638407
0.850317
0.048248
0.094410
0.856211
0.850317
0.929711
0.850317
0.237413
0.631169
0.631169
0.001582
0.507300
0.319326
0.500496
0.735342
0.400850
0.616712
0.133660
0.638407
0.413029
0.742360
0.756280
0.925443
0.023201
0.003600
0.419199
0.925443
0.241612
0.749340
0.413029
0.749340
0.844333
0.856211
0.735342
0.844333
0.413029
0.250181
0.735342
0.749340
0.131086
0.925443
0.735342
0.844333
0.500496
0.319326
0.092511
0.749340
0.015886
0.623936
0.742360
0.623936
0.925443
0.319326
0.742360
0.406912
0.096343
0.319326
0.068565
0.400850
0.413029
0.319326
0.850317
0.303998
0.406912
0.850317
0.309048
0.131086
0.925443
0.623936
0.850317
0.527940
0.838261
0.856211
0.406912
0.406912
0.616712
0.856211
0.034364
0.514143
0.319326
0.241612
0.002333
0.319326
0.623936
0.507300
0.631169
0.838261
0.929711
0.623936
0.400850
0.638407
0.850317
0.850317
0.850317
0.500496
0.856211
0.133660
0.742360
0.638407
0.070017
0.742360
0.638407
0.094410
0.406912
0.007646
0.406912
0.049301
0.616712
0.413029
0.096343
0.749340
0.032872
0.742360
0.500496
0.925443
0.406912
0.406912
0.742360
0.609497
0.092511
0.179423
0.413029
0.024278
0.638407
0.742360
0.319326
0.507300
0.749340
0.749340
0.838261
0.838261
0.749340
0.756280
0.250181
0.978767
0.742360
0.850317
0.749340
0.616712
0.500496
0.638407
0.631169
0.015886
0.980825
0.233272
0.631169
0.925443
0.623936
0.623936
0.735342
0.978767
0.514143
0.631169
0.094410
0.838261
0.856211
0.406912
0.978767
0.978767
0.400850
0.616712
0.314158
0.933849
0.850317
0.007465
0.133660
0.638407
0.616712
0.742360
0.179423
0.131086
0.742360
0.400850
0.068565
0.838261
0.742360
0.638407
0.070017
0.092511
0.742360
0.176120
0.850317
0.638407
0.309048
0.400850
0.850317
0.978767
0.500496
0.000087
0.850317
0.182777
0.092511
0.749340
0.631169
0.319326
0.179423
0.176120
0.413029
0.413029
0.933849
0.749340
0.749340
0.237413
0.406912
0.623936
0.094410
0.128554
0.638407
0.638407
0.507300
0.844333
0.616712
0.850317
0.413029
0.507300
0.980825
0.092511
0.856211
0.005522
0.616712
0.094410
0.933849
0.742360
0.838261
0.015886
0.623936
0.756280
0.925443
0.933849
0.638407
0.933849
0.978767
0.071496
0.756280
0.319326
0.844333
0.728289
0.010797
0.844333
0.507300
0.419199
0.024278
0.065744
0.303998
0.179423
0.638407
0.319326
0.514143
0.623936
0.017028
0.400850
0.856211
0.314158
0.978767
0.756280
0.631169
0.749340
0.976579
0.534890
0.094410
0.016258
0.237413
0.000087
0.172867
0.131086
0.400850
0.631169
0.749340
0.749340
0.976579
0.623936
0.096343
0.314158
0.749340
0.507300
0.756280
0.003690
0.169665
0.756280
0.978767
0.850317
0.756280
0.245867
0.324555
0.070017
0.245867
0.631169
0.735342
0.933849
0.850317
0.314158
0.007465
0.631169
0.929711
0.856211
0.616712
0.032148
0.023734
0.929711
0.514143
0.514143
0.314158
0.638407
0.514143
0.980825
0.406912
0.850317
0.507300
0.500496
0.850317
0.645648
0.400850
0.838261
0.850317
0.067141
0.131086
0.133660
0.319326
0.756280
0.844333
0.631169
0.844333
0.749340
0.735342
0.493732
0.749340
0.406912
0.406912
0.925443
0.514143
0.507300
0.070017
0.925443
0.749340
0.521024
0.237413
0.838261
0.000665
0.133660
0.616712
0.976579
0.068565
0.002333
0.749340
0.749340
0.929711
0.176120
0.400850
0.128554
0.241612
0.237413
0.514143
0.980825
0.406912
0.933849
0.413029
0.245867
0.241612
0.735342
0.241612
0.844333
0.623936
0.514143
0.616712
0.094410
0.237413
0.742360
0.929711
0.838261
0.756280
0.419199
0.638407
0.749340
0.921047
0.929711
0.631169
0.638407
0.507300
0.233272
0.094410
0.514143
0.319326
0.131086
0.500496
0.638407
0.507300
0.844333
0.728289
0.742360
0.514143
0.406912
0.500496
0.850317
0.856211
0.980825
0.623936
0.616712
0.319326
0.233272
0.623936
0.631169
0.068565
0.413029
0.742360
0.507300
0.623936
0.514143
0.925443
0.638407
0.047215
0.838261
0.128554
0.623936
0.133660
0.023201
0.521024
0.609497
0.096343
0.749340
0.394843
0.319326
0.631169
0.065744
0.096343
0.844333
0.233272
0.507300
0.749340
0.742360
0.929711
0.096343
0.742360
0.046203
0.631169
0.631169
0.007832
0.068565
0.172867
0.850317
0.023734
0.048248
0.742360
0.925443
0.406912
0.638407
0.850317
0.319326
0.094410
0.645648
0.728289
0.742360
0.319326
0.623936
0.850317
0.388890
0.314158
0.514143
0.631169
0.623936
0.324555
0.406912
0.844333
0.749340
0.623936
0.609497
0.844333
0.507300
0.631169
0.844333
0.929711
0.050376
0.631169
0.925443
0.980825
0.742360
0.844333
0.400850
0.521024
0.742360
0.047215
0.233272
0.623936
0.728289
0.047215
0.749340
0.742360
0.749340
0.749340
0.631169
0.131086
0.309048
0.324555
0.749340
0.319326
0.850317
0.980825
0.929711
0.623936
0.094410
0.749340
0.406912
0.000682
0.749340
0.172867
0.645648
0.068565
0.749340
0.067141
0.096343
0.742360
0.850317
0.507300
0.033610
0.742360
0.514143
0.631169
0.314158
0.394843
0.735342
0.400850
0.033610
0.623936
0.319326
0.749340
0.850317
0.071496
0.844333
0.090647
0.319326
0.514143
0.997776
0.742360
0.068565
0.309048
0.638407
0.314158
0.070017
0.735342
0.319326
0.241612
0.065744
0.742360
0.131086
0.742360
0.034364
0.309048
0.406912
0.319326
0.756280
0.024278
0.005134
0.319326
0.850317
0.309048
0.735342
0.008021
0.033610
0.005260
0.749340
0.098310
0.324555
0.514143
0.735342
0.007465
0.756280
0.500496
0.319326
0.090647
0.850317
0.413029
0.623936
0.521024
0.007646
0.623936
0.929711
0.933849
0.856211
0.406912
0.094410
0.500496
0.007646
0.742360
0.978767
0.406912
0.303998
0.245867
0.728289
0.507300
0.631169
0.850317
0.319326
0.094410
0.638407
0.925443
0.850317
0.749340
0.016258
0.850317
0.616712
0.749340
0.844333
0.048248
0.094410
0.521024
0.406912
0.133660
0.179423
0.514143
0.756280
0.742360
0.980825
0.925443
0.413029
0.400850
0.237413
0.527940
0.735342
0.728289
0.033610
0.756280
0.011588
0.033610
0.098310
0.406912
0.742360
0.094410
0.631169
0.241612
0.623936
0.742360
0.507300
0.005260
0.844333
0.245867
0.131086
0.638407
0.229187
0.616712
0.742360
0.319326
0.749340
0.131086
0.756280
0.133660
0.400850
0.623936
0.514143
0.742360
0.631169
0.128554
0.623936
0.413029
0.645648
0.172867
0.631169
0.514143
0.856211
0.521024
0.514143
0.742360
0.131086
0.850317
0.176120
0.756280
0.929711
0.015886
0.749340
0.742360
0.623936
0.172867
0.406912
0.000053
0.023201
0.742360
0.047215
0.527940
0.241612
0.925443
0.237413
0.756280
0.735342
0.250181
0.400850
0.980825
0.735342
0.096343
0.241612
0.844333
0.756280
0.003427
0.735342
0.978767
0.742360
0.527940
0.233272
0.850317
0.976579
0.616712
0.314158
0.735342
0.319326
0.749340
0.507300
0.233272
0.616712
0.933849
0.844333
0.844333
0.844333
0.413029
0.507300
0.131086
0.309048
0.616712
0.521024
0.400850
0.303998
0.068565
0.844333
0.756280
0.735342
0.094410
0.500496
0.131086
0.756280
0.929711
0.507300
0.749340
0.980825
0.507300
0.413029
0.742360
0.179423
0.011054
0.507300
0.856211
0.172867
0.514143
0.507300
0.309048
0.631169
0.176120
0.844333
0.844333
0.631169
0.126065
0.742360
0.645648
0.756280
0.925443
0.756280
0.850317
0.933849
0.756280
0.179423
0.925443
0.394843
0.128554
0.406912
0.179423
0.507300
0.645648
0.500496
0.182777
0.638407
0.933849
0.070017
0.406912
0.045211
0.324555
0.645648
0.850317
0.638407
0.400850
0.394843
0.749340
0.749340
0.623936
0.616712
0.933849
0.237413
0.609497
0.978767
0.838261
0.319326
0.844333
0.001015
0.616712
0.856211
0.856211
0.400850
0.065744
0.850317
0.309048
0.314158
0.623936
0.749340
0.000125
0.514143
0.749340
0.645648
0.514143
0.032872
0.756280
0.838261
0.400850
0.186183
0.176120
0.638407
0.400850
0.749340
0.413029
0.742360
0.400850
0.933849
0.844333
0.003600
0.233272
0.933849
0.071496
0.631169
0.126065
0.406912
0.749340
0.616712
0.094410
0.388890
0.749340
0.507300
0.925443
0.616712
0.623936
0.623936
0.856211
0.514143
0.856211
0.131086
0.096343
0.925443
0.844333
0.978767
0.131086
0.933849
0.514143
0.507300
0.096343
0.419199
0.400850
0.324555
0.735342
0.742360
0.011318
0.631169
0.844333
0.237413
0.844333
0.638407
0.631169
0.047215
0.245867
0.616712
0.068565
0.631169
0.631169
0.623936
0.303998
0.638407
0.507300
0.850317
0.623936
0.406912
0.309048
0.303998
0.616712
0.394843
0.179423
0.976579
0.856211
0.406912
0.096343
0.068565
0.933849
0.844333
0.507300
0.023734
0.623936
0.128554
0.623936
0.314158
0.631169
0.742360
0.925443
0.850317
0.631169
0.623936
0.186183
0.400850
0.002276
0.400850
0.047215
0.176120
0.245867
0.131086
0.638407
0.172867
0.314158
0.413029
0.756280
0.728289
0.749340
0.742360
0.623936
0.189641
0.507300
0.507300
0.623936
0.980825
0.856211
0.735342
0.309048
0.514143
0.241612
0.068565
0.735342
0.179423
0.921047
0.521024
0.844333
0.856211
0.856211
0.314158
0.631169
0.394843
0.032148
0.176120
0.623936
0.507300
0.638407
0.406912
0.728289
0.176120
0.735342
0.978767
0.179423
0.514143
0.844333
0.131086
0.749340
0.850317
0.609497
0.925443
0.179423
0.623936
0.507300
0.413029
0.929711
0.068565
0.314158
0.742360
0.933849
0.856211
0.406912
0.023734
0.049301
0.749340
0.933849
0.933849
0.735342
0.980825
0.514143
0.241612
0.001542
0.507300
0.514143
0.182777
0.182777
0.925443
0.742360
0.742360
0.309048
0.176120
0.742360
0.507300
0.856211
0.400850
0.929711
0.631169
0.623936
0.631169
0.749340
0.998223
0.728289
0.400850
0.024278
0.324555
0.980825
0.514143
0.176120
0.749340
0.011588
0.413029
0.735342
0.856211
0.500496
0.742360
0.527940
0.742360
0.094410
0.400850
0.728289
0.756280
0.838261
0.319326
0.933849
0.319326
0.850317
0.133660
0.406912
0.735342
0.631169
0.233272
0.933849
0.623936
0.514143
0.844333
0.047215
0.978767
0.048248
0.925443
0.507300
0.514143
0.756280
0.016639
0.514143
0.925443
0.128554
0.133660
0.929711
0.742360
0.850317
0.314158
0.749340
0.735342
0.406912
0.844333
0.406912
0.314158
0.413029
0.850317
0.068565
0.623936
0.527940
0.609497
0.929711
0.933849
0.631169
0.850317
0.047215
0.319326
0.514143
0.838261
0.406912
0.406912
0.179423
0.742360
0.850317
0.010797
0.638407
0.850317
0.314158
0.324555
0.023201
0.314158
0.413029
0.850317
0.735342
0.844333
0.978767
0.933849
0.838261
0.319326
0.856211
0.976579
0.233272
0.850317
0.016258
0.756280
0.933849
0.007832
0.976579
0.406912
0.233272
0.623936
0.735342
0.176120
0.609497
0.921047
0.096343
0.400850
0.126065
0.514143
0.406912
0.098310
0.507300
0.319326
0.022680
0.844333
0.068565
0.850317
0.131086
0.406912
0.756280
0.128554
0.324555
0.131086
0.623936
0.319326
0.314158
0.638407
0.400850
0.735342
0.400850
0.728289
0.245867
0.400850
0.413029
0.616712
0.126065
0.400850
0.929711
0.844333
0.004890
0.638407
0.314158
0.735342
0.527940
0.616712
0.850317
0.098310
0.925443
0.631169
0.976579
0.631169
0.237413
0.400850
0.500496
0.324555
0.844333
0.319326
0.001542
0.844333
0.844333
0.742360
0.844333
0.507300
0.400850
0.638407
0.388890
0.400850
0.742360
0.742360
0.850317
0.850317
0.237413
0.749340
0.500496
0.749340
0.838261
0.413029
0.838261
0.978767
0.844333
0.844333
0.186183
0.742360
0.616712
0.015886
0.742360
0.638407
0.521024
0.735342
0.623936
0.742360
0.507300
0.237413
0.303998
0.406912
0.638407
0.929711
0.844333
0.406912
0.314158
0.400850
0.003513
0.032872
0.094410
0.514143
0.980825
0.844333
0.406912
0.978767
0.749340
0.128554
0.978767
0.850317
0.742360
0.050376
0.068565
0.388890
0.616712
0.419199
0.925443
0.514143
0.929711
0.742360
0.507300
0.406912
0.070017
0.309048
0.096343
0.406912
0.514143
0.092511
0.001542
0.735342
0.850317
0.844333
0.400850
0.929711
0.856211
0.534890
0.096343
0.005134
0.978767
0.742360
0.514143
0.050376
0.933849
0.314158
0.742360
0.500496
0.631169
0.094410
0.406912
0.500496
0.728289
0.756280
0.024278
0.094410
0.749340
0.756280
0.172867
0.856211
0.507300
0.631169
0.616712
0.749340
0.623936
0.233272
0.394843
0.319326
0.638407
0.507300
0.314158
0.623936
0.856211
0.998223
0.068565
0.623936
0.735342
0.638407
0.128554
0.844333
0.631169
0.131086
0.742360
0.756280
0.413029
0.929711
0.400850
0.000014
0.749340
0.507300
0.623936
0.033610
0.245867
0.631169
0.925443
0.527940
0.413029
0.507300
0.309048
0.631169
0.314158
0.929711
0.749340
0.309048
0.742360
0.735342
0.005010
0.756280
0.521024
0.179423
0.133660
0.133660
0.933849
0.514143
0.749340
0.980825
0.623936
0.394843
0.623936
0.324555
0.319326
0.128554
0.241612
0.400850
0.735342
0.728289
0.749340
0.406912
0.850317
0.400850
0.033610
0.929711
0.645648
0.742360
0.098310
0.176120
0.856211
0.413029
0.514143
0.001015
0.933849
0.616712
0.176120
0.856211
0.978767
0.000298
0.314158
0.406912
0.921047
0.400850
0.233272
0.303998
0.631169
0.856211
0.413029
0.507300
0.527940
0.016258
0.631169
0.314158
0.638407
0.070017
0.638407
0.400850
0.616712
0.514143
0.631169
0.856211
0.324555
0.507300
0.929711
0.011054
0.071496
0.521024
0.245867
0.094410
0.616712
0.728289
0.742360
0.850317
0.126065
0.850317
0.126065
0.749340
0.507300
0.324555
0.309048
0.002514
0.756280
0.015886
0.742360
0.978767
0.980825
0.237413
0.092511
0.324555
0.400850
0.527940
0.007646
0.128554
0.507300
0.645648
0.071496
0.319326
0.749340
0.838261
0.094410
0.623936
0.067141
0.033610
0.049301
0.631169
0.735342
0.521024
0.638407
0.233272
0.314158
0.131086
0.929711
0.133660
0.749340
0.015522
0.400850
0.507300
0.324555
0.527940
0.838261
0.179423
0.742360
0.742360
0.068565
0.756280
0.838261
0.749340
0.856211
0.756280
0.623936
0.413029
0.856211
0.406912
0.179423
0.309048
0.319326
0.749340
0.406912
0.035919
0.314158
0.237413
0.844333
0.400850
0.241612
0.233272
0.978767
0.850317
0.742360
0.098310
0.838261
0.514143
0.631169
0.735342
0.749340
0.096343
0.032872
0.094410
0.850317
0.394843
0.978767
0.319326
0.033610
0.245867
0.092511
0.631169
0.065744
0.623936
0.728289
0.742360
0.406912
0.645648
0.856211
0.172867
0.023734
0.933849
0.507300
0.645648
0.838261
0.098310
0.856211
0.631169
0.245867
0.623936
0.507300
0.534890
0.000682
0.749340
0.527940
0.844333
0.623936
0.507300
0.319326
0.413029
0.844333
0.623936
0.978767
0.245867
0.128554
0.623936
0.742360
0.319326
0.638407
0.314158
0.638407
0.094410
0.035919
0.131086
0.978767
0.527940
0.850317
0.000305
0.756280
0.128554
0.131086
0.645648
0.128554
0.850317
0.756280
0.609497
0.978767
