0.000000
0.000000
0.000000
0.000000
0.000000
0.000000
0.000000
0.000000
0.966892
0.469424
0.939497
0.331692
0.705898
0.750077
0.822795
0.531187
0.411525
0.903792
0.817356
0.633232
0.798247
0.953848
0.549147
0.578679
0.000000
0.000000
0.000000
0.000000
0.000000
0.000000
0.000000
0.000000
0.000000
0.000000
0.000000
0.000000
0.000000
0.000000
0.000000
0.000000
0.000000
0.000000
0.000000
0.000000
0.000000
0.000000
0.000000
0.000000
0.360835
0.244992
0.175104
0.323022
0.635706
0.177371
0.909062
0.766010
0.000000
0.000000
0.000000
0.000000
0.000000
0.000000
0.000000
0.000000
0.056163
0.799603
0.302499
0.670316
0.690454
0.096236
0.210960
0.724486
0.151483
0.989299
0.623009
0.670737
0.519820
0.806835
0.999394
0.623641
0.866938
0.515863
0.257158
0.547172
0.157727
0.128436
0.901024
0.091412
0.000000
0.000000
0.000000
0.000000
0.000000
0.000000
0.000000
0.000000
0.000000
0.000000
0.000000
0.000000
0.000000
0.000000
0.000000
0.000000
0.000000
0.000000
0.000000
0.000000
0.000000
0.000000
0.000000
0.000000
0.773677
0.599697
0.561044
0.867939
0.049202
0.497941
0.841330
0.248963
0.000000
0.000000
0.000000
0.000000
0.000000
0.000000
0.000000
0.000000
