		  NONPERIODIC TEMPLATES TEST
-------------------------------------------------------------------------------------
		  COMPUTATIONAL INFORMATION
-------------------------------------------------------------------------------------
	LAMBDA = 0.421875	M = 224	N = 8	m = 9	n = 1792
-------------------------------------------------------------------------------------
		F R E Q U E N C Y
Template   W_1  W_2  W_3  W_4  W_5  W_6  W_7  W_8    Chi^2   P_value Assignment Index
-------------------------------------------------------------------------------------
000000001    0    0    1    0    1    2    1    2 15.408947 0.051665 SUCCESS   0
000000011    0    0    0    1    1    1    0    2  9.941703 0.269141 SUCCESS   1
000000101    0    1    1    0    0    2    1    2 15.408947 0.051665 SUCCESS   2
000000111    0    0    1    0    0    1    0    2  9.572294 0.296337 SUCCESS   3
000001001    1    0    0    0    0    1    0    0  4.105051 0.847523 SUCCESS   4
000001011    1    0    1    0    0    3    1    2 25.235209 0.001418 FAILURE   5
000001101    0    1    1    0    3    0    0    0 19.398557 0.012868 SUCCESS   6
000001111    0    0    1    0    0    1    1    2  9.941703 0.269141 SUCCESS   7
000010001    1    0    1    1    0    0    0    0  4.474459 0.811983 SUCCESS   8
000010011    0    0    0    0    0    1    1    0  4.105051 0.847523 SUCCESS   9
000010101    0    1    0    0    0    1    0    1  4.474459 0.811983 SUCCESS  10
000010111    0    0    0    0    1    2    1    2 15.039538 0.058381 SUCCESS  11
000011001    0    0    0    1    0    0    0    0  3.735642 0.880153 SUCCESS  12
000011011    0    1    1    1    2    0    0    1 10.311111 0.243865 SUCCESS  13
000011101    1    0    0    0    1    0    0    0  4.105051 0.847523 SUCCESS  14
000011111    0    1    1    0    0    0    1    1  4.843867 0.774126 SUCCESS  15
000100011    2    0    0    0    0    1    0    0  9.202886 0.325471 SUCCESS  16
000100101    0    0    0    0    0    0    0    1  3.735642 0.880153 SUCCESS  17
000100111    0    0    0    0    0    1    0    1  4.105051 0.847523 SUCCESS  18
000101001    0    1    0    1    1    1    1    0  5.213276 0.734557 SUCCESS  19
000101011    0    1    2    2    2    0    1    0 20.506782 0.008580 FAILURE  20
000101101    1    0    2    0    0    0    1    0  9.572294 0.296337 SUCCESS  21
000101111    0    0    0    0    2    1    1    2 15.039538 0.058381 SUCCESS  22
000110011    0    0    1    1    0    0    1    1  4.843867 0.774126 SUCCESS  23
000110101    2    1    0    1    0    0    0    0  9.572294 0.296337 SUCCESS  24
000110111    0    1    0    1    1    0    0    1  4.843867 0.774126 SUCCESS  25
000111001    0    0    1    0    0    0    0    0  3.735642 0.880153 SUCCESS  26
000111011    1    0    1    0    0    0    0    0  4.105051 0.847523 SUCCESS  27
000111101    0    0    0    0    0    1    0    1  4.105051 0.847523 SUCCESS  28
000111111    1    1    1    0    1    1    0    1  5.582684 0.693863 SUCCESS  29
001000011    1    0    0    0    1    1    0    0  4.474459 0.811983 SUCCESS  30
001000101    0    0    1    1    3    1    0    0 19.767965 0.011250 SUCCESS  31
001000111    2    0    1    0    1    1    0    0  9.941703 0.269141 SUCCESS  32
001001011    0    1    0    0    0    0    0    1  4.105051 0.847523 SUCCESS  33
001001101    2    0    0    0    0    0    1    0  9.202886 0.325471 SUCCESS  34
001001111    0    0    0    0    0    1    1    0  4.105051 0.847523 SUCCESS  35
001010011    0    0    0    0    0    1    1    0  4.105051 0.847523 SUCCESS  36
001010101    0    0    1    1    0    1    1    1  5.213276 0.734557 SUCCESS  37
001010111    0    3    1    0    1    0    2    0 24.865801 0.001638 FAILURE  38
001011011    1    1    1    0    0    0    0    0  4.474459 0.811983 SUCCESS  39
001011101    0    1    0    0    0    1    1    2  9.941703 0.269141 SUCCESS  40
001011111    0    1    0    1    0    2    0    1  9.941703 0.269141 SUCCESS  41
001100101    0    1    1    0    2    0    0    0  9.572294 0.296337 SUCCESS  42
001100111    0    1    0    1    1    0    1    1  5.213276 0.734557 SUCCESS  43
001101011    1    1    1    0    0    0    0    0  4.474459 0.811983 SUCCESS  44
001101101    0    0    0    0    0    0    0    1  3.735642 0.880153 SUCCESS  45
001101111    0    0    0    1    0    0    0    0  3.735642 0.880153 SUCCESS  46
001110101    0    1    0    0    1    1    0    2  9.941703 0.269141 SUCCESS  47
001110111    0    0    1    1    0    0    0    0  4.105051 0.847523 SUCCESS  48
001111011    0    0    1    0    0    1    0    1  4.474459 0.811983 SUCCESS  49
001111101    0    2    0    1    0    0    0    0  9.202886 0.325471 SUCCESS  50
001111111    1    0    1    0    1    1    0    1  5.213276 0.734557 SUCCESS  51
010000011    0    1    0    0    1    0    1    0  4.474459 0.811983 SUCCESS  52
010000111    1    0    1    0    1    0    1    0  4.843867 0.774126 SUCCESS  53
010001011    0    0    1    0    0    0    0    0  3.735642 0.880153 SUCCESS  54
010001111    1    1    0    1    1    1    1    0  5.582684 0.693863 SUCCESS  55
010010011    0    0    0    0    0    0    0    0  3.366234 0.909320 SUCCESS  56
010010111    0    1    0    1    0    1    1    0  4.843867 0.774126 SUCCESS  57
010011011    1    0    0    0    0    0    1    1  4.474459 0.811983 SUCCESS  58
010011111    0    0    0    1    0    1    0    0  4.105051 0.847523 SUCCESS  59
010100011    2    2    1    0    0    0    1    0 15.039538 0.058381 SUCCESS  60
010100111    0    0    0    1    0    0    1    1  4.474459 0.811983 SUCCESS  61
010101011    0    0    1    0    0    1    1    1  4.843867 0.774126 SUCCESS  62
010101111    0    2    2    0    1    0    2    0 20.137374 0.009829 FAILURE  63
010110011    0    0    1    0    0    0    0    0  3.735642 0.880153 SUCCESS  64
010110111    1    0    1    3    2    0    0    0 24.865801 0.001638 FAILURE  65
010111011    0    0    0    0    0    1    2    1  9.572294 0.296337 SUCCESS  66
010111111    0    0    0    0    0    2    1    1  9.572294 0.296337 SUCCESS  67
011000111    0    0    0    0    0    1    1    0  4.105051 0.847523 SUCCESS  68
011001111    0    1    0    0    0    0    1    0  4.105051 0.847523 SUCCESS  69
011010111    1    0    0    0    0    0    0    0  3.735642 0.880153 SUCCESS  70
011011111    1    0    0    2    1    0    0    0  9.572294 0.296337 SUCCESS  71
011101111    0    0    0    0    0    1    0    1  4.105051 0.847523 SUCCESS  72
011111111    0    0    1    0    2    3    0    2 29.963636 0.000215 FAILURE  73
100000000    0    0    1    0    1    2    1    2 15.408947 0.051665 SUCCESS  74
100010000    0    0    0    0    1    1    0    0  4.105051 0.847523 SUCCESS  75
100100000    0    1    0    0    1    0    0    1  4.474459 0.811983 SUCCESS  76
100101000    2    0    1    0    0    0    0    0  9.202886 0.325471 SUCCESS  77
100110000    0    0    2    0    0    0    0    0  8.833478 0.356538 SUCCESS  78
100111000    0    0    0    1    1    1    0    1  4.843867 0.774126 SUCCESS  79
101000000    0    0    1    0    0    0    1    1  4.474459 0.811983 SUCCESS  80
101000100    1    0    1    0    0    0    0    0  4.105051 0.847523 SUCCESS  81
101001000    1    0    0    1    1    0    0    0  4.474459 0.811983 SUCCESS  82
101001100    0    0    0    0    1    1    1    0  4.474459 0.811983 SUCCESS  83
101010000    0    0    0    0    0    0    0    0  3.366234 0.909320 SUCCESS  84
101010100    0    0    0    1    0    0    0    0  3.735642 0.880153 SUCCESS  85
101011000    0    1    1    0    0    1    0    1  4.843867 0.774126 SUCCESS  86
101011100    2    2    0    0    1    1    0    0 15.039538 0.058381 SUCCESS  87
101100000    0    0    1    0    1    1    1    1  5.213276 0.734557 SUCCESS  88
101100100    1    0    1    2    1    0    0    0  9.941703 0.269141 SUCCESS  89
101101000    0    0    1    0    0    0    0    1  4.105051 0.847523 SUCCESS  90
101101100    0    1    0    1    1    0    0    1  4.843867 0.774126 SUCCESS  91
101110000    2    0    0    0    0    1    0    0  9.202886 0.325471 SUCCESS  92
101110100    1    1    1    0    0    1    0    1  5.213276 0.734557 SUCCESS  93
101111000    0    1    1    0    0    0    0    2  9.572294 0.296337 SUCCESS  94
101111100    0    1    1    1    2    0    0    0  9.941703 0.269141 SUCCESS  95
110000000    0    0    1    1    0    3    0    2 24.865801 0.001638 FAILURE  96
110000010    2    0    1    0    0    2    0    0 14.670130 0.065886 SUCCESS  97
110000100    1    0    0    1    0    0    1    0  4.474459 0.811983 SUCCESS  98
110001000    1    0    0    0    2    3    0    0 24.496392 0.001891 FAILURE  99
110001010    0    0    2    0    1    0    3    0 24.496392 0.001891 FAILURE 100
110010000    0    1    0    0    1    0    0    1  4.474459 0.811983 SUCCESS 101
110010010    0    1    0    1    0    0    0    0  4.105051 0.847523 SUCCESS 102
110010100    0    0    0    0    0    0    0    0  3.366234 0.909320 SUCCESS 103
110011000    0    0    1    0    0    0    0    0  3.735642 0.880153 SUCCESS 104
110011010    0    0    1    0    0    0    1    0  4.105051 0.847523 SUCCESS 105
110100000    0    0    1    0    1    0    2    1  9.941703 0.269141 SUCCESS 106
110100010    0    0    1    1    0    0    0    0  4.105051 0.847523 SUCCESS 107
110100100    1    0    0    0    0    0    0    0  3.735642 0.880153 SUCCESS 108
110101000    0    1    0    0    0    0    0    0  3.735642 0.880153 SUCCESS 109
110101010    0    0    0    0    0    0    0    0  3.366234 0.909320 SUCCESS 110
110101100    0    0    3    0    0    0    0    0 18.659740 0.016789 SUCCESS 111
110110000    0    0    0    1    1    0    1    1  4.843867 0.774126 SUCCESS 112
110110010    2    1    0    2    1    0    0    0 15.039538 0.058381 SUCCESS 113
110110100    0    0    0    0    0    0    0    0  3.366234 0.909320 SUCCESS 114
110111000    0    0    0    0    1    1    0    1  4.474459 0.811983 SUCCESS 115
110111010    1    0    1    1    1    0    0    0  4.843867 0.774126 SUCCESS 116
110111100    0    1    2    0    0    1    1    1 10.311111 0.243865 SUCCESS 117
111000000    0    1    1    2    0    3    0    1 25.235209 0.001418 FAILURE 118
111000010    2    0    0    0    0    1    2    1 15.039538 0.058381 SUCCESS 119
111000100    0    1    0    0    2    0    0    2 14.670130 0.065886 SUCCESS 120
111000110    1    0    0    1    0    1    0    0  4.474459 0.811983 SUCCESS 121
111001000    0    1    0    0    1    0    1    1  4.843867 0.774126 SUCCESS 122
111001010    0    1    0    0    0    1    1    0  4.474459 0.811983 SUCCESS 123
111001100    0    2    0    0    2    0    0    0 14.300722 0.074256 SUCCESS 124
111010000    0    2    1    1    0    0    1    0  9.941703 0.269141 SUCCESS 125
111010010    0    0    1    0    0    1    1    0  4.474459 0.811983 SUCCESS 126
111010100    1    0    0    0    0    0    0    1  4.105051 0.847523 SUCCESS 127
111010110    0    0    1    1    1    0    0    0  4.474459 0.811983 SUCCESS 128
111011000    1    0    0    1    0    1    0    0  4.474459 0.811983 SUCCESS 129
111011010    0    0    0    0    0    0    0    0  3.366234 0.909320 SUCCESS 130
111011100    0    0    1    0    0    0    0    2  9.202886 0.325471 SUCCESS 131
111100000    0    0    1    0    0    3    0    1 19.398557 0.012868 SUCCESS 132
111100010    0    1    1    0    1    0    0    1  4.843867 0.774126 SUCCESS 133
111100100    0    0    1    0    2    0    3    0 24.496392 0.001891 FAILURE 134
111100110    1    1    0    0    1    0    0    0  4.474459 0.811983 SUCCESS 135
111101000    0    2    0    2    0    0    0    1 14.670130 0.065886 SUCCESS 136
111101010    1    0    0    1    0    0    0    1  4.474459 0.811983 SUCCESS 137
111101100    0    0    0    2    0    1    0    0  9.202886 0.325471 SUCCESS 138
111101110    0    0    1    0    0    0    0    1  4.105051 0.847523 SUCCESS 139
111110000    0    0    0    0    0    2    2    1 14.670130 0.065886 SUCCESS 140
111110010    0    0    0    1    1    0    2    0  9.572294 0.296337 SUCCESS 141
111110100    0    2    0    2    0    0    1    1 15.039538 0.058381 SUCCESS 142
111110110    0    0    0    0    0    2    0    0  8.833478 0.356538 SUCCESS 143
111111000    0    1    0    0    0    2    0    1  9.572294 0.296337 SUCCESS 144
111111010    1    0    0    1    0    1    0    1  4.843867 0.774126 SUCCESS 145
111111100    1    0    0    0    2    1    1    1 10.311111 0.243865 SUCCESS 146
111111110    0    0    1    0    2    3    0    2 29.963636 0.000215 FAILURE 147

		  NONPERIODIC TEMPLATES TEST
-------------------------------------------------------------------------------------
		  COMPUTATIONAL INFORMATION
-------------------------------------------------------------------------------------
	LAMBDA = 0.421875	M = 224	N = 8	m = 9	n = 1792
-------------------------------------------------------------------------------------
		F R E Q U E N C Y
Template   W_1  W_2  W_3  W_4  W_5  W_6  W_7  W_8    Chi^2   P_value Assignment Index
-------------------------------------------------------------------------------------
000000001    0    0    1    1    3    0    1    1 20.137374 0.009829 FAILURE   0
000000011    1    0    1    1    0    0    0    1  4.843867 0.774126 SUCCESS   1
000000101    1    1    0    1    2    0    0    0  9.941703 0.269141 SUCCESS   2
000000111    2    1    1    1    0    0    0    1 10.311111 0.243865 SUCCESS   3
000001001    0    0    0    2    3    0    1    1 24.865801 0.001638 FAILURE   4
000001011    0    0    0    0    0    0    1    0  3.735642 0.880153 SUCCESS   5
000001101    0    0    0    0    0    1    2    0  9.202886 0.325471 SUCCESS   6
000001111    2    1    1    0    0    0    0    2 15.039538 0.058381 SUCCESS   7
000010001    0    1    0    0    0    0    1    0  4.105051 0.847523 SUCCESS   8
000010011    0    1    0    1    1    0    0    2  9.941703 0.269141 SUCCESS   9
000010101    1    1    0    1    1    0    0    1  5.213276 0.734557 SUCCESS  10
000010111    0    0    1    0    0    0    0    0  3.735642 0.880153 SUCCESS  11
000011001    0    0    1    0    1    0    1    1  4.843867 0.774126 SUCCESS  12
000011011    1    0    0    0    1    0    1    1  4.843867 0.774126 SUCCESS  13
000011101    0    0    0    1    0    0    0    2  9.202886 0.325471 SUCCESS  14
000011111    0    1    1    0    0    0    0    2  9.572294 0.296337 SUCCESS  15
000100011    1    1    0    0    0    0    1    1  4.843867 0.774126 SUCCESS  16
000100101    0    1    0    0    0    0    1    0  4.105051 0.847523 SUCCESS  17
000100111    0    0    0    0    1    0    0    1  4.105051 0.847523 SUCCESS  18
000101001    0    0    0    0    1    0    1    0  4.105051 0.847523 SUCCESS  19
000101011    1    1    1    0    0    0    0    0  4.474459 0.811983 SUCCESS  20
000101101    0    0    1    0    1    1    0    0  4.474459 0.811983 SUCCESS  21
000101111    0    0    1    1    0    0    0    0  4.105051 0.847523 SUCCESS  22
000110011    0    1    0    0    0    1    1    0  4.474459 0.811983 SUCCESS  23
000110101    0    1    0    0    0    2    0    0  9.202886 0.325471 SUCCESS  24
000110111    1    0    0    0    1    0    1    2  9.941703 0.269141 SUCCESS  25
000111001    0    1    0    0    0    0    0    0  3.735642 0.880153 SUCCESS  26
000111011    0    1    0    0    0    0    0    1  4.105051 0.847523 SUCCESS  27
000111101    2    0    0    0    0    0    0    0  8.833478 0.356538 SUCCESS  28
000111111    0    0    2    0    0    0    1    0  9.202886 0.325471 SUCCESS  29
001000011    2    0    1    0    1    0    1    0  9.941703 0.269141 SUCCESS  30
001000101    0    1    0    1    1    0    1    0  4.843867 0.774126 SUCCESS  31
001000111    0    1    0    1    0    0    2    0  9.572294 0.296337 SUCCESS  32
001001011    0    1    0    1    0    0    1    0  4.474459 0.811983 SUCCESS  33
001001101    0    0    0    1    0    1    0    1  4.474459 0.811983 SUCCESS  34
001001111    2    0    0    0    1    1    0    1  9.941703 0.269141 SUCCESS  35
001010011    0    0    1    0    1    0    1    0  4.474459 0.811983 SUCCESS  36
001010101    0    0    0    1    1    0    0    1  4.474459 0.811983 SUCCESS  37
001010111    1    1    0    1    0    0    0    0  4.474459 0.811983 SUCCESS  38
001011011    0    0    1    0    1    1    0    0  4.474459 0.811983 SUCCESS  39
001011101    1    0    1    1    1    0    0    0  4.843867 0.774126 SUCCESS  40
001011111    0    0    1    1    2    0    0    0  9.572294 0.296337 SUCCESS  41
001100101    0    0    2    0    2    0    0    0 14.300722 0.074256 SUCCESS  42
001100111    0    1    0    0    1    1    1    0  4.843867 0.774126 SUCCESS  43
001101011    0    0    0    0    0    1    0    0  3.735642 0.880153 SUCCESS  44
001101101    0    0    0    1    0    1    0    1  4.474459 0.811983 SUCCESS  45
001101111    2    1    0    0    1    0    1    0  9.941703 0.269141 SUCCESS  46
001110101    1    0    1    3    0    0    1    1 20.137374 0.009829 FAILURE  47
001110111    0    0    0    0    0    0    0    1  3.735642 0.880153 SUCCESS  48
001111011    0    0    0    0    0    0    1    0  3.735642 0.880153 SUCCESS  49
001111101    1    1    0    1    0    1    0    1  5.213276 0.734557 SUCCESS  50
001111111    0    0    1    0    0    0    1    1  4.474459 0.811983 SUCCESS  51
010000011    0    0    1    0    0    1    0    2  9.572294 0.296337 SUCCESS  52
010000111    0    0    0    0    0    0    0    0  3.366234 0.909320 SUCCESS  53
010001011    0    0    1    1    2    0    1    0  9.941703 0.269141 SUCCESS  54
010001111    0    0    0    0    0    1    2    0  9.202886 0.325471 SUCCESS  55
010010011    0    0    0    1    1    3    0    0 19.398557 0.012868 SUCCESS  56
010010111    0    0    1    2    0    1    0    0  9.572294 0.296337 SUCCESS  57
010011011    0    1    0    1    0    1    0    1  4.843867 0.774126 SUCCESS  58
010011111    1    0    0    0    1    2    1    1 10.311111 0.243865 SUCCESS  59
010100011    0    1    0    0    0    0    0    0  3.735642 0.880153 SUCCESS  60
010100111    0    0    0    0    1    2    2    0 14.670130 0.065886 SUCCESS  61
010101011    0    2    0    0    0    0    0    1  9.202886 0.325471 SUCCESS  62
010101111    1    1    0    0    0    0    0    0  4.105051 0.847523 SUCCESS  63
010110011    0    1    0    0    1    0    1    1  4.843867 0.774126 SUCCESS  64
010110111    0    0    1    0    2    0    1    0  9.572294 0.296337 SUCCESS  65
010111011    1    0    1    0    0    0    0    0  4.105051 0.847523 SUCCESS  66
010111111    0    0    1    1    0    0    0    1  4.474459 0.811983 SUCCESS  67
011000111    0    0    1    2    0    0    0    1  9.572294 0.296337 SUCCESS  68
011001111    0    1    0    0    1    1    1    0  4.843867 0.774126 SUCCESS  69
011010111    0    0    0    0    0    0    0    0  3.366234 0.909320 SUCCESS  70
011011111    0    0    0    0    1    0    0    0  3.735642 0.880153 SUCCESS  71
011101111    0    0    0    0    1    0    0    2  9.202886 0.325471 SUCCESS  72
011111111    0    0    1    0    0    0    0    1  4.105051 0.847523 SUCCESS  73
100000000    0    0    1    1    3    0    1    1 20.137374 0.009829 FAILURE  74
100010000    1    1    1    0    0    0    0    1  4.843867 0.774126 SUCCESS  75
100100000    2    0    1    0    1    1    2    0 15.408947 0.051665 SUCCESS  76
100101000    0    1    0    0    1    0    0    1  4.474459 0.811983 SUCCESS  77
100110000    0    1    0    0    0    0    1    2  9.572294 0.296337 SUCCESS  78
100111000    0    1    0    3    1    1    0    0 19.767965 0.011250 SUCCESS  79
101000000    1    1    0    2    1    0    0    0  9.941703 0.269141 SUCCESS  80
101000100    1    1    0    0    0    0    0    1  4.474459 0.811983 SUCCESS  81
101001000    0    0    1    0    1    0    0    0  4.105051 0.847523 SUCCESS  82
101001100    1    0    1    0    0    0    0    1  4.474459 0.811983 SUCCESS  83
101010000    1    0    0    1    0    0    0    0  4.105051 0.847523 SUCCESS  84
101010100    0    0    0    1    1    1    0    0  4.474459 0.811983 SUCCESS  85
101011000    0    0    0    0    0    0    0    1  3.735642 0.880153 SUCCESS  86
101011100    1    1    0    1    0    0    1    0  4.843867 0.774126 SUCCESS  87
101100000    0    0    0    0    0    0    0    0  3.366234 0.909320 SUCCESS  88
101100100    0    1    1    0    0    0    2    0  9.572294 0.296337 SUCCESS  89
101101000    0    1    1    2    0    1    0    0  9.941703 0.269141 SUCCESS  90
101101100    0    0    1    1    0    2    0    0  9.572294 0.296337 SUCCESS  91
101110000    0    1    0    0    0    0    1    1  4.474459 0.811983 SUCCESS  92
101110100    0    0    0    1    1    0    0    0  4.105051 0.847523 SUCCESS  93
101111000    1    0    0    1    0    0    0    0  4.105051 0.847523 SUCCESS  94
101111100    0    1    0    0    3    0    1    1 19.767965 0.011250 SUCCESS  95
110000000    0    0    0    0    2    0    0    1  9.202886 0.325471 SUCCESS  96
110000010    0    0    0    0    1    0    1    2  9.572294 0.296337 SUCCESS  97
110000100    0    2    1    0    0    0    0    0  9.202886 0.325471 SUCCESS  98
110001000    1    1    0    1    0    0    0    1  4.843867 0.774126 SUCCESS  99
110001010    0    0    1    0    0    0    1    0  4.105051 0.847523 SUCCESS 100
110010000    1    0    0    0    0    1    2    0  9.572294 0.296337 SUCCESS 101
110010010    0    1    2    0    0    0    1    0  9.572294 0.296337 SUCCESS 102
110010100    0    1    1    0    1    0    0    2  9.941703 0.269141 SUCCESS 103
110011000    0    0    0    0    0    0    1    1  4.105051 0.847523 SUCCESS 104
110011010    0    1    0    0    0    1    0    0  4.105051 0.847523 SUCCESS 105
110100000    0    1    0    2    0    0    0    1  9.572294 0.296337 SUCCESS 106
110100010    1    0    1    0    0    0    0    0  4.105051 0.847523 SUCCESS 107
110100100    0    0    0    0    1    1    0    0  4.105051 0.847523 SUCCESS 108
110101000    1    0    0    2    0    0    0    0  9.202886 0.325471 SUCCESS 109
110101010    0    2    0    0    0    1    0    0  9.202886 0.325471 SUCCESS 110
110101100    0    0    1    0    0    0    0    1  4.105051 0.847523 SUCCESS 111
110110000    0    0    0    0    0    0    0    0  3.366234 0.909320 SUCCESS 112
110110010    0    1    0    0    0    1    0    0  4.105051 0.847523 SUCCESS 113
110110100    0    0    0    1    0    2    0    0  9.202886 0.325471 SUCCESS 114
110111000    0    0    1    0    0    0    2    1  9.572294 0.296337 SUCCESS 115
110111010    0    0    0    0    0    0    0    1  3.735642 0.880153 SUCCESS 116
110111100    1    0    0    0    1    0    0    0  4.105051 0.847523 SUCCESS 117
111000000    0    2    0    1    2    0    0    0 14.670130 0.065886 SUCCESS 118
111000010    0    0    1    0    0    0    0    0  3.735642 0.880153 SUCCESS 119
111000100    2    1    0    1    0    1    0    1 10.311111 0.243865 SUCCESS 120
111000110    1    1    1    1    0    0    0    0  4.843867 0.774126 SUCCESS 121
111001000    1    0    0    1    1    1    2    0 10.311111 0.243865 SUCCESS 122
111001010    0    1    0    1    2    0    0    2 15.039538 0.058381 SUCCESS 123
111001100    0    0    0    0    0    0    1    0  3.735642 0.880153 SUCCESS 124
111010000    0    0    1    0    0    0    0    1  4.105051 0.847523 SUCCESS 125
111010010    0    0    0    0    1    1    0    0  4.105051 0.847523 SUCCESS 126
111010100    2    0    0    2    0    1    1    0 15.039538 0.058381 SUCCESS 127
111010110    1    0    1    1    0    0    1    1  5.213276 0.734557 SUCCESS 128
111011000    0    0    1    0    0    0    0    0  3.735642 0.880153 SUCCESS 129
111011010    1    1    0    0    1    1    0    0  4.843867 0.774126 SUCCESS 130
111011100    0    0    0    0    0    1    1    0  4.105051 0.847523 SUCCESS 131
111100000    0    1    0    1    3    0    0    2 24.865801 0.001638 FAILURE 132
111100010    0    0    0    0    0    1    0    0  3.735642 0.880153 SUCCESS 133
111100100    1    0    0    1    0    0    1    0  4.474459 0.811983 SUCCESS 134
111100110    0    0    0    0    0    1    1    0  4.105051 0.847523 SUCCESS 135
111101000    1    0    1    0    0    0    0    1  4.474459 0.811983 SUCCESS 136
111101010    1    0    0    0    0    1    1    0  4.474459 0.811983 SUCCESS 137
111101100    0    1    1    0    0    1    0    0  4.474459 0.811983 SUCCESS 138
111101110    0    0    0    0    0    1    1    0  4.105051 0.847523 SUCCESS 139
111110000    0    0    0    0    3    0    0    3 33.953247 0.000041 FAILURE 140
111110010    0    0    0    1    0    0    1    1  4.474459 0.811983 SUCCESS 141
111110100    1    0    0    0    0    0    0    1  4.105051 0.847523 SUCCESS 142
111110110    0    2    1    1    1    1    0    0 10.311111 0.243865 SUCCESS 143
111111000    0    0    0    0    1    0    0    1  4.105051 0.847523 SUCCESS 144
111111010    0    0    1    0    0    1    1    0  4.474459 0.811983 SUCCESS 145
111111100    0    0    0    0    0    0    0    2  8.833478 0.356538 SUCCESS 146
111111110    0    0    1    0    0    0    0    1  4.105051 0.847523 SUCCESS 147

