0.248208
0.633758
0.247404
0.953621
0.786305
0.773086
0.506291
0.560796
0.294208
0.931539
0.960520
0.883975
0.953621
0.676291
0.293295
0.704476
0.466932
0.904979
0.826867
0.389836
0.717128
0.987653
0.947449
0.690414
0.647943
0.647943
0.325034
0.045513
0.647943
0.303928
0.747375
0.904066
0.223088
0.719781
0.873297
0.441561
0.759667
0.426820
0.215415
0.605458
0.862224
0.378319
0.800526
0.800526
0.148768
0.401567
0.760953
0.045513
0.033540
0.478645
0.747375
0.479886
0.747375
0.947449
0.604114
0.294208
0.223088
0.704476
0.548297
0.633758
0.001019
0.439184
0.604114
0.273714
0.800526
0.546986
0.546986
0.085371
0.647943
0.931539
0.464484
0.633758
0.367020
0.689072
0.248208
0.914309
0.759667
0.883975
0.813249
0.939412
0.704476
0.454154
0.451741
0.323073
0.895193
0.746073
0.045513
0.747375
0.023392
0.674944
0.588703
0.747375
0.506291
0.690414
0.368087
0.826867
0.266415
0.506291
0.180174
0.137970
0.849671
0.838986
0.533291
0.704476
0.194321
0.574706
0.939412
0.874331
0.873297
0.390944
0.980795
0.704476
0.053895
0.647943
0.302993
0.478645
0.746073
0.002770
0.402695
0.676291
0.533291
0.533291
0.746073
0.389836
0.369156
0.719781
0.994611
0.378319
0.390944
0.588703
0.787553
0.812049
0.096600
0.440372
0.873297
0.849671
0.336464
0.588703
0.021304
0.774354
0.914309
0.356987
0.368087
0.452947
0.814447
0.214696
0.392054
0.689072
0.479886
0.356987
0.347137
0.143283
0.813249
0.519722
0.813249
0.719781
0.043437
0.690414
0.913441
0.378319
0.201385
0.265566
0.008898
0.838986
0.491752
0.313876
0.895193
0.096600
0.142769
0.760953
0.122137
0.533291
0.632408
0.588703
0.922345
0.590040
0.662127
0.660777
0.255950
0.746073
0.632408
0.633758
0.223088
0.265566
0.439184
0.215415
0.008454
0.826867
0.239863
0.012252
0.284717
0.604114
0.914309
0.838986
0.947449
0.733643
0.800526
0.759667
0.546986
0.001523
0.677638
0.632408
0.521008
0.604114
0.008780
0.519722
0.632408
0.283825
0.953621
0.108712
0.414655
0.265566
0.193659
0.117944
0.466932
0.660777
0.491752
0.913441
0.560796
0.813249
0.718455
0.000786
0.479886
0.069683
0.390944
0.519722
0.390944
0.293295
0.075910
0.774354
0.264719
0.302993
0.230975
0.427989
0.674944
0.013548
0.466932
0.746073
0.733643
0.662127
0.718455
0.533291
0.355942
0.058830
0.127851
0.192340
0.390944
0.588703
0.505019
0.104534
0.633758
0.533291
0.478645
0.923168
0.369156
0.799301
0.148238
0.801749
0.256775
0.838986
0.992701
0.939412
0.506291
0.863295
0.533291
0.632408
0.173124
0.602771
0.414655
0.166888
0.546986
0.904979
0.733643
0.440372
0.491752
0.440372
0.660777
0.825697
0.109118
0.775620
0.367020
0.214696
0.257603
0.356987
0.676291
0.873297
0.085371
0.984461
0.799301
0.427989
0.127386
0.282935
0.996154
0.562117
0.415805
0.000786
0.063671
0.546986
0.024351
0.788799
0.247404
0.378319
0.849671
0.775620
0.313876
0.914309
0.491752
0.548297
0.946775
0.971500
0.336464
0.689072
0.747375
0.255126
0.454154
0.200024
0.264719
0.531993
0.562117
0.531993
0.987653
0.531993
0.302993
0.760953
0.591378
0.576036
0.368087
0.837846
0.429160
0.293295
0.519722
0.676291
0.837846
0.826867
0.100876
0.479886
0.632408
0.826867
0.324052
0.439184
0.186175
0.590040
0.264719
0.863295
0.676291
0.346111
0.126922
0.239080
0.862224
0.491752
0.923168
0.380496
0.415805
0.850780
0.427989
0.414655
0.618242
0.439184
0.814447
0.493009
0.616895
0.760953
0.230975
0.850780
0.894238
0.427989
0.003529
0.038349
0.602771
0.200024
0.063671
0.533291
0.379407
0.965746
0.293295
0.427989
0.824524
0.018620
0.862224
0.940135
0.676291
0.718455
0.914309
0.732328
0.990391
0.069956
0.440372
0.775620
0.491752
0.166304
0.703140
0.954246
0.159711
0.534590
0.732328
0.838986
0.231738
0.017085
0.479886
0.862224
0.030483
0.230215
0.773086
0.960520
0.619590
0.283825
0.990391
0.904979
0.590040
0.267266
0.604114
0.825697
0.032110
0.872259
0.142769
0.604114
0.718455
0.590040
0.960520
0.545677
0.030610
0.631057
0.117944
0.160842
0.380496
0.838986
0.704476
0.971500
0.884971
0.704476
0.971500
0.660777
0.546986
0.660777
0.479886
0.588703
0.533291
0.043437
0.293295
0.231738
0.001523
0.346111
0.247404
0.200024
0.117944
0.533291
0.521008
0.104144
0.282935
0.619590
0.690414
0.882976
0.774354
0.017799
0.718455
0.931539
0.153884
0.192998
0.531993
0.148238
0.801749
0.324052
0.283825
0.441561
0.075617
0.774354
0.676291
0.312919
0.201385
0.505019
0.674944
0.200024
0.414655
0.324052
0.333456
0.014716
0.416957
0.747375
0.863295
0.369156
0.562117
0.178931
0.179551
0.954246
0.602771
0.826867
0.302059
0.427989
0.719781
0.265566
0.025670
0.994611
0.178931
0.173124
0.862224
0.200704
0.082001
0.894238
0.108712
0.814447
0.647943
0.662127
0.336464
0.838986
0.437998
0.838986
0.117944
0.054111
0.862224
0.452947
0.293295
0.747375
0.451741
0.160275
0.838986
0.325034
0.165722
0.284717
0.117944
0.616895
0.506291
0.676291
0.873297
0.519722
0.673596
0.674944
0.646592
0.082001
0.215415
0.029298
0.660777
0.718455
0.104534
0.704476
0.379407
0.904979
0.660777
0.800526
0.303928
0.137970
0.239863
0.546986
0.049741
0.185536
0.283825
0.533291
0.303928
0.954246
0.302993
0.576036
0.966271
0.247404
0.674944
0.913441
0.013548
0.248208
0.774354
0.096965
0.466932
0.883975
0.660777
0.041619
0.025670
0.200704
0.953621
0.787553
0.089204
0.940135
0.379407
0.704476
0.976214
0.717128
0.247404
0.862224
0.733643
0.591378
0.051884
0.914309
0.674944
0.923168
0.246602
0.491752
0.466932
0.493009
0.334456
0.588703
0.747375
0.240648
0.966271
0.618242
0.800526
0.284717
0.618242
0.173124
0.703140
0.378319
0.505019
0.562117
0.282935
0.302993
0.914309
0.005481
0.255950
0.533291
0.248208
0.465707
0.401567
0.323073
0.441561
0.813249
0.646592
0.801749
0.425653
0.404957
0.704476
0.825697
0.452947
0.440372
0.931539
0.825697
0.947449
0.813249
0.838986
0.718455
0.429160
0.439184
0.631057
0.801749
0.826867
0.345087
0.618242
0.404957
0.066354
0.760953
0.788799
0.389836
0.931539
0.015536
0.160842
0.533291
0.088527
0.980795
0.051676
0.574706
0.178931
0.333456
0.034884
0.479886
0.215415
0.759667
0.255950
0.662127
0.479886
0.873297
0.774354
0.479886
0.560796
0.838986
0.222348
0.914309
0.345087
0.154431
0.283825
0.862224
0.255126
0.414655
0.618242
0.744770
0.560796
0.414655
0.248208
0.759667
0.574706
0.923168
0.356987
0.061328
0.247404
0.490497
0.732328
0.546986
0.719781
0.022563
0.931539
0.533291
0.222348
0.505019
0.100876
0.602771
0.096600
0.215415
0.294208
0.773086
0.264719
0.690414
0.294208
0.265566
0.302993
0.732328
0.576036
0.172521
0.379407
0.200024
0.773086
0.674944
0.662127
0.325034
0.590040
0.354898
0.186175
0.085699
0.333456
0.787553
0.931539
0.984461
0.335459
0.531993
0.302993
0.314836
0.873297
0.085699
0.465707
0.506291
0.704476
0.517152
0.185536
0.662127
0.313876
0.604114
0.534590
0.518436
0.746073
0.051676
0.345087
0.255950
0.061571
0.215415
0.660777
0.109118
0.004096
0.414655
0.773086
0.954246
0.605458
0.813249
0.333456
0.747375
0.801749
0.478645
0.759667
0.850780
0.239080
0.719781
0.108712
0.746073
0.838986
0.533291
0.426820
0.914309
0.284717
0.719781
0.518436
0.002258
0.976214
0.178931
0.814447
0.302993
0.274582
0.427989
0.452947
0.718455
0.660777
0.026830
0.427989
0.186175
0.200704
0.207955
0.452947
0.247404
0.837846
0.069411
0.895193
0.401567
0.414655
0.427989
0.992701
0.874331
0.049342
0.931539
0.923168
0.440372
0.825697
0.355942
0.466932
0.884971
0.401567
0.838986
0.367020
0.478645
0.075617
0.676291
0.414655
0.173124
0.760953
0.345087
0.562117
0.862224
0.825697
0.825697
0.960520
0.465707
0.390944
0.602771
0.894238
0.334456
0.773086
0.061328
0.089544
0.192998
0.173727
0.588703
0.230975
0.862224
0.441561
0.605458
0.646592
0.344064
0.548297
0.631057
0.275453
0.082001
0.452947
0.001367
0.491752
0.760953
0.813249
0.940135
0.923168
0.759667
0.441561
0.230215
0.904979
0.689072
0.154431
0.800526
0.058830
0.895193
0.294208
0.732328
0.931539
0.303928
0.873297
0.850780
0.954246
0.345087
0.123036
0.718455
0.838986
0.413507
0.390944
0.369156
0.440372
0.491752
0.873297
0.200024
0.368087
0.774354
0.825697
0.704476
0.534590
0.576036
0.604114
0.939412
0.533291
0.346111
0.976214
0.676291
0.465707
0.166304
0.976214
0.690414
0.618242
0.464484
0.773086
0.862224
0.283825
0.954246
0.063922
0.334456
0.038192
0.674944
0.490497
0.367020
0.560796
0.414655
0.440372
0.414655
0.325034
0.302993
0.075324
0.113456
0.904979
0.718455
0.007312
0.478645
0.493009
0.324052
0.005226
0.089204
0.913441
0.266415
0.324052
0.465707
0.075324
0.662127
0.814447
0.545677
0.255950
0.588703
0.850780
0.493009
0.355942
0.775620
0.703140
0.439184
0.266415
0.718455
0.200704
0.774354
0.884971
0.774354
0.814447
0.801749
0.913441
0.545677
0.800526
0.172521
0.179551
0.200024
0.402695
0.800526
0.193659
0.045513
0.775620
0.787553
0.676291
0.633758
0.946775
0.914309
0.960520
0.813249
0.560796
0.137970
0.029298
0.837846
0.718455
0.904979
0.056650
0.676291
0.590040
0.053895
0.117510
0.452947
0.038192
0.618242
0.717128
0.966271
0.954246
0.616895
0.588703
0.662127
0.333456
0.760953
0.799301
0.996154
0.199346
0.774354
0.587367
0.883975
0.478645
0.576036
0.618242
0.326017
0.378319
0.143283
0.861150
0.334456
0.604114
0.402695
0.465707
0.800526
0.324052
0.521008
0.718455
0.439184
0.230975
0.633758
0.931539
0.137473
0.837846
0.001061
0.914309
0.760953
0.850780
0.980795
0.479886
0.718455
0.746073
0.674944
0.914309
0.774354
0.546986
0.441561
0.415805
0.873297
0.814447
0.732328
0.061086
0.873297
0.214696
0.066877
0.760953
0.345087
0.960520
0.493009
0.813249
0.505019
0.732328
0.971500
0.774354
0.960520
0.884971
0.313876
0.293295
0.923168
0.334456
0.452947
0.122586
0.255950
0.573378
0.813249
0.953621
0.992701
0.426820
0.379407
0.760953
0.825697
0.072595
0.533291
0.265566
0.632408
0.618242
0.733643
0.574706
0.946775
0.401567
0.717128
0.914309
0.954246
0.940135
0.024558
0.392054
0.132347
0.274582
0.850780
0.760953
0.992701
0.186175
0.914309
0.534590
0.923168
0.546986
0.718455
0.030610
0.931539
0.415805
0.718455
0.719781
0.874331
0.179551
0.223088
0.931539
0.894238
0.873297
0.576036
0.590040
0.264719
0.283825
0.862224
0.960520
0.478645
0.441561
0.166888
0.367020
0.439184
0.914309
0.662127
0.588703
0.117944
0.346111
0.562117
0.774354
0.774354
0.705811
0.719781
0.519722
0.800526
0.980420
0.999009
0.427989
0.560796
0.122586
0.813249
0.632408
0.545677
0.072595
0.200024
0.166304
0.043437
0.284717
0.014121
0.590040
0.546986
0.923168
0.401567
0.356987
0.774354
0.248208
0.104144
0.931539
0.647943
0.759667
0.560796
0.100498
0.618242
0.904066
0.302993
0.239080
0.312919
0.574706
0.238299
0.850780
0.493009
0.647943
0.092485
0.427989
0.466932
0.576036
0.947449
0.215415
0.674944
0.787553
0.717128
0.415805
0.215415
0.264719
0.676291
0.380496
0.904066
0.239080
0.127386
0.690414
0.931539
0.223830
0.732328
0.303928
0.850780
0.883975
0.883975
0.646592
0.662127
0.966271
0.295124
0.265566
0.402695
0.954246
0.946775
0.647943
0.166888
0.180174
0.429160
0.705811
0.574706
0.947449
0.560796
0.646592
0.142769
0.132347
0.439184
0.646592
0.717128
0.966271
0.873297
0.026717
0.773086
0.619590
0.100498
0.862224
0.774354
0.441561
0.733643
0.248208
0.976214
0.334456
0.996154
0.427989
0.987369
0.127386
0.825697
0.966271
0.894238
0.016188
0.801749
0.312919
0.676291
0.719781
0.000822
0.719781
0.505019
0.631057
0.590040
0.704476
0.440372
0.294208
0.718455
0.616895
0.427989
0.633758
0.413507
0.255950
0.122137
0.760953
0.546986
0.862224
0.012885
0.605458
0.064174
0.676291
0.358035
0.104144
0.801749
0.746073
0.826867
0.402695
0.493009
0.113877
0.284717
0.294208
0.402695
0.100498
0.505019
0.379407
0.531993
0.773086
0.531993
0.072313
0.814447
0.092837
0.647943
0.646592
0.034884
0.345087
0.746073
0.082001
0.505019
0.491752
0.061328
0.980795
0.703140
0.576036
0.787553
0.464484
0.200024
0.747375
0.759667
0.690414
0.704476
0.971500
0.003362
0.127851
0.863295
0.425653
0.895193
0.282935
0.012252
0.059534
0.813249
0.066615
0.801749
0.011173
0.618242
0.172521
0.172521
0.478645
0.732328
0.774354
0.192998
0.602771
0.082001
0.045513
0.837846
0.904066
0.148768
0.849671
0.025670
0.477405
0.200704
0.800526
0.760953
0.312919
0.427989
0.303928
0.379407
0.324052
0.378319
0.192340
0.122586
0.960520
0.838986
0.718455
0.439184
0.072595
0.123036
0.379407
0.045329
0.505019
0.562117
0.863295
0.479886
0.159711
0.604114
0.012306
0.647943
0.248208
0.534590
0.971500
0.493009
0.883975
0.403825
0.039871
0.507563
0.773086
0.185536
0.732328
0.416957
0.733643
0.122586
0.355942
0.493009
0.874331
0.576036
0.117510
0.895193
0.984461
0.054111
0.276325
0.122137
0.089204
0.143283
0.075324
0.123036
0.914309
0.813249
0.392054
0.096600
0.960520
0.760953
0.676291
0.323073
0.415805
0.477405
0.747375
0.632408
0.732328
0.303928
0.200024
0.491752
0.283825
0.440372
0.313876
0.602771
0.479886
0.414655
0.744770
0.904979
0.850780
0.368087
0.862224
0.632408
0.574706
0.774354
0.800526
0.426820
0.862224
0.718455
0.574706
0.314836
0.631057
0.946775
0.007663
0.324052
0.812049
0.009680
0.026830
0.075617
0.193659
0.531993
0.239863
0.813249
0.746073
0.479886
0.605458
0.939412
0.862224
0.966271
0.023392
0.705811
0.451741
0.773086
0.914309
0.913441
0.493009
0.142769
0.646592
0.546986
0.825697
0.939412
0.960520
0.546986
0.662127
0.787553
0.478645
0.440372
0.576036
0.788799
0.186175
0.873297
0.719781
0.704476
0.368087
0.838986
0.179551
0.186175
0.966271
0.631057
0.506291
0.904066
0.760953
0.389836
0.647943
0.647943
0.368087
0.632408
0.704476
0.159711
0.826867
0.022372
0.479886
0.960520
0.904066
0.058830
0.646592
0.923168
0.367020
0.066615
0.154431
0.346111
0.392054
0.719781
0.392054
0.904066
0.588703
0.493009
0.491752
0.295124
0.323073
0.953621
0.718455
0.246602
0.356987
0.531993
0.616895
0.096600
0.646592
0.001855
0.222348
0.931539
0.284717
0.293295
0.605458
0.148238
0.616895
0.894238
0.454154
0.335459
0.689072
0.646592
0.837846
0.602771
0.633758
0.990149
0.718455
0.662127
0.265566
0.826867
0.850780
0.069683
0.058597
0.505019
0.002258
0.996154
0.862224
0.020459
0.025562
0.800526
0.590040
0.923168
0.464484
0.953621
0.646592
0.775620
0.690414
0.172521
0.392054
0.056425
0.294208
0.704476
0.045513
0.774354
0.186816
0.082001
0.633758
0.491752
0.747375
0.939412
0.166888
0.505019
0.825697
0.813249
0.345087
0.914309
0.987653
0.546986
0.012885
0.826867
0.334456
0.441561
0.966271
0.491752
0.980420
0.085371
0.465707
0.884971
0.240648
0.588703
0.616895
0.799301
0.390944
0.335459
0.573378
0.416957
0.587367
0.923168
0.006319
0.072313
0.647943
0.923168
0.293295
0.017875
0.616895
0.703140
0.051676
0.954246
0.931539
0.939412
0.647943
0.207255
0.356987
0.990391
0.774354
0.425653
0.662127
0.904979
0.466932
0.109118
0.704476
0.704476
0.100498
0.414655
0.214696
0.118379
0.334456
0.913441
0.454154
0.987369
0.333456
0.850780
0.704476
0.034884
0.223830
0.323073
0.813249
0.774354
0.732328
0.075324
0.143283
0.602771
0.801749
0.208656
0.999451
0.813249
0.012828
0.947449
0.562117
0.256775
0.976214
0.760953
0.451741
0.128318
0.850780
0.895193
0.108712
0.759667
0.249015
0.255950
0.588703
0.403825
0.674944
0.588703
0.173124
0.493009
0.160842
0.402695
0.861150
0.324052
0.454154
0.760953
0.365956
0.072595
0.440372
0.007344
0.016258
0.479886
0.477405
0.914309
0.045146
0.117944
0.230975
0.947449
0.192998
0.976214
0.939412
0.633758
0.173727
0.045513
0.283825
0.246602
0.479886
0.137473
0.759667
0.894238
0.659427
0.173124
0.477405
0.160275
0.997466
0.312919
0.063922
0.255950
0.590040
0.402695
0.082317
0.519722
0.838986
0.660777
0.014182
0.465707
0.904979
0.732328
0.123488
0.025562
0.588703
0.392054
0.403825
0.966271
0.056425
0.825697
0.011701
0.591378
0.356987
0.605458
0.732328
0.546986
0.894238
0.939412
0.662127
0.931539
0.999009
0.505019
0.302993
0.718455
0.813249
0.148238
0.173124
0.223088
0.185536
0.295124
0.117944
0.548297
0.801749
0.064174
0.273714
0.506291
0.143283
0.200704
0.519722
0.759667
0.378319
0.222348
0.491752
0.645241
0.273714
0.618242
0.078447
0.294208
0.914309
0.464484
0.346111
0.004707
0.465707
0.704476
0.825697
0.295124
0.082317
0.415805
0.960520
0.303928
0.274582
0.894238
0.719781
0.478645
0.560796
0.043614
0.439184
0.075324
0.427989
0.041619
0.505019
0.179551
0.354898
0.646592
0.605458
0.862224
0.923168
0.304866
0.923168
0.850780
0.160275
0.923168
0.049342
0.173727
0.505019
0.302993
0.441561
0.618242
0.194321
0.691757
0.825697
0.760953
0.980795
0.894238
0.939412
0.256775
0.984461
0.786305
0.302993
0.148238
0.192998
0.200024
0.873297
0.142769
0.283825
0.355942
0.954246
0.838986
0.732328
0.546986
0.478645
0.747375
0.884971
0.576036
0.425653
0.127386
0.923168
0.560796
0.932311
0.704476
0.075617
0.788799
0.314836
0.304866
0.862224
0.390944
0.122586
0.505019
0.334456
0.014780
0.574706
0.674944
0.947449
0.036578
0.142769
0.303928
0.813249
0.719781
0.904066
0.104534
0.193659
0.336464
0.257603
0.224574
0.034884
0.223830
0.172521
0.439184
0.574706
0.894238
0.618242
0.000078
0.380496
0.378319
0.426820
0.999890
0.464484
0.747375
0.274582
0.004960
0.705811
0.172521
0.427989
0.078751
0.035028
0.036578
0.814447
0.719781
0.825697
0.954246
0.574706
0.293295
0.588703
0.003886
0.192998
0.427989
0.733643
0.367020
0.193659
0.100876
0.602771
0.223830
0.747375
0.274582
0.478645
0.392054
0.017085
0.049541
0.100498
0.075617
0.980795
0.971500
0.215415
0.179551
0.452947
0.703140
0.759667
0.633758
0.426820
0.676291
0.704476
0.984133
0.813249
0.546986
0.590040
0.000747
0.718455
0.850780
0.345087
0.345087
0.096965
0.088865
0.533291
0.346111
0.494267
0.800526
0.704476
0.214696
0.018620
0.548297
0.690414
0.533291
0.946775
0.324052
0.274582
0.946775
0.491752
0.333456
0.862224
0.787553
0.052301
0.813249
0.334456
0.646592
0.546986
0.787553
0.047488
0.239080
0.313876
0.946775
0.732328
0.302993
0.001855
0.873297
0.850780
0.192998
0.239080
0.003886
0.618242
0.576036
0.546986
0.913441
0.148768
0.505019
0.166888
0.239080
0.207255
0.020546
0.825697
0.186175
0.324052
0.427989
0.148768
0.122137
0.367020
0.774354
0.127851
0.705811
0.185536
0.230975
0.559476
0.137970
0.533291
0.380496
0.960520
0.491752
0.200024
0.799301
0.223830
0.774354
0.192340
0.185536
0.178931
0.355942
0.647943
0.138469
0.904066
0.545677
0.334456
0.837846
0.092837
0.825697
0.506291
0.402695
0.454154
0.186816
0.160842
0.265566
0.264719
0.873297
0.132347
0.465707
0.493009
0.718455
0.019477
0.035028
0.192340
0.274582
0.314836
0.996154
0.415805
0.914309
0.591378
0.247404
0.491752
0.178931
0.506291
0.506291
0.838986
0.862224
0.813249
0.066615
0.618242
0.618242
0.826867
0.718455
0.368087
0.058597
0.546986
0.345087
0.132347
0.813249
0.049741
0.874331
0.389836
0.883975
0.980420
0.548297
0.747375
0.069411
0.546986
0.166304
0.646592
0.390944
0.154431
0.849671
0.274582
0.132347
0.813249
0.704476
0.223088
0.392054
0.303928
0.850780
0.574706
0.825697
0.354898
0.248208
0.895193
0.987369
0.239863
0.690414
0.231738
0.704476
0.192998
0.904979
0.324052
0.066615
0.953621
0.122586
0.719781
0.760953
0.590040
0.646592
0.153884
0.274582
0.323073
0.324052
0.605458
0.440372
0.333456
0.531993
0.368087
0.293295
0.704476
0.200704
0.838986
0.154980
0.324052
0.676291
0.904066
0.275453
0.008416
0.953621
0.255950
0.066615
0.574706
0.127851
0.862224
0.747375
0.632408
0.874331
0.894238
0.117510
0.215415
0.992701
0.000009
0.441561
0.356987
0.874331
0.646592
0.264719
0.931539
0.760953
0.148238
0.368087
0.602771
0.676291
0.718455
0.493009
0.000060
0.971500
0.590040
0.265566
0.939412
0.576036
0.647943
0.826867
0.533291
0.677638
0.214696
0.088527
0.216137
0.401567
0.703140
0.479886
0.534590
0.786305
0.003066
0.292383
0.018540
0.787553
0.676291
0.355942
0.602771
0.674944
0.904066
0.862224
0.414655
0.478645
0.379407
0.746073
0.230215
0.895193
0.045513
0.192340
0.518436
0.647943
0.746073
0.023392
0.954246
0.826867
0.160842
0.344064
0.747375
0.966271
0.379407
0.548297
0.024454
0.230215
0.574706
0.003921
0.160275
0.379407
0.719781
0.923168
0.441561
0.464484
0.215415
0.647943
0.560796
0.427989
0.192340
0.894238
0.491752
0.092837
0.506291
0.662127
0.718455
0.493009
0.215415
0.000964
0.192998
0.274582
0.971500
0.032110
0.923168
0.200704
0.874331
0.026830
0.265566
0.104926
0.633758
0.826867
0.022372
0.413507
0.194321
0.004487
0.506291
0.063922
0.334456
0.953621
0.493009
0.505019
0.031977
0.590040
0.838986
0.355942
0.266415
0.239863
0.214696
0.760953
0.914309
0.123036
0.378319
0.774354
0.904979
0.646592
0.004487
0.127386
0.719781
0.302059
0.402695
0.161409
0.660777
0.939412
0.034884
0.787553
0.192998
0.760953
0.028038
0.493009
0.984133
0.230215
0.588703
0.302993
0.533291
0.293295
0.493009
0.369156
0.646592
0.590040
0.773086
0.814447
0.966271
0.631057
0.904066
0.954246
0.043614
0.160842
0.704476
0.415805
0.747375
0.117510
0.760953
0.274582
0.519722
0.960520
0.631057
0.088865
0.123036
0.000088
0.646592
0.873297
0.760953
0.966271
0.787553
0.192998
0.165722
0.732328
0.904066
0.451741
0.984461
0.533291
0.477405
0.324052
0.825697
0.719781
0.293295
0.507563
0.122137
0.427989
0.030738
0.825697
0.774354
0.143283
0.531993
0.086027
0.108712
0.426820
0.255950
0.263874
0.069411
0.284717
0.264719
0.676291
0.733643
0.647943
0.787553
0.215415
0.222348
0.801749
0.230975
0.787553
0.813249
0.872259
0.165722
0.283825
0.588703
0.718455
0.660777
0.616895
0.336464
0.814447
0.465707
0.838986
0.346111
0.662127
0.850780
0.354898
0.746073
0.275453
0.562117
0.677638
0.172521
0.647943
0.013489
0.746073
0.230215
0.616895
0.923168
0.427989
0.100498
0.800526
0.127386
0.179551
0.574706
0.302993
0.390944
0.085699
0.092837
0.491752
0.931539
0.295124
0.533291
0.172521
0.127851
0.466932
0.813249
0.293295
0.590040
0.425653
0.018620
0.063922
0.533291
0.971500
0.774354
0.518436
0.478645
0.562117
0.230975
0.427989
0.619590
0.826867
0.016188
0.200024
0.746073
0.293295
0.355942
0.200704
0.284717
0.914309
0.718455
0.478645
0.545677
0.946775
0.314836
0.154431
0.646592
0.619590
0.324052
0.283825
