0.861831
0.856028
0.850132
0.856028
0.856028
0.412837
0.850132
0.406722
0.844144
0.867537
0.850132
0.861831
0.412837
0.844144
0.856028
0.850132
0.394656
0.394656
0.856028
0.850132
0.844144
0.844144
0.856028
0.856028
0.844144
0.856028
0.400661
0.867537
0.033587
0.400661
0.856028
0.400661
0.850132
0.838070
0.406722
0.412837
0.125988
0.400661
0.850132
0.400661
0.412837
0.844144
0.850132
0.856028
0.131006
0.856028
0.400661
0.406722
0.867537
0.400661
0.412837
0.406722
0.007460
0.406722
0.131006
0.400661
0.850132
0.400661
0.850132
0.034340
0.394656
0.400661
0.400661
0.831911
0.000275
0.125988
0.861831
0.400661
0.861831
0.850132
0.850132
0.007460
0.856028
0.400661
0.861831
0.861831
0.406722
0.850132
0.850132
0.406722
0.861831
0.850132
0.850132
0.856028
0.035894
0.032849
0.861831
0.850132
0.856028
0.406722
0.034340
0.400661
0.856028
0.867537
0.125988
0.406722
0.844144
0.133579
0.133579
0.861831
0.850132
0.400661
0.400661
0.406722
0.406722
0.128476
0.850132
0.844144
0.856028
0.861831
0.033587
0.400661
0.861831
0.400661
0.400661
0.850132
0.867537
0.406722
0.856028
0.406722
0.856028
0.033587
0.844144
0.856028
0.850132
0.856028
0.400661
0.856028
0.394656
0.856028
0.406722
0.850132
0.406722
0.831911
0.033587
0.128476
0.406722
0.850132
0.861831
0.406722
0.850132
0.406722
0.000053
0.034340
0.406722
0.128476
0.838070
0.400661
0.844144
0.850132
0.123541
0.850132
0.850132
0.844144
0.394656
0.406722
0.856028
0.394656
0.844144
0.125988
0.850132
0.394656
0.850132
0.406722
0.856028
0.856028
0.412837
0.856028
0.856028
0.412837
0.406722
0.844144
0.400661
0.850132
0.844144
0.844144
0.412837
0.406722
0.844144
0.867537
0.850132
0.131006
0.032126
0.400661
0.856028
0.856028
0.844144
0.850132
0.856028
0.861831
0.400661
0.400661
0.400661
0.838070
0.400661
0.856028
0.406722
0.406722
0.850132
0.412837
0.850132
0.850132
0.856028
0.844144
0.406722
0.850132
0.844144
0.850132
0.844144
0.400661
0.850132
0.856028
0.394656
0.856028
0.406722
0.856028
0.400661
0.125988
0.412837
0.850132
0.131006
0.850132
0.844144
0.406722
0.131006
0.406722
0.406722
0.394656
0.406722
0.867537
0.125988
0.394656
0.131006
0.406722
0.125988
0.850132
0.850132
0.007641
0.406722
0.856028
0.856028
0.856028
0.856028
0.861831
0.861831
0.856028
0.856028
0.412837
0.850132
0.838070
0.034340
0.131006
0.861831
0.406722
0.850132
0.856028
0.388705
0.032849
0.400661
0.032126
0.856028
0.412837
0.394656
0.400661
0.856028
0.861831
0.850132
0.844144
0.125988
0.850132
0.850132
0.831911
0.856028
0.850132
0.856028
0.406722
0.034340
0.394656
0.406722
0.412837
0.861831
0.844144
0.850132
0.856028
0.406722
0.850132
0.856028
0.394656
0.856028
0.850132
0.850132
0.856028
0.844144
0.406722
0.861831
0.850132
0.034340
0.034340
0.861831
0.844144
0.000290
0.861831
0.400661
0.406722
0.850132
0.000305
0.856028
0.856028
0.844144
0.844144
0.406722
0.400661
0.007283
0.400661
0.400661
0.419005
0.844144
0.400661
0.856028
0.844144
0.007283
0.400661
0.128476
0.861831
0.412837
0.001429
0.406722
0.406722
0.394656
0.007110
0.856028
0.035109
0.128476
0.850132
0.844144
0.000313
0.856028
0.406722
0.412837
0.838070
0.131006
0.856028
0.007826
0.128476
0.861831
0.856028
0.850132
0.001465
0.007460
0.850132
0.861831
0.125988
0.856028
0.033587
0.406722
0.844144
0.406722
0.131006
0.856028
0.128476
0.406722
0.856028
0.400661
0.400661
0.856028
0.861831
0.844144
0.850132
0.856028
0.850132
0.406722
0.867537
0.856028
0.856028
0.007460
0.394656
0.838070
0.856028
0.400661
0.400661
0.850132
0.838070
0.850132
0.850132
0.406722
0.856028
0.419005
0.007460
0.133579
0.850132
0.406722
0.850132
0.406722
0.850132
0.850132
0.033587
0.033587
0.850132
0.850132
0.034340
0.400661
0.856028
0.388705
0.844144
0.400661
0.412837
0.844144
0.131006
0.400661
0.419005
0.867537
0.850132
0.400661
0.419005
0.850132
0.400661
0.856028
0.400661
0.844144
0.412837
0.831911
0.123541
0.400661
0.850132
0.850132
0.861831
0.850132
0.412837
0.856028
0.400661
0.394656
0.844144
0.825671
0.856028
0.856028
0.412837
0.838070
0.861831
0.007283
0.856028
0.838070
0.007460
0.400661
0.850132
0.844144
0.388705
0.412837
0.400661
0.861831
0.394656
0.128476
0.400661
0.412837
0.419005
0.125988
0.838070
0.850132
0.850132
0.388705
0.406722
0.856028
0.850132
0.131006
0.412837
0.388705
0.131006
0.412837
0.844144
0.850132
0.856028
0.412837
0.400661
0.412837
0.007826
0.861831
0.850132
0.412837
0.844144
0.400661
0.867537
0.850132
0.400661
0.394656
0.844144
0.007283
0.850132
0.419005
0.406722
0.850132
0.400661
0.867537
0.128476
0.850132
0.856028
0.856028
0.033587
0.007460
0.856028
0.035109
0.133579
0.856028
0.000053
0.838070
0.861831
0.419005
0.406722
0.844144
0.844144
0.125988
0.400661
0.394656
0.850132
0.838070
0.844144
0.400661
0.861831
0.850132
0.856028
0.844144
0.856028
0.394656
0.867537
0.123541
0.394656
0.406722
0.406722
0.856028
0.394656
0.861831
0.844144
0.844144
0.844144
0.861831
0.400661
0.388705
0.850132
0.844144
0.850132
0.844144
0.831911
0.825671
0.034340
0.844144
0.856028
0.838070
0.394656
0.412837
0.856028
0.000268
0.406722
0.394656
0.007460
0.850132
0.861831
0.850132
0.400661
0.400661
0.033587
0.838070
0.856028
0.844144
0.850132
0.406722
0.394656
0.861831
0.861831
0.844144
0.035109
0.000305
0.838070
0.406722
0.133579
0.400661
0.400661
0.850132
0.856028
0.007641
0.406722
0.861831
0.007641
0.831911
0.861831
0.406722
0.867537
0.844144
0.861831
0.400661
0.400661
0.406722
0.419005
0.850132
0.856028
0.419005
0.856028
0.856028
0.861831
0.388705
0.412837
0.406722
0.861831
0.412837
0.123541
0.394656
0.844144
0.400661
0.406722
0.133579
0.406722
0.406722
0.856028
0.007641
0.406722
0.394656
0.844144
0.850132
0.844144
0.850132
0.856028
0.850132
0.400661
0.131006
0.856028
0.856028
0.400661
0.035109
0.419005
0.844144
0.406722
0.412837
0.412837
0.125988
0.850132
0.850132
0.850132
0.406722
0.838070
0.844144
0.412837
0.856028
0.850132
0.850132
0.128476
0.400661
0.850132
0.128476
0.131006
0.850132
0.000290
0.856028
0.850132
0.850132
0.856028
0.131006
0.861831
0.861831
0.400661
0.400661
0.838070
0.850132
0.007826
0.861831
0.007641
0.394656
0.394656
0.406722
0.856028
0.419005
0.850132
0.406722
0.850132
0.032849
0.128476
0.861831
0.406722
0.844144
0.394656
0.861831
0.131006
0.861831
0.123541
0.412837
0.850132
0.406722
0.856028
0.825671
0.394656
0.856028
0.394656
0.856028
0.850132
0.406722
0.856028
0.856028
0.856028
0.406722
0.406722
0.856028
0.406722
0.850132
0.406722
0.861831
0.412837
0.412837
0.850132
0.838070
0.850132
0.419005
0.856028
0.001503
0.412837
0.035109
0.031418
0.861831
0.419005
0.400661
0.400661
0.394656
0.388705
0.844144
0.412837
0.850132
0.400661
0.131006
0.850132
0.856028
0.867537
0.394656
0.400661
0.394656
0.861831
0.856028
0.000050
0.412837
0.838070
0.388705
0.861831
0.861831
0.400661
0.861831
0.856028
0.844144
0.850132
0.838070
0.844144
0.856028
0.844144
0.850132
0.419005
0.856028
0.861831
0.838070
0.861831
0.861831
0.850132
0.400661
0.861831
0.856028
0.844144
0.850132
0.035109
0.388705
0.400661
0.861831
0.850132
0.850132
0.412837
0.394656
0.406722
0.131006
0.419005
0.406722
0.856028
0.856028
0.133579
0.125988
0.861831
0.406722
0.838070
0.388705
0.406722
0.400661
0.388705
0.850132
0.394656
0.850132
0.856028
0.406722
0.400661
0.856028
0.850132
0.861831
0.856028
0.400661
0.406722
0.412837
0.394656
0.400661
0.844144
0.394656
0.844144
0.032849
0.850132
0.844144
0.388705
0.400661
0.034340
0.033587
0.856028
0.856028
0.125988
0.856028
0.400661
0.850132
0.861831
0.844144
0.031418
0.035109
0.131006
0.861831
0.856028
0.850132
0.125988
0.123541
0.850132
0.850132
0.844144
0.406722
0.131006
0.400661
0.412837
0.394656
0.861831
0.035109
0.850132
0.856028
0.007110
0.867537
0.406722
0.856028
0.123541
0.844144
0.412837
0.406722
0.400661
0.861831
0.007283
0.412837
0.128476
0.034340
0.844144
0.850132
0.406722
0.400661
0.007641
0.125988
0.856028
0.856028
0.867537
0.861831
0.844144
0.844144
0.856028
0.861831
0.400661
0.856028
0.035109
0.412837
0.400661
0.406722
0.394656
0.844144
0.856028
0.856028
0.400661
0.856028
0.033587
0.125988
0.400661
0.850132
0.856028
0.400661
0.406722
0.856028
0.856028
0.850132
0.856028
0.850132
0.861831
0.032849
0.125988
0.034340
0.406722
0.406722
0.419005
0.856028
0.844144
0.850132
0.856028
0.856028
0.856028
0.033587
0.856028
0.131006
0.856028
0.034340
0.394656
0.850132
0.406722
0.856028
0.850132
0.133579
0.000053
0.406722
0.400661
0.412837
0.861831
0.850132
0.406722
0.850132
0.850132
0.035109
0.388705
0.850132
0.850132
0.856028
0.856028
0.388705
0.400661
0.400661
0.419005
0.844144
0.035109
0.856028
0.861831
0.128476
0.388705
0.850132
0.856028
0.850132
0.131006
0.400661
0.400661
0.850132
0.850132
0.400661
0.406722
0.131006
0.850132
0.850132
0.856028
0.400661
0.394656
0.850132
0.400661
0.838070
0.861831
0.400661
0.131006
0.850132
0.400661
0.856028
0.412837
0.032849
0.406722
0.856028
0.856028
0.850132
0.406722
0.388705
0.406722
0.406722
0.131006
0.406722
0.419005
0.412837
0.125988
0.844144
0.406722
0.412837
0.850132
0.412837
0.007826
0.861831
0.861831
0.394656
0.867537
0.406722
0.412837
0.850132
0.850132
0.125988
0.850132
0.406722
0.844144
0.394656
0.406722
0.850132
0.125988
0.034340
0.856028
0.838070
0.400661
0.419005
0.850132
0.394656
0.867537
0.844144
0.850132
0.400661
0.382811
0.400661
0.850132
0.861831
0.128476
0.406722
0.838070
0.034340
0.856028
0.861831
0.844144
0.419005
0.844144
0.844144
0.867537
0.032849
0.838070
0.850132
0.035109
0.867537
0.844144
0.131006
0.850132
0.838070
0.844144
0.844144
0.412837
0.861831
0.861831
0.406722
0.861831
0.856028
0.400661
0.850132
0.400661
0.856028
0.856028
0.856028
0.400661
0.838070
0.406722
0.856028
0.850132
0.861831
0.388705
0.856028
0.850132
0.850132
0.412837
0.034340
0.838070
0.400661
0.844144
0.856028
0.406722
0.406722
0.844144
0.861831
0.856028
0.838070
0.000048
0.861831
0.867537
0.844144
0.400661
0.867537
0.850132
0.006941
0.000052
0.838070
0.844144
0.406722
0.412837
0.850132
0.850132
0.412837
0.856028
0.861831
0.838070
0.400661
0.861831
0.850132
0.844144
0.406722
0.007460
0.419005
0.856028
0.856028
0.125988
0.128476
0.406722
0.406722
0.406722
0.000305
0.394656
0.856028
0.412837
0.034340
0.844144
0.034340
0.412837
0.861831
0.035894
0.831911
0.412837
0.400661
0.007283
0.856028
0.400661
0.400661
0.850132
0.406722
0.850132
0.838070
0.850132
0.400661
0.406722
0.412837
0.844144
0.856028
0.007110
0.856028
0.000297
0.844144
0.856028
0.400661
0.861831
0.033587
0.831911
0.001503
0.844144
0.844144
0.850132
0.861831
0.406722
0.033587
0.128476
0.035109
0.844144
0.400661
0.412837
0.850132
0.856028
0.133579
0.850132
0.856028
0.406722
0.856028
0.400661
0.125988
0.000322
0.856028
0.856028
0.035109
0.032849
0.850132
0.861831
0.131006
0.850132
0.867537
0.412837
0.032126
0.406722
0.867537
0.394656
0.856028
0.412837
0.867537
0.000000
0.856028
0.406722
0.861831
0.844144
0.844144
0.412837
0.394656
0.850132
0.035109
0.400661
0.856028
0.007283
0.000282
0.406722
0.000282
0.850132
0.856028
0.000290
0.406722
0.032126
0.867537
0.856028
0.850132
0.861831
0.850132
0.861831
0.388705
0.400661
0.007283
0.850132
0.850132
0.844144
0.400661
0.844144
0.861831
0.861831
0.844144
0.394656
0.838070
0.856028
0.850132
0.400661
0.867537
0.861831
0.388705
0.388705
0.850132
0.406722
0.131006
0.412837
0.412837
0.123541
0.406722
0.861831
0.128476
0.856028
0.856028
0.844144
0.128476
0.861831
0.388705
0.412837
0.400661
0.861831
0.856028
0.406722
0.861831
0.856028
0.861831
0.400661
0.000297
0.406722
0.856028
0.035894
0.400661
0.032126
0.412837
0.850132
0.844144
0.412837
0.394656
0.133579
0.007826
0.844144
0.861831
0.412837
0.861831
0.861831
0.394656
0.419005
0.412837
0.856028
0.856028
0.406722
0.850132
0.406722
0.850132
0.388705
0.128476
0.856028
0.394656
0.400661
0.034340
0.850132
0.394656
0.035109
0.394656
0.034340
0.400661
0.125988
0.412837
0.400661
0.394656
0.861831
0.856028
0.861831
0.856028
0.406722
0.856028
0.400661
0.406722
0.125988
0.406722
0.838070
0.000000
0.838070
0.128476
0.856028
0.406722
0.033587
0.412837
0.394656
0.867537
0.856028
0.856028
0.856028
0.861831
0.838070
0.000000
0.394656
0.131006
0.400661
0.844144
0.856028
0.861831
0.406722
0.128476
0.131006
0.400661
0.850132
0.856028
0.131006
0.007641
0.412837
0.001465
0.033587
0.406722
0.128476
0.125988
0.856028
0.856028
0.850132
0.419005
0.007283
0.131006
0.394656
0.850132
0.412837
0.007641
0.400661
0.125988
0.400661
0.400661
0.844144
0.412837
0.861831
0.388705
0.400661
0.419005
0.850132
0.838070
0.850132
0.133579
0.400661
0.388705
0.850132
0.850132
0.844144
0.838070
0.412837
0.844144
0.850132
0.128476
0.861831
0.400661
0.388705
0.856028
0.861831
0.419005
0.406722
0.850132
0.034340
0.128476
0.850132
0.123541
0.844144
0.850132
0.128476
0.844144
0.400661
0.856028
0.033587
0.838070
0.850132
0.406722
0.128476
0.856028
0.131006
0.856028
0.861831
0.400661
0.031418
0.850132
0.861831
0.850132
0.856028
0.394656
0.400661
0.001465
0.125988
0.128476
0.861831
0.412837
0.850132
0.850132
0.838070
0.394656
0.406722
0.131006
0.844144
0.856028
0.412837
0.856028
0.850132
0.850132
0.844144
0.406722
0.861831
0.007460
0.850132
0.001503
0.406722
0.856028
0.007283
0.850132
0.032126
0.406722
0.861831
0.406722
0.856028
0.850132
0.838070
0.400661
0.412837
0.856028
0.400661
0.861831
0.850132
0.406722
0.844144
0.861831
0.412837
0.007641
0.412837
0.394656
0.867537
0.400661
0.128476
0.856028
0.394656
0.850132
0.000297
0.856028
0.850132
0.850132
0.007641
0.007110
0.400661
0.838070
0.867537
0.032126
0.000290
0.850132
0.412837
0.844144
0.400661
0.007641
0.128476
0.412837
0.394656
0.131006
0.400661
0.400661
0.406722
0.406722
0.400661
0.406722
0.412837
0.412837
0.412837
0.400661
0.856028
0.394656
0.867537
0.123541
0.844144
0.412837
0.406722
0.850132
0.400661
0.856028
0.856028
0.035109
0.850132
0.850132
0.388705
0.123541
0.388705
0.861831
0.856028
0.032849
0.850132
0.856028
0.844144
0.850132
0.394656
0.412837
0.131006
0.844144
0.838070
0.856028
0.850132
0.831911
0.406722
0.844144
0.831911
0.032849
0.856028
0.831911
0.412837
0.861831
0.394656
0.406722
0.400661
0.412837
0.850132
0.844144
0.412837
0.400661
0.850132
0.412837
0.131006
0.007110
0.850132
0.133579
0.844144
0.861831
0.400661
0.838070
0.856028
0.128476
0.128476
0.861831
0.121136
0.861831
0.850132
0.400661
0.856028
0.412837
0.844144
0.406722
0.861831
0.131006
0.850132
0.412837
0.131006
0.007283
0.125988
0.856028
0.856028
0.850132
0.856028
0.400661
0.856028
0.400661
0.844144
0.856028
0.406722
0.400661
0.844144
0.400661
0.850132
0.867537
0.861831
0.867537
0.850132
0.856028
0.844144
0.406722
0.844144
0.128476
0.001465
0.394656
0.844144
0.850132
0.844144
0.831911
0.400661
0.838070
0.856028
0.394656
0.400661
0.412837
0.406722
0.850132
0.400661
0.856028
0.844144
0.850132
0.128476
0.412837
0.844144
0.394656
0.400661
0.406722
0.856028
0.412837
0.861831
0.856028
0.400661
0.128476
0.844144
0.125988
0.131006
0.856028
0.394656
0.394656
0.856028
0.400661
0.850132
0.850132
0.856028
0.007283
0.406722
0.844144
0.001503
0.394656
0.394656
0.867537
0.850132
0.000009
0.131006
0.850132
0.128476
0.850132
0.856028
0.844144
0.406722
0.856028
0.856028
0.128476
0.419005
0.133579
0.412837
0.034340
0.406722
0.007641
0.406722
0.856028
0.000305
0.867537
0.412837
0.825671
0.844144
0.406722
0.861831
0.406722
0.406722
0.032849
0.133579
0.850132
0.406722
0.850132
0.419005
0.007283
0.406722
0.388705
0.400661
0.844144
0.861831
0.856028
0.400661
0.831911
0.861831
0.856028
0.400661
0.856028
0.844144
0.831911
0.856028
0.125988
0.856028
0.850132
0.844144
0.850132
0.007283
0.394656
0.856028
0.831911
0.861831
0.406722
0.844144
0.394656
0.856028
0.406722
0.856028
0.850132
0.844144
0.400661
0.861831
0.844144
0.406722
0.856028
0.856028
0.131006
0.850132
0.844144
0.007641
0.007283
0.856028
0.400661
0.406722
0.838070
0.412837
0.128476
0.856028
0.400661
0.861831
0.400661
0.850132
0.850132
0.861831
0.394656
0.400661
0.376972
0.861831
0.033587
0.850132
0.856028
0.400661
0.406722
0.400661
0.007283
0.844144
0.406722
0.838070
0.000305
0.400661
0.394656
0.412837
0.850132
0.844144
0.131006
0.128476
0.838070
0.406722
0.850132
0.125988
0.850132
0.400661
0.861831
0.850132
0.856028
0.032849
0.406722
0.844144
0.406722
0.844144
0.033587
0.406722
0.419005
0.861831
0.856028
0.007641
0.856028
0.850132
0.844144
0.856028
0.844144
0.850132
0.856028
0.850132
0.838070
0.844144
0.856028
0.388705
0.850132
0.850132
0.850132
0.400661
0.400661
0.856028
0.844144
0.400661
0.033587
0.412837
0.861831
0.856028
0.856028
0.861831
0.850132
0.412837
0.861831
0.844144
0.850132
0.856028
0.123541
0.006941
0.856028
0.412837
0.844144
0.856028
0.007283
0.850132
0.850132
0.850132
0.844144
0.861831
0.850132
0.412837
0.400661
0.400661
0.838070
0.400661
0.856028
0.856028
0.861831
0.128476
0.400661
0.400661
0.400661
0.856028
0.856028
0.838070
0.406722
0.406722
0.034340
0.394656
0.856028
0.844144
0.844144
0.400661
0.850132
0.406722
0.856028
0.861831
0.394656
0.007641
0.861831
0.128476
0.850132
0.406722
0.844144
0.033587
0.850132
0.844144
0.850132
0.850132
0.856028
0.031418
0.844144
0.394656
0.394656
0.133579
0.412837
0.412837
0.861831
0.856028
0.400661
0.861831
0.406722
0.400661
0.400661
0.412837
0.844144
0.850132
0.861831
0.400661
0.400661
0.867537
0.033587
0.844144
0.856028
0.856028
0.856028
0.844144
0.856028
0.406722
0.131006
0.856028
0.861831
0.133579
0.400661
0.406722
0.838070
0.400661
0.850132
0.861831
0.406722
0.856028
0.861831
0.838070
0.400661
0.850132
0.850132
0.133579
0.861831
0.850132
0.850132
0.844144
0.131006
0.400661
0.844144
0.400661
0.850132
0.400661
0.844144
0.128476
0.412837
0.388705
0.032126
0.406722
0.406722
0.400661
0.856028
0.406722
0.856028
0.856028
0.400661
0.856028
0.394656
0.844144
0.128476
0.861831
0.131006
0.394656
0.125988
0.412837
0.856028
0.850132
0.850132
0.861831
0.033587
0.844144
0.844144
0.867537
0.394656
0.400661
0.412837
0.844144
0.850132
0.033587
0.128476
0.838070
0.856028
0.412837
0.850132
0.412837
0.034340
0.400661
0.034340
0.856028
0.844144
0.861831
0.032849
0.123541
0.856028
0.850132
0.406722
0.838070
0.406722
0.406722
0.400661
0.861831
0.850132
0.861831
0.406722
0.033587
0.406722
0.850132
0.844144
0.850132
0.861831
0.400661
0.406722
0.412837
0.412837
0.406722
0.856028
0.844144
0.856028
0.850132
0.844144
0.856028
0.128476
0.388705
0.400661
0.850132
0.412837
0.032849
0.856028
0.861831
0.388705
0.856028
0.844144
0.867537
0.412837
0.844144
0.861831
0.844144
0.007283
0.850132
0.412837
0.400661
0.400661
0.394656
0.844144
0.001465
0.406722
0.406722
0.406722
0.856028
0.861831
0.412837
0.850132
0.131006
0.861831
0.123541
0.419005
0.406722
0.133579
0.850132
0.856028
0.131006
0.861831
0.128476
0.406722
0.844144
0.400661
0.123541
0.856028
0.850132
0.394656
0.406722
0.394656
0.131006
0.001503
0.850132
0.850132
0.850132
0.412837
0.856028
0.844144
0.406722
0.856028
0.412837
0.850132
0.850132
0.400661
0.131006
0.856028
0.400661
0.850132
0.406722
0.856028
0.406722
0.850132
0.412837
0.131006
0.856028
0.406722
0.844144
0.394656
0.032849
0.412837
0.001429
0.861831
0.394656
0.850132
0.400661
0.123541
0.838070
0.856028
0.850132
0.406722
0.128476
0.035894
0.128476
0.400661
0.419005
0.844144
0.838070
0.844144
0.850132
0.844144
0.861831
0.861831
0.406722
0.850132
0.400661
0.007460
0.400661
0.856028
0.861831
0.861831
0.850132
0.406722
0.838070
0.400661
0.856028
0.406722
0.394656
0.838070
0.850132
0.856028
0.388705
0.412837
0.856028
0.394656
0.007641
0.844144
0.850132
0.850132
0.856028
0.850132
0.856028
0.406722
0.844144
0.861831
0.400661
0.406722
0.394656
0.406722
0.856028
0.844144
0.007641
0.838070
0.856028
0.406722
0.850132
0.406722
0.867537
0.128476
0.856028
0.125988
0.406722
0.850132
0.850132
0.412837
0.850132
0.412837
0.419005
0.121136
0.032849
0.394656
0.861831
0.131006
0.850132
0.412837
0.400661
0.861831
0.856028
0.406722
0.861831
0.838070
0.007826
0.394656
0.861831
0.861831
0.123541
0.838070
0.032849
0.850132
0.032126
0.856028
0.861831
0.400661
0.856028
0.007460
0.125988
0.032849
0.861831
0.007641
0.406722
0.844144
0.867537
0.032126
0.850132
0.400661
0.850132
0.861831
0.867537
0.394656
0.861831
0.000048
0.412837
0.850132
0.406722
0.032126
0.400661
0.412837
0.419005
0.861831
0.000282
0.406722
0.844144
0.850132
0.131006
0.406722
0.125988
0.831911
0.856028
0.844144
0.856028
0.856028
0.412837
0.123541
0.838070
0.856028
0.856028
0.850132
0.850132
0.131006
0.831911
0.867537
0.856028
0.844144
0.850132
0.838070
0.861831
0.406722
0.850132
0.861831
0.856028
0.838070
0.034340
0.850132
0.856028
0.850132
0.844144
0.844144
0.412837
0.406722
0.861831
0.419005
0.844144
0.406722
0.412837
0.007460
0.412837
0.850132
0.861831
0.844144
0.831911
0.850132
0.831911
0.856028
0.844144
0.419005
0.400661
0.125988
0.856028
0.844144
0.406722
0.131006
0.850132
0.412837
0.850132
0.856028
0.394656
0.128476
0.406722
0.850132
0.406722
0.856028
0.400661
0.838070
0.861831
0.394656
0.850132
0.861831
0.406722
0.850132
0.000297
0.400661
0.033587
0.406722
0.412837
0.844144
0.856028
0.400661
0.406722
0.850132
0.850132
0.400661
0.128476
0.131006
0.000313
0.850132
0.838070
0.856028
0.394656
0.850132
0.400661
0.844144
0.419005
0.861831
0.400661
0.406722
0.850132
0.844144
0.844144
0.394656
0.861831
0.861831
0.844144
0.861831
0.123541
0.850132
0.419005
0.861831
0.850132
0.412837
0.844144
0.850132
0.856028
0.856028
0.844144
0.856028
0.388705
0.856028
0.850132
0.400661
0.406722
0.406722
0.406722
0.394656
0.861831
0.412837
0.406722
0.850132
0.856028
0.406722
0.131006
0.034340
0.844144
0.406722
0.850132
0.850132
0.400661
0.131006
0.131006
0.400661
0.850132
0.850132
0.412837
0.419005
0.844144
0.844144
0.844144
0.850132
0.419005
0.838070
0.406722
0.850132
0.128476
0.412837
0.388705
0.419005
0.128476
