0.960592
0.574794
0.987284
0.326986
0.563566
0.941221
0.101071
0.622407
0.781972
0.436149
0.915645
0.408299
0.818799
0.570733
0.785803
0.239058
0.774256
0.935008
0.556426
0.684952
0.910306
0.626533
0.779012
0.287081
0.637014
0.297576
0.050152
0.369069
0.369069
0.034162
0.815156
0.531208
0.732272
0.518153
0.707643
0.912995
0.270737
0.673549
0.356873
0.696320
0.604672
0.616066
0.970744
0.401370
0.895382
0.358599
0.504330
0.592369
0.546230
0.215209
0.279545
0.499559
0.210341
0.181489
0.681787
0.852501
0.419095
0.365807
0.999656
0.022130
0.361819
0.514231
0.713909
0.258993
0.485954
0.507322
0.273377
0.949141
0.637014
0.798336
0.589222
0.828758
0.785803
0.294765
0.960592
0.488898
0.011119
0.428951
0.924694
0.765268
0.129188
0.131418
0.652589
0.812338
0.837713
0.345670
0.761347
0.835018
0.717972
0.855856
0.835018
0.732272
0.992711
0.853278
0.326291
0.465878
0.371590
0.455569
0.383330
0.184459
0.771270
0.808654
0.089391
0.864986
0.674500
0.047876
0.655767
0.689062
0.862474
0.310579
0.835018
0.750412
0.560459
0.717972
0.495697
0.781972
0.939528
0.260956
0.785803
0.666251
0.841193
0.747356
0.791659
0.528161
0.929025
0.586078
0.900476
0.503434
0.099299
0.360083
0.305463
0.717972
0.485954
0.202802
0.016877
0.917655
0.371590
0.828758
0.340157
0.994672
0.012861
0.120073
0.765268
0.625580
0.097036
0.346393
0.739373
0.294765
0.305463
0.443414
0.016706
0.463003
0.903303
0.825184
0.429778
0.439773
0.632884
0.323289
0.006457
0.553330
0.586078
0.061073
0.253942
0.414486
0.912378
0.353683
0.361819
0.365057
0.841193
0.169723
0.180019
0.870692
0.939015
0.929025
0.618284
0.666251
0.362564
0.430606
0.950681
0.908211
0.849900
0.955577
0.007628
0.995504
0.108919
0.426200
0.339442
0.163000
0.214194
0.674500
0.492736
0.990326
0.645278
0.123863
0.091006
0.710778
0.016106
0.725138
0.341828
0.575733
0.493623
0.257041
0.750412
0.195953
0.729174
0.499559
0.570733
0.195482
0.893131
0.563566
0.795441
0.073918
0.802081
0.541309
0.284973
0.600566
0.291973
0.915037
0.835018
0.725138
0.996624
0.456424
0.305463
0.844645
0.674500
0.947100
0.574794
0.988143
0.326291
0.017222
0.209179
0.520270
0.489782
0.163000
0.076386
0.524210
0.018153
0.754373
0.179141
0.950681
0.000037
0.101071
0.256458
0.619236
0.543153
0.518153
0.113089
0.805805
0.611948
0.785803
0.258993
0.604672
0.831490
0.203287
0.767373
0.137838
0.995154
0.815156
0.370832
0.120385
0.243880
0.659898
0.042658
0.075693
0.618284
0.788736
0.345670
0.014967
0.881790
0.704503
0.417194
0.507322
0.206544
0.798336
0.506423
0.410982
0.404026
0.979155
0.595519
0.304800
0.132093
0.190365
0.401370
0.879414
0.092069
0.208683
0.840393
0.945016
0.443414
0.805805
0.808654
0.210341
0.170142
0.828758
0.718908
0.456424
0.799202
0.993742
0.109589
0.988143
0.746437
0.152250
0.771270
0.740297
0.528161
0.654814
0.247640
0.861717
0.507322
0.292616
0.781972
0.568549
0.963617
0.129188
0.960592
0.176243
0.005739
0.901132
0.905452
0.337068
0.110842
0.062975
0.218104
0.681787
0.033831
0.926593
0.330947
0.626533
0.884848
0.912995
0.856626
0.557356
0.475429
0.600566
0.153913
0.835018
0.557356
0.927158
0.156893
0.131755
0.971863
0.083787
0.033930
0.199115
0.083787
0.237223
0.979155
0.507322
0.809506
0.226621
0.144039
0.692220
0.027346
0.480093
0.320993
0.986596
0.348085
0.339442
0.392679
0.000365
0.549314
0.818799
0.850682
0.593313
0.499559
0.199592
0.611948
0.486837
0.161656
0.590165
0.799202
0.218618
0.496587
0.750412
0.673549
0.391894
0.230709
0.390068
0.521178
0.545306
0.995933
0.096178
0.728244
0.030234
0.804947
0.389287
0.629708
0.410176
0.284973
0.681787
0.975674
0.607834
0.426200
0.831490
0.684952
0.589222
0.647503
0.772167
0.821585
0.864986
0.242761
0.618284
0.831490
0.600566
0.532124
0.061073
0.007291
0.506423
0.232504
0.442572
0.469629
0.757411
0.864986
0.081546
0.721091
0.527248
0.707643
0.189905
0.483020
0.959233
0.052230
0.733201
0.536097
0.030027
0.400575
0.570733
0.543153
0.566679
0.787858
0.882499
0.862474
0.379221
0.625580
0.754373
0.917655
0.655767
0.825184
0.318708
0.518153
0.496587
0.385913
0.744291
0.847281
0.590165
0.654814
0.674500
0.681787
0.210341
0.442572
0.983927
0.674500
0.407495
0.307680
0.020384
0.226621
0.226621
0.026997
0.879414
0.645278
0.212512
0.837713
0.546230
0.422639
0.986596
0.535179
0.253942
0.329312
0.681787
0.323289
0.465878
0.312822
0.795441
0.539161
0.468762
0.924694
0.703560
0.567614
0.456424
0.072181
0.760440
0.465014
0.527248
0.781972
0.688114
0.388507
0.068122
0.757411
0.207036
0.796311
0.139722
0.055211
0.442572
0.835018
0.825184
0.884848
0.181489
0.326986
0.915037
0.815156
0.714847
0.333998
0.377431
0.075487
0.655767
0.812338
0.104057
0.270130
0.815156
0.747356
0.200711
0.855856
0.641146
0.559527
0.070222
0.141268
0.928467
0.725138
0.629708
0.654814
0.058894
0.463003
0.147723
0.270737
0.574794
0.651636
0.291973
0.948674
0.859181
0.145626
0.455569
0.850682
0.250108
0.680838
0.802081
0.517247
0.134023
0.224336
0.739373
0.406693
0.704503
0.963617
0.867480
0.353683
0.935008
0.368314
0.744291
0.808654
0.662122
0.249537
0.215209
0.732272
0.391894
0.566679
0.685901
0.391894
0.377431
0.873140
0.506423
0.435315
0.417194
0.915645
0.538241
0.536097
0.137021
0.232504
0.100182
0.765268
0.876294
0.795441
0.448199
0.206544
0.844645
0.208683
0.206544
0.873140
0.943382
0.203287
0.552402
0.445381
0.582939
0.451876
0.684952
0.017916
0.912995
0.023009
0.137021
0.201192
0.072181
0.192367
0.506423
0.604672
0.629708
0.952195
0.651636
0.156893
0.788736
0.452727
0.280790
0.114377
0.517247
0.362564
0.496587
0.079431
0.346393
0.427024
0.326291
0.365807
0.667203
0.166539
0.871428
0.900476
0.507322
0.442572
0.527248
0.549314
0.632884
0.382558
0.499559
0.085542
0.699471
0.385913
0.514231
0.458421
0.377431
0.312822
0.446225
0.871428
0.677670
0.413676
0.825184
0.247640
0.204422
0.729174
0.291973
0.476302
0.732272
0.696320
0.799202
0.811490
0.895382
0.917655
0.861717
0.879414
0.472524
0.100182
0.245754
0.023402
0.050152
0.048150
0.771270
0.629708
0.309908
0.318025
0.855856
0.822418
0.465878
0.096178
0.592369
0.812338
0.685901
0.238506
0.778123
0.545306
0.419911
0.161656
0.671329
0.952195
0.775150
0.203287
0.870692
0.426200
0.079648
0.632884
0.900476
0.597411
0.574794
0.075487
0.040039
0.707643
0.513327
0.725138
0.177687
0.312822
0.870692
0.218104
0.732272
0.046841
0.472524
0.739373
0.193453
0.725138
0.590165
0.524210
0.887871
0.559527
0.757411
0.330947
0.479217
0.841193
0.528161
0.645278
0.802081
0.012560
0.275422
0.333998
0.254521
0.052230
0.732272
0.879414
0.090195
0.592369
0.603724
0.507322
0.663075
0.560459
0.699471
0.166127
0.775150
0.805805
0.619236
0.496587
0.224336
0.025065
0.351242
0.960592
0.442572
0.344947
0.087565
0.525121
0.674500
0.058894
0.825184
0.963617
0.370832
0.094481
0.654814
0.674500
0.058510
0.822418
0.671329
0.606885
0.628755
0.256458
0.841193
0.220338
0.827936
0.658945
0.374884
0.960592
0.507322
0.130634
0.962319
0.633837
0.212512
0.795441
0.423459
0.648457
0.348085
0.443414
0.458421
0.134710
0.859181
0.520270
0.775150
0.943382
0.472524
0.729174
0.363311
0.374123
0.476302
0.156502
0.930867
0.906092
0.012821
0.163811
0.873871
0.658945
0.350512
0.809506
0.563566
0.333998
0.410982
0.915645
0.870692
0.828758
0.658945
0.546230
0.220338
0.420728
0.822418
0.076386
0.250108
0.681787
0.139367
0.385913
0.805805
0.581997
0.150602
0.785803
0.864986
0.272766
0.506423
0.153913
0.084014
0.933224
0.062219
0.472524
0.207036
0.018825
0.825184
0.663075
0.831490
0.641146
0.119348
0.606885
0.585136
0.148096
0.095072
0.469629
0.651636
0.757411
0.439773
0.725138
0.692220
0.659898
0.309908
0.578863
0.626533
0.485954
0.589222
0.903303
0.879414
0.188379
0.091250
0.884848
0.725138
0.546230
0.060170
0.935538
0.835018
0.134023
0.142467
0.930867
0.061073
0.382558
0.593313
0.476302
0.297576
0.596465
0.439773
0.499559
0.788736
0.859181
0.841193
0.204910
0.055211
0.859181
0.706701
0.868224
0.789614
0.235400
0.184459
0.079431
0.066509
0.905452
0.785803
0.181047
0.858416
0.663075
0.732272
0.499559
0.351242
0.965266
0.469629
0.492736
0.397932
0.950681
0.159922
0.837713
0.518153
0.707643
0.988143
0.856626
0.821585
0.809506
0.050010
0.652589
0.119348
0.131418
0.614165
0.828758
0.333998
0.280167
0.157286
0.019659
0.404026
0.107402
0.758321
0.496587
0.055211
0.315077
0.545306
0.113089
0.442572
0.037824
0.055888
0.726070
0.637014
0.992081
0.789614
0.003359
0.041329
0.707643
0.472524
0.570733
0.849900
0.517247
0.825184
0.521178
0.843851
0.976674
0.965266
0.398724
0.915645
0.948674
0.534262
0.329312
0.667203
0.652589
0.001970
0.159922
0.001336
0.876294
0.435315
0.984927
0.753460
0.688114
0.084775
0.757411
0.850682
0.107402
0.586078
0.581057
0.284973
0.549314
0.389287
0.157286
0.772167
0.968074
0.423459
0.350512
0.462142
0.581057
0.308347
0.722026
0.000919
0.427024
0.103144
0.105254
0.115980
0.739373
0.546230
0.131418
0.955577
0.873871
0.000380
0.950681
0.479217
0.382558
0.859181
0.282876
0.455569
0.488898
0.134023
0.160720
0.492736
0.969252
0.158599
0.900476
0.401370
0.419911
0.138542
0.400575
0.135515
0.929025
0.207036
0.308347
0.307680
0.696320
0.974649
0.052230
0.226093
0.248208
0.545306
0.760440
0.527248
0.365807
0.222070
0.019209
0.681787
0.220338
0.163811
0.410176
0.203287
0.908211
0.821585
0.418008
0.391894
0.376666
0.847281
0.747356
0.058894
0.333998
0.658945
0.436984
0.379989
0.831490
0.476302
0.000870
0.077085
0.138542
0.725138
0.892451
0.009308
0.426200
0.057105
0.600566
0.518153
0.459278
0.908211
0.607834
0.059612
0.164761
0.106464
0.788736
0.546230
0.974649
0.539161
0.799202
0.725138
0.517247
0.890172
0.779012
0.446225
0.941221
0.703560
0.903303
0.034935
0.161656
0.476302
0.099035
0.287715
0.452727
0.299752
0.307680
0.674500
0.876294
0.739373
0.629708
0.258406
0.237773
0.754373
0.566679
0.831490
0.977935
0.134710
0.109589
0.945016
0.268115
0.051740
0.799202
0.131755
0.717972
0.228925
0.449046
0.510321
0.628755
0.922189
0.906092
0.771270
0.939528
0.577923
0.500452
0.489782
0.419911
0.582939
0.315077
0.141268
0.603724
0.258406
0.992081
0.362564
0.681787
0.120385
0.116687
0.413676
0.607834
0.835018
0.910306
0.919642
0.818799
0.379989
0.696320
0.753460
0.486837
0.736290
0.641146
0.439773
0.761347
0.250108
0.974649
0.000229
0.075487
0.809506
0.517247
0.632884
0.696320
0.021134
0.507322
0.197055
0.578863
0.343265
0.546230
0.479217
0.520270
0.093144
0.092895
0.681787
0.097036
0.892451
0.408299
0.463003
0.427024
0.930867
0.732272
0.307680
0.013947
0.680838
0.948674
0.503434
0.220338
0.714847
0.805805
0.186410
0.287715
0.390068
0.670377
0.178122
0.359341
0.905452
0.149345
0.732272
0.165170
0.216908
0.641146
0.150981
0.456424
0.600566
0.197528
0.843851
0.499559
0.629708
0.315077
0.346393
0.429778
0.299752
0.459278
0.535179
0.825184
0.984927
0.323289
0.937289
0.877017
0.220857
0.693167
0.812338
0.805805
0.876294
0.812338
0.692220
0.915037
0.910930
0.289838
0.250108
0.593313
0.546230
0.433373
0.148844
0.677670
0.500452
0.356136
0.703560
0.354418
0.270130
0.924694
0.725138
0.988143
0.691273
0.084546
0.171123
0.116992
0.725138
0.114079
0.356873
0.799202
0.429778
0.879414
0.143675
0.850682
0.406693
0.941221
0.210341
0.648457
0.287715
0.621455
0.784920
0.981208
0.287715
0.924694
0.625580
0.674500
0.065110
0.550240
0.153913
0.374123
0.850682
0.871428
0.757411
0.844645
0.480093
0.099035
0.560459
0.541309
0.277478
0.473395
0.433373
0.034935
0.479217
0.847281
0.996244
0.841193
0.870692
0.385913
0.216397
0.037460
0.887871
0.116687
0.937289
0.310579
0.703560
0.881790
0.210840
0.284973
0.825184
0.290478
0.629708
0.419095
0.785803
0.600566
0.432542
0.478341
0.779012
0.510321
0.610998
0.465878
0.933224
0.893131
0.044833
0.500452
0.529075
0.410982
0.510321
0.245754
0.206544
0.789614
0.890172
0.905452
0.629708
0.499559
0.812338
0.681787
0.101340
0.779012
0.034935
0.760440
0.087330
0.659898
0.054337
0.116687
0.057105
0.784920
0.733201
0.947100
0.700415
0.611948
0.637014
0.917655
0.662122
0.644324
0.939015
0.310579
0.449046
0.862474
0.545306
0.076178
0.129188
0.091823
0.590165
0.083034
0.556426
0.717972
0.472524
0.818799
0.610998
0.216397
0.696320
0.107969
0.876294
0.153913
0.243320
0.714847
0.670377
0.513327
0.754373
0.908211
0.549314
0.828758
0.757411
0.879414
0.633837
0.557356
0.785803
0.729174
0.041329
0.859181
0.003266
0.566679
0.350512
0.815156
0.840393
0.610998
0.465878
0.125257
0.126665
0.026838
0.556426
0.877017
0.260956
0.997229
0.104332
0.841193
0.233045
0.018825
0.184907
0.518153
0.135170
0.094229
0.670377
0.002733
0.633837
0.895382
0.195012
0.456424
0.964889
0.195482
0.792533
0.429778
0.834206
0.334704
0.570733
0.900476
0.318708
0.979155
0.390068
0.987284
0.052378
0.135515
0.243320
0.455569
0.718908
0.101071
0.637968
0.982060
0.746437
0.680838
0.543153
0.878697
0.524210
0.771270
0.992711
0.514231
0.743371
0.197055
0.449046
0.910306
0.680838
0.841193
0.768274
0.625580
0.105811
0.919642
0.792533
0.115980
0.179580
0.615115
0.714847
0.729174
0.765268
0.654814
0.458421
0.053374
0.245754
0.585136
0.538241
0.238506
0.120385
0.517247
0.983131
0.423459
0.812338
0.117704
0.616066
0.795441
0.514231
0.725138
0.761347
0.500452
0.887871
0.055211
0.941221
0.315077
0.685901
0.060903
0.910306
0.629708
0.488898
0.059446
0.781972
0.323289
0.430606
0.717972
0.103144
0.853278
0.258993
0.026312
0.796311
0.950681
0.426200
0.197528
0.282876
0.252019
0.031721
0.600566
0.006368
0.142106
0.732272
0.265513
0.930867
0.564500
0.075280
0.334704
0.008937
0.553330
0.599619
0.181489
0.320993
0.677670
0.397932
0.228925
0.002733
0.673549
0.071719
0.750412
0.890172
0.213016
0.954123
0.884848
0.678621
0.143675
0.714847
0.153913
0.115377
0.374123
0.085542
0.933224
0.485954
0.870692
0.677670
0.476302
0.761347
0.732272
0.514231
0.919642
0.721091
0.711718
0.528161
0.870692
0.761347
0.115377
0.191441
0.633837
0.750412
0.525121
0.859181
0.714847
0.200711
0.163000
0.316435
0.534262
0.688114
0.353683
0.150098
0.876294
0.517247
0.284973
0.957427
0.009031
0.943382
0.610998
0.929025
0.557356
0.383330
0.864986
0.466742
0.503434
0.821585
0.012065
0.356873
0.796311
0.013128
0.326986
0.230173
0.689062
0.087565
0.348812
0.835018
0.684952
0.919642
0.449046
0.541309
0.525121
0.072181
0.740297
0.895382
0.469629
0.841193
0.879414
0.475429
0.961924
0.224862
0.992711
0.831490
0.887871
0.206544
0.153913
0.689062
0.060170
0.619236
0.171545
0.549314
0.633837
0.900476
0.757411
0.189905
0.149721
0.629708
0.014515
0.995154
0.284973
0.586078
0.078928
0.080811
0.847281
0.017504
0.815999
0.320993
0.482141
0.318708
0.795441
0.879414
0.843851
0.249537
0.008340
0.087565
0.799202
0.966504
0.619236
0.753460
0.985668
0.815156
0.356873
0.050628
0.280167
0.532124
0.186863
0.599619
0.265513
0.571669
0.109589
0.439773
0.873140
0.325596
0.451876
0.027265
0.656721
0.204910
0.234855
0.404026
0.473395
0.567614
0.254521
0.637014
0.115377
0.410176
0.143312
0.641146
0.186410
0.320306
0.340157
0.394513
0.552402
0.317343
0.692220
0.096434
0.230173
0.808654
0.132545
0.206544
0.472524
0.197528
0.901132
0.828758
0.350512
0.659898
0.159922
0.655767
0.356136
0.365057
0.084242
0.391894
0.353683
0.155592
0.344947
0.503434
0.471655
0.268719
0.230709
0.637014
0.703560
0.354418
0.202802
0.545306
0.471655
0.765268
0.821585
0.134023
0.379989
0.733201
0.089391
0.299752
0.034935
0.433373
0.537322
0.778123
0.535179
0.243880
0.220338
0.950681
0.001710
0.398724
0.492736
0.893131
0.825184
0.000014
0.689062
0.868224
0.391894
0.081105
0.994672
0.363311
0.977935
0.212512
0.280167
0.465878
0.644324
0.493623
0.376666
0.812338
0.648457
0.739373
0.652589
0.489782
0.837713
0.119348
0.485954
0.004427
0.452727
0.924694
0.270737
0.903303
0.356136
0.503434
0.472524
0.061644
0.812338
0.334704
0.155592
0.483020
0.187923
0.145626
0.689062
0.808654
0.862474
0.600566
0.732272
0.247640
0.005333
0.625580
0.036636
0.004601
0.446225
0.761347
0.156893
0.288351
0.212512
0.145258
0.970744
0.008634
0.186410
0.929025
0.201192
0.622407
0.339442
0.593313
0.030234
0.908211
0.926593
0.871428
0.410982
0.379989
0.294119
0.632884
0.007709
0.292616
0.831490
0.401370
0.567614
0.365807
0.014323
0.345670
0.689062
0.132885
0.184459
0.088355
0.910930
0.965266
0.116687
0.056945
0.035037
0.149721
0.350512
0.252019
0.822418
0.710778
0.068563
0.887871
0.897611
0.150981
0.825184
0.641146
0.389287
0.420728
0.581997
0.414486
0.199592
0.503434
0.014619
0.336358
0.112107
0.155203
0.189905
0.273377
0.186410
0.513327
0.162461
0.736290
0.138542
0.844645
0.725138
0.200711
0.122800
0.859181
0.838519
0.644324
0.493623
0.379989
0.212512
0.176243
0.641146
0.391894
0.318025
0.279545
0.353683
0.337068
0.890172
0.633837
0.818799
0.561390
0.546230
0.563566
0.890172
0.828758
0.307013
0.945016
0.908211
0.717972
0.659898
0.983927
0.203287
0.510321
0.771270
0.893131
0.915037
0.898276
0.948674
0.692220
0.995154
0.008116
0.189905
0.161656
0.368314
0.574794
0.539161
0.629708
0.746437
0.201674
0.302598
0.233045
0.479217
0.521178
0.843851
0.265513
0.486837
0.052230
0.681787
0.365057
0.309908
0.023402
0.581997
0.812338
0.014619
0.288351
0.853278
0.775150
0.935008
0.808654
0.184459
0.486837
0.181489
0.581057
0.924119
0.781972
0.959233
0.260956
0.996624
0.107685
0.574794
0.313497
0.527248
0.757411
0.483020
0.573856
0.015479
0.186410
0.228925
0.761347
0.520270
0.392679
0.065110
0.278096
0.371590
0.130299
0.103417
0.436149
0.280167
0.670377
0.395300
0.374123
0.996624
0.374123
0.599619
0.709838
0.413676
0.740297
0.333292
0.438935
0.817961
0.834206
0.718908
0.059612
0.227151
0.465878
0.542231
0.736290
0.775150
0.956008
0.680838
0.702617
0.255875
0.804947
0.525121
0.276037
0.063738
0.586078
0.637014
0.478341
0.147723
0.395300
0.895382
0.939015
0.256458
0.950681
0.247640
0.812338
0.935008
0.651636
0.082511
0.977935
0.138542
0.130634
0.549314
0.138542
0.746437
0.038898
0.927158
0.036742
0.577923
0.791659
0.895382
0.483020
0.442572
0.326986
0.877017
0.809506
0.666251
0.469629
0.270737
0.998596
0.703560
0.963617
0.187923
0.320993
0.968074
0.420728
0.670377
0.867480
0.843851
0.539161
0.347359
0.618284
0.915645
0.553330
0.371590
0.740297
0.837713
0.589222
0.179580
0.596465
0.641146
0.118729
0.920233
0.689062
0.802942
0.703560
0.253942
0.195482
0.732272
0.177687
0.785803
0.640192
0.015685
0.393464
0.435315
0.517247
0.149345
0.345670
0.685901
0.353683
0.362564
0.436149
0.294765
0.339442
0.764365
0.029184
0.277478
0.331649
0.707643
0.359341
0.935008
0.267513
0.574794
0.629708
0.188836
0.446225
0.772167
0.747356
0.915645
0.250680
0.837713
0.788736
0.101071
0.950681
0.795441
0.861717
0.328613
0.315756
0.912995
0.838519
0.181932
0.362564
0.898276
0.849900
0.917655
0.029098
0.943382
0.714847
0.228392
0.890172
0.439773
0.563566
0.664028
0.115980
0.570733
0.132545
0.410982
0.648457
0.038302
0.855856
0.234855
0.994280
0.910930
0.401370
0.822418
0.725138
0.542231
0.057266
0.726070
0.539161
0.658945
0.799202
0.566679
0.569797
0.825184
0.104332
0.012560
0.482141
0.365807
0.933224
0.172957
0.674500
0.417194
0.964889
0.429778
0.764365
0.997756
0.121430
0.089391
0.059059
0.426200
0.051109
0.035379
0.455569
0.158599
0.386690
0.326291
0.518153
0.118011
0.214194
0.610998
0.785803
0.729174
0.273377
0.581997
0.496587
0.600566
0.897611
0.323980
0.670377
0.340157
0.078714
0.250680
0.948674
0.520270
0.210341
0.488898
0.377431
0.699471
0.596465
0.688114
0.939015
0.722026
0.140910
0.086548
0.764365
0.710778
0.330947
0.517247
0.386690
0.368314
0.974336
0.406693
0.231247
0.957427
0.262930
0.879414
0.827936
0.382558
0.825184
0.206544
0.076178
0.250108
0.832307
0.532124
0.728244
0.998919
0.524210
0.754373
0.910306
0.514231
0.827936
0.815156
0.368314
0.016106
0.692220
0.853278
0.127428
0.943382
0.853278
0.974336
0.101071
0.989571
0.999506
0.419911
0.488898
0.837713
0.365057
0.158599
0.340157
0.619236
0.369069
0.478341
0.994672
0.284973
0.181489
0.446225
0.149345
0.917655
0.702617
0.097036
0.475429
0.581997
0.493623
0.585136
0.356873
0.142467
0.377431
0.295412
0.258993
0.870692
0.103144
0.781972
0.329312
0.416380
0.234855
0.581997
0.737216
0.068374
0.197055
0.968074
0.328613
0.831490
0.157286
0.506423
0.442572
0.353683
0.868224
0.289838
0.330947
0.299752
0.216908
0.924694
0.855856
0.915645
0.732272
0.746437
0.233045
0.301939
0.985885
0.254521
0.531208
0.081325
0.952195
0.856626
0.166127
0.992230
0.571669
0.663075
0.534262
0.149345
0.607834
0.908211
0.552402
0.986596
0.618284
0.184459
0.441731
0.317343
0.220338
0.043859
0.365057
0.442572
0.912995
0.395300
0.997229
0.103144
0.517247
0.586078
0.404825
0.997229
0.005559
0.236675
0.795441
0.825184
0.862474
0.607834
0.250108
0.486837
0.935008
0.696320
0.566679
0.677670
0.277478
0.592369
0.750412
0.673549
0.070869
0.615115
0.320306
0.356873
0.436149
0.270737
0.945016
0.828758
0.465014
0.161656
0.310579
0.160321
0.320993
0.503434
0.779012
0.361819
0.231965
0.273990
0.908211
0.963617
0.570733
0.139722
0.725138
0.118318
0.714847
0.629708
0.948674
0.864986
0.254521
0.637014
0.539161
0.517247
0.010075
0.216397
0.236675
0.237223
0.784920
0.726070
0.410982
0.809506
0.436984
0.034935
0.136673
0.289200
0.947100
0.024256
0.528161
0.071065
0.510321
0.442572
0.856626
0.815156
0.351973
0.143675
0.292616
0.129188
0.234855
0.331649
0.110842
0.499559
0.615115
0.391894
0.788736
0.315077
0.224336
0.855856
0.218104
0.492736
0.775150
0.915645
0.126338
0.905452
0.802081
0.710778
0.262139
0.367561
0.571669
0.750412
0.346393
0.239058
0.864986
0.152632
0.304800
0.097036
0.754373
0.844645
0.991574
0.027265
0.296926
0.004097
0.943382
0.239058
0.165170
0.815156
0.764365
0.546230
0.556426
0.385913
0.273990
0.173383
0.615115
0.075487
0.853278
0.870692
0.123863
0.131418
0.960592
0.781972
0.592369
0.550240
0.499559
0.799202
0.563566
0.746437
0.983131
0.983927
0.340873
0.144039
0.219821
0.650682
0.370832
0.160321
0.510321
