0.249062
0.750259
0.022041
0.331415
0.480824
0.533345
0.720156
0.049118
0.126828
0.006505
0.035603
0.757411
0.585136
0.909680
0.377942
0.004846
0.127757
0.097467
0.037046
0.151995
0.564967
0.982311
0.620821
0.370454
0.704660
0.857522
0.933672
0.757259
0.241924
0.040368
0.696478
0.433650
0.350755
0.077754
0.073380
0.146056
0.078857
0.026001
0.239887
0.936679
0.781676
0.514532
0.752851
0.345067
0.741681
0.983888
0.974545
0.381015
0.370832
0.880723
0.031907
0.258308
0.073212
0.997692
0.244628
0.463290
0.080264
0.128196
0.116839
0.079467
0.387857
0.613215
0.830399
0.699943
0.038044
0.233497
0.992664
0.734592
0.714691
0.308013
0.160387
0.011079
0.228658
0.233677
0.249062
0.872896
0.141627
0.110310
0.143251
0.376921
0.434205
0.853537
0.657992
0.023032
0.003321
0.075970
0.181268
0.476738
0.115026
0.820890
0.511372
0.325019
0.300516
0.301172
0.877618
0.244535
0.184982
0.037971
0.687640
0.595204
0.650046
0.601197
0.501644
0.798913
0.500452
0.847412
0.483020
0.352339
0.694428
0.052304
0.035088
0.088832
0.231067
0.241924
0.780345
0.887640
0.129078
0.681154
0.792242
0.350025
0.345429
0.633043
0.549931
0.306902
0.779753
0.785656
0.986526
0.276551
0.859944
0.325944
0.484046
0.358723
0.340992
0.348206
0.697266
0.258993
0.165785
0.103053
0.867728
0.996334
0.025327
0.877017
0.015066
0.506423
0.036547
0.325019
0.203448
0.241089
0.602461
0.948674
0.269021
0.375012
0.137605
0.837041
0.536097
0.513478
0.409639
0.633678
0.818520
0.680838
0.027198
0.144282
0.473685
0.353805
0.263623
0.078678
0.215378
0.902003
0.985958
0.326407
0.486248
0.435315
0.297359
0.013954
0.953313
0.290584
0.462429
0.869337
0.617967
0.352339
0.620187
0.174094
0.016689
0.197845
0.224599
0.745058
0.361322
0.436567
0.552248
0.475429
0.370202
0.426749
0.362938
0.904702
0.860198
0.203935
0.104332
0.326754
0.771419
0.267112
0.705445
0.934475
0.129188
0.974336
0.065806
0.334704
0.593156
0.771419
0.887640
0.565745
0.542999
0.321910
0.868100
0.096049
0.089993
0.821446
0.468040
0.874964
0.079540
0.208188
0.409907
0.571045
0.602461
0.092605
0.443835
0.157744
0.814312
0.966320
0.103326
0.976674
0.287927
0.480532
0.242295
0.205236
0.192213
0.336594
0.312710
0.623994
0.537169
0.718440
0.545306
0.953535
0.391111
0.938586
0.729794
0.169653
0.116131
0.148221
0.761196
0.387079
0.489930
0.333762
0.959301
0.904595
0.576828
0.946384
0.881435
0.050964
0.861211
0.216908
0.991045
0.822556
0.870200
0.555187
0.566991
0.871796
0.561080
0.481702
0.549931
0.155203
0.357612
0.577610
0.828073
0.020190
0.895270
0.742449
0.676878
0.742296
0.224687
0.505825
0.269121
0.816280
0.410982
0.717347
0.204016
0.722649
0.748885
0.109781
0.024172
0.308124
0.291118
0.361819
0.501942
0.285288
0.445662
0.571045
0.481702
0.495549
0.116131
0.444959
0.782857
0.957917
0.777974
0.173241
0.832578
0.485367
0.335412
0.913201
0.111036
0.236858
0.076456
0.341470
0.675610
0.365057
0.643689
0.747050
0.881079
0.085812
0.775447
0.444116
0.082138
0.036441
0.477904
0.578863
0.091741
0.138718
0.152824
0.232414
0.937896
0.731963
0.189599
0.881672
0.589536
0.539314
0.454716
0.416651
0.278510
0.380502
0.745671
0.998427
0.246319
0.134538
0.618126
0.572294
0.138660
0.413136
0.238048
0.732737
0.192832
0.436984
0.584037
0.067280
0.887640
0.657992
0.503882
0.281311
0.999223
0.931687
0.425377
0.399649
0.447211
0.912790
0.835423
0.762404
0.752090
0.853537
0.560459
0.189675
0.111278
0.057239
0.481702
0.466310
0.229548
0.522390
0.737679
0.569017
0.371337
0.050128
0.188227
0.774554
0.209179
0.125851
0.779161
0.173028
0.203772
0.660057
0.546230
0.921702
0.867728
0.988934
0.874479
0.535485
0.258211
0.703246
0.740297
0.559217
0.844645
0.237315
0.982806
0.855213
0.709838
0.739681
0.015385
0.417058
0.242202
0.042191
0.007184
0.934119
0.729949
0.645914
0.011340
0.042353
0.965203
0.674342
0.895942
0.685110
0.966074
0.443835
0.390720
0.739219
0.057105
0.106744
0.091618
0.422366
0.559062
0.422502
0.618443
0.233587
0.960187
0.320192
0.567302
0.252787
0.422502
0.472089
0.134767
0.541770
0.573544
0.528466
0.348206
0.253653
0.579646
0.414351
0.928281
0.057239
0.236128
0.078571
0.735827
0.415568
0.358229
0.480239
0.477904
0.091128
0.161790
0.009720
0.763611
0.154686
0.814453
0.932593
0.676244
0.476156
0.777826
0.578863
0.000913
0.435871
0.470641
0.937810
0.306016
0.792388
0.471655
0.877137
0.670377
0.324095
0.994823
0.145136
0.937550
0.006854
0.630978
0.407897
0.209926
0.668155
0.182524
0.022041
0.267914
0.541770
0.780197
0.806376
0.105162
0.700572
0.170491
0.830945
0.570265
0.405225
0.823941
0.971251
0.186109
0.711248
0.136615
0.837982
0.085311
0.421956
0.839992
0.582782
0.387079
0.624628
0.283608
0.837713
0.537935
0.783595
0.674500
0.634155
0.177180
0.674817
0.999243
0.885082
0.057105
0.170142
0.660057
0.684319
0.182006
0.985002
0.393988
0.286553
0.379477
0.393857
0.777974
0.174379
0.511523
0.001307
0.815578
0.490520
0.175309
0.777083
0.768424
0.420865
0.475283
0.347722
0.191210
0.231785
0.957286
0.113930
0.081657
0.424691
0.711875
0.801362
0.586864
0.279752
0.420728
0.967536
0.072016
0.953535
0.930592
0.276963
0.534874
0.491110
0.148657
0.472814
0.494956
0.208683
0.786684
0.626850
0.343026
0.066539
0.485954
0.681629
0.540388
0.120021
0.025428
0.112450
0.107827
0.796745
0.826149
0.999059
0.733201
0.354540
0.134481
0.670853
0.086821
0.601671
0.469773
0.486248
0.887640
0.822695
0.135285
0.597095
0.819078
0.248587
0.666727
0.831490
0.940038
0.120697
0.821029
0.684319
0.172674
0.686691
0.846755
0.591109
0.797902
0.386560
0.094987
0.783742
0.884145
0.023766
0.620028
0.967053
0.957567
0.320535
0.552402
0.165375
0.289307
0.096735
0.400575
0.463720
0.459421
0.989481
0.997410
0.889484
0.263623
0.870815
0.597095
0.429916
0.083184
0.081399
0.400840
0.783595
0.025214
0.537169
0.474556
0.925076
0.830126
0.104286
0.074801
0.702460
0.964700
0.628120
0.627326
0.193920
0.362067
0.249537
0.827799
0.085426
0.440752
0.356873
0.155268
0.384620
0.139781
0.927439
0.674817
0.310803
0.446225
0.642258
0.810499
0.710465
0.419503
0.402963
0.290478
0.660057
0.507472
0.986244
0.316209
0.389417
0.566991
0.741681
0.974284
0.426337
0.808227
0.349782
0.172674
0.739065
0.246319
0.715942
0.761196
0.168194
0.527553
0.977888
0.863230
0.292080
0.606569
0.282249
0.492292
0.559062
0.755590
0.983691
0.630025
0.002751
0.956008
0.869707
0.223026
0.918453
0.116586
0.777974
0.031736
0.072479
0.747050
0.286236
0.840660
0.230530
0.187544
0.352827
0.476738
0.788004
0.679571
0.072512
0.334822
0.899159
0.436567
0.413271
0.268618
0.760440
0.833664
0.985151
0.491701
0.075418
0.499113
0.011183
0.204097
0.377431
0.367561
0.239980
0.830809
0.077472
0.932141
0.866485
0.877017
0.941807
0.302049
0.165511
0.559062
0.170562
0.498667
0.132037
0.255488
0.141148
0.630978
0.981765
0.209428
0.188227
0.633678
0.303477
0.444397
0.349782
0.612740
0.541923
0.471075
0.690641
0.080046
0.564811
0.181858
0.125311
0.004668
0.220338
0.686375
0.641782
0.039332
0.485954
0.280790
0.371590
0.937463
0.416787
0.386301
0.892451
0.790491
0.001489
0.292723
0.302817
0.243133
0.590952
0.090884
0.000350
0.106183
0.627485
0.169862
0.502986
0.790929
0.566212
0.042495
0.432403
0.523754
0.277065
0.949760
0.474556
0.948048
0.473685
0.277478
0.263921
0.036849
0.473104
0.954197
0.928746
0.230262
0.127702
0.859690
0.293367
0.748426
0.143191
0.393726
0.443554
0.350998
0.155786
0.143433
0.629390
0.554877
0.862222
0.039218
0.592526
0.685110
0.292187
0.994823
0.927908
0.206380
0.310243
0.935626
0.362191
0.521026
0.974700
0.612740
0.577610
0.442012
0.952942
0.880604
0.174808
0.331884
0.540695
0.694428
0.245097
0.756045
0.071228
0.415027
0.580273
0.867480
0.007898
0.965702
0.689694
0.707957
0.477321
0.607359
0.532124
0.503135
0.486101
0.310355
0.435454
0.256166
0.276551
0.592998
0.884145
0.934831
0.096220
0.720623
0.370328
0.896388
0.566991
0.684952
0.200631
0.850812
0.162865
0.739835
0.902329
0.977696
0.211842
0.618760
0.764967
0.956008
0.490962
0.121220
0.464439
0.345549
0.758624
0.397669
0.470497
0.196582
0.570265
0.038636
0.175381
0.924694
0.640351
0.228658
0.954853
0.616699
0.870200
0.065080
0.158863
0.847937
0.833800
0.374503
0.164150
0.849639
0.350147
0.665298
0.974700
0.028209
0.168332
0.643053
0.420592
0.432403
0.491110
0.833800
0.207940
0.769623
0.761800
0.360083
0.825460
0.790929
0.788151
0.343625
0.228836
0.593786
0.737679
0.348812
0.778419
0.531513
0.886015
0.738449
0.975623
0.451593
0.549314
0.731808
0.258993
0.623200
0.745671
0.933762
0.375775
0.940038
0.157155
0.722649
0.494067
0.667997
0.673390
0.910930
0.934119
0.657198
0.578237
0.937463
0.194934
0.019948
0.157744
0.266212
0.030532
0.956721
0.555497
0.968843
0.788590
0.605937
0.413676
0.536556
0.851982
0.568861
0.119554
0.218703
0.980641
0.009460
0.817261
0.213857
0.469051
0.085196
0.859690
0.980817
0.330246
0.894934
0.917055
0.265015
0.443835
0.511523
0.521784
0.028209
0.512876
0.334469
0.767673
0.887987
0.802225
0.551630
0.560459
0.729949
0.797324
0.331649
0.499857
0.255682
0.236766
0.408566
0.813185
0.349175
0.472234
0.161054
0.637014
0.472524
0.990937
0.098075
0.040621
0.916250
0.841992
0.696478
0.353438
0.717816
0.484780
0.065745
0.853019
0.194465
0.220511
0.963036
0.003141
0.525576
0.386043
0.077966
0.966074
0.090559
0.959643
0.090924
0.162125
0.884497
0.882026
0.112991
0.558596
0.370454
0.620821
0.067187
0.983010
0.692535
0.909575
0.933762
0.163202
0.897167
0.479655
0.089752
0.163000
0.883206
0.778419
0.707957
0.290264
0.439913
0.541770
0.264915
0.502539
0.208353
0.947733
0.110021
0.840660
0.827387
0.548542
0.368817
0.059724
0.215717
0.507022
0.396089
0.236766
0.365557
0.616858
0.064005
0.373488
0.152632
0.330479
0.453295
0.649252
0.873993
0.523299
0.643848
0.650523
0.348085
0.082436
0.176675
0.560148
0.617967
0.162663
0.190135
0.004038
0.061358
0.757563
0.176531
0.351485
0.190518
0.249062
0.313272
0.571826
0.595992
0.041191
0.409103
0.819078
0.285183
0.855213
0.004651
0.284973
0.719844
0.491110
0.497181
0.259384
0.127319
0.442572
0.731963
0.337305
0.296168
0.515286
0.531056
0.425925
0.101833
0.576202
0.781676
0.465590
0.905665
0.790929
0.547617
0.463146
0.871306
0.362440
0.270433
0.786537
0.083071
0.753308
0.981208
0.703089
0.149219
0.166333
0.139958
0.547309
0.368817
0.516643
0.770222
0.588278
0.344586
0.967596
0.409237
0.718596
0.777083
0.791659
0.853537
0.635584
0.990937
0.588435
0.519362
0.528770
0.109541
0.725915
0.672280
0.728089
0.322140
0.758169
0.776043
0.981381
0.188988
0.271344
0.770971
0.662122
0.895830
0.415974
0.707329
0.399913
0.247168
0.773361
0.765720
0.456281
0.701202
0.228303
0.022374
0.513327
0.545153
0.760591
0.042966
0.224161
0.593156
0.525728
0.094524
0.177180
0.663551
0.245003
0.770372
0.309573
0.524969
0.938930
0.015927
0.016689
0.138366
0.839591
0.836772
0.245191
0.335885
0.331884
0.991391
0.871674
0.008044
0.679571
0.787271
0.452727
0.387079
0.713127
0.205073
0.101250
0.005556
0.547309
0.449753
0.787271
0.685268
0.387209
0.398988
0.928653
0.116333
0.727157
0.968371
0.934475
0.393333
0.408566
0.803802
0.247829
0.487572
0.273377
0.934919
0.738449
0.893470
0.176964
0.259188
0.639080
0.038711
0.779753
0.334115
0.851852
0.075935
0.529075
0.659263
0.615274
0.180239
0.700572
0.638444
0.301391
0.678462
0.932954
0.128031
0.013833
0.552248
0.368691
0.490520
0.380117
0.609732
0.809506
0.376411
0.116738
0.805662
0.697266
0.181932
0.238415
0.114577
0.168540
0.773361
0.181489
0.170351
0.358599
0.579020
0.229459
0.832035
0.664028
0.207447
0.524361
0.701988
0.486984
0.141567
0.652430
0.527553
0.795296
0.979108
0.541463
0.702460
0.069420
0.960860
0.644483
0.449753
0.114427
0.353316
0.380887
0.195325
0.124398
0.193142
0.123437
0.942970
0.220770
0.060058
0.248587
0.709368
0.068531
0.961660
0.109062
0.970575
0.833664
0.878577
0.018117
0.033683
0.368314
0.284028
0.420592
0.835423
0.198955
0.005969
0.068626
0.308904
0.834342
0.331064
0.540542
0.777826
0.961394
0.607043
0.116992
0.698526
0.519362
0.598199
0.961128
0.281311
0.813185
0.419639
0.238323
0.914529
0.139485
0.489192
0.684952
0.283504
0.553794
0.502091
0.579646
0.326523
0.426612
0.390068
0.041052
0.620504
0.115326
0.396089
0.086509
0.725915
0.920920
0.945339
0.053224
0.019768
0.103508
0.347480
0.872896
0.950681
0.054056
0.110165
0.698368
0.225301
0.644483
0.980860
0.333880
0.428400
0.674025
0.624946
0.103600
0.206134
0.252595
0.485514
0.318139
0.862348
0.270838
0.554877
0.032189
0.110407
0.870077
0.093560
0.036760
0.013331
0.195560
0.624152
0.288245
0.003635
0.806518
0.416787
0.339800
0.540849
0.558907
0.186939
0.538394
0.562478
0.970857
0.223462
0.566212
0.452869
0.005767
0.725915
0.585607
0.809648
0.281102
0.029342
0.672122
0.055056
0.742449
0.631137
0.936417
0.405759
0.095666
0.245097
0.993351
0.512726
0.630819
0.964384
0.464439
0.435454
0.842923
0.810215
0.826149
0.186637
0.687324
0.956079
0.261842
0.572138
0.776043
0.305131
0.583880
0.145258
0.299970
0.447352
0.889484
0.705288
0.565122
0.731344
0.079793
0.980860
0.440192
0.366558
0.312597
0.086665
0.480970
0.476302
0.057239
0.824908
0.302817
0.431850
0.677670
0.537169
0.375012
0.279959
0.771419
0.581841
0.921702
0.922189
0.491701
0.617333
0.802225
0.130634
0.909575
0.460136
0.691904
0.305573
0.352949
0.464008
0.037497
0.479071
0.306237
0.927908
0.301501
0.991152
0.311475
0.592998
0.058976
0.304138
0.704503
0.401768
0.160587
0.908316
0.626691
0.029169
0.170282
0.873506
0.502389
0.881553
0.819078
0.289838
0.756804
0.309796
0.943957
0.100315
0.816139
0.277478
0.236675
0.093894
0.841193
0.319507
0.201192
0.708741
0.253171
0.303477
0.436567
0.203044
0.027672
0.114377
0.428537
0.303697
0.541156
0.754069
0.079793
0.391111
0.869584
0.447493
0.904273
0.804804
0.547463
0.029574
0.629549
0.875569
0.147661
0.185357
0.803516
0.848593
0.319393
0.328963
0.504330
0.767673
0.867604
0.903303
0.629390
0.719220
0.341470
0.926310
0.540081
0.470931
0.799058
0.438935
0.044069
0.357489
0.250680
0.478050
0.797179
0.899599
0.519816
0.046863
0.137956
0.118267
0.713283
0.989210
0.181932
0.764515
0.989836
0.694902
0.911449
0.017231
0.525424
0.366934
0.963101
0.007241
0.672122
0.083222
0.144587
0.925076
0.537322
0.872408
0.798336
0.765268
0.137138
0.783595
0.449611
0.607676
0.966504
0.230173
0.315303
0.539928
0.003144
0.802799
0.641782
0.245473
0.042699
0.124558
0.130522
0.075109
0.545922
0.391111
0.951668
0.990467
0.521784
0.383717
0.971752
0.365057
0.046068
0.032410
0.016131
0.923446
0.749038
0.234673
0.813890
0.917955
0.244816
0.348206
0.892565
0.066509
0.235491
0.198241
0.717191
0.772615
0.938672
0.981765
0.881553
0.585607
0.108064
0.335058
0.534721
0.507022
0.464295
0.558441
0.745211
0.031628
0.517247
0.695848
0.294334
0.723427
0.767073
0.332822
0.234764
0.709995
0.836233
0.244722
0.611790
0.659898
0.705916
0.657515
0.334469
0.871796
0.966504
0.039981
0.428813
0.775894
0.729174
0.965453
0.545306
0.230262
0.719220
0.475719
0.911449
0.824494
0.351120
0.906942
0.674183
0.904702
0.520421
0.206462
0.734437
0.056309
0.370202
0.032808
0.545922
0.774852
0.883676
0.087723
0.199672
0.534721
0.501942
0.160055
0.145687
0.094650
0.461998
0.808370
0.862348
0.651318
0.247829
0.210757
0.814453
0.362813
0.450743
0.021605
0.160055
0.711092
0.041628
0.162596
0.629549
0.684319
0.000966
0.059919
0.910618
0.971973
0.754221
0.033178
0.549159
0.528313
0.889024
0.595676
0.333057
0.630184
0.075315
0.883088
0.907894
0.690641
0.539314
0.813608
0.078607
0.910618
0.191133
0.046752
0.908000
0.799058
0.198400
0.581841
0.773510
0.372982
0.003816
0.892905
0.986421
0.345670
0.876053
0.848068
0.588435
0.895382
0.077613
0.671646
0.987148
0.871796
0.260759
0.502986
0.495549
0.368566
0.090397
0.546538
0.977696
0.380117
0.691273
0.774852
0.286975
0.465158
0.007985
0.046376
0.443273
0.740605
0.501048
0.400708
0.773361
0.606569
0.953903
0.860198
0.372475
0.238690
0.428951
0.644324
0.163676
0.474847
0.956365
0.940038
0.926120
0.438935
0.521026
0.770222
0.752699
0.633519
0.472959
0.364558
0.975825
0.068594
0.235218
0.674976
0.882617
0.959027
0.430054
0.968074
0.910202
0.124023
0.978737
0.662757
0.094062
0.492144
0.921702
0.695217
0.740605
0.214870
0.244535
0.458849
0.642576
0.051521
0.716410
0.653861
0.825736
0.602461
0.818939
0.756804
0.331884
0.796455
0.564967
0.692535
0.219477
0.109781
0.618126
0.111619
0.170912
0.186260
0.661487
0.566368
0.263722
0.707800
0.324441
0.938242
0.691273
