0.000000
0.000000
0.000000
0.000000
0.000000
0.000000
0.000000
0.000000
0.000000
0.000000
0.000000
0.000000
0.000000
0.000000
0.000000
0.000000
0.000000
0.000000
0.000000
0.000000
0.000000
0.000000
0.000000
0.000000
0.690415
0.460326
0.775753
0.185568
0.422244
0.746482
0.889974
0.001239
0.983687
0.822352
0.264637
0.940460
0.327468
0.063617
0.549542
0.838054
0.803426
0.241311
0.472156
0.576663
0.926198
0.758748
0.212373
0.421637
0.350237
0.474039
0.677991
0.565303
0.126337
0.980110
0.248290
0.156081
0.714886
0.910945
0.782408
0.020452
0.714068
0.962276
0.952466
0.993039
0.000000
0.000000
0.000000
0.000000
0.000000
0.000000
0.000000
0.000000
0.000000
0.000000
0.000000
0.000000
0.000000
0.000000
0.000000
0.000000
0.000000
0.000000
0.000000
0.000000
0.000000
0.000000
0.000000
0.000000
0.000000
0.000000
0.000000
0.000000
0.000000
0.000000
0.000000
0.000000
0.000000
0.000000
0.000000
0.000000
0.000000
0.000000
0.000000
0.000000
0.000000
0.000000
0.000000
0.000000
0.000000
0.000000
0.000000
0.000000
0.000000
0.000000
0.000000
0.000000
0.000000
0.000000
0.000000
0.000000
0.676466
0.940630
0.607801
0.182144
0.014546
0.155198
0.133014
0.004789
