0.804947
0.710372
0.873402
0.352749
0.530223
0.367887
0.924289
0.834136
0.164020
0.637625
0.432351
0.456668
0.694013
0.720653
0.920166
0.269652
0.687456
0.756360
0.074362
0.715775
0.130549
0.603455
0.663870
0.035790
0.680075
0.692541
0.945392
0.846044
0.205956
0.365491
0.044947
0.513542
0.375196
0.809136
0.074743
0.053924
0.181791
0.081617
0.597563
0.815135
0.705469
0.587207
0.618518
0.078785
0.519032
0.647116
0.062675
0.131228
0.492242
0.243033
0.914182
0.808274
0.424641
0.257803
0.592124
0.400259
0.821914
0.658386
0.477382
0.009217
0.439356
0.064281
0.606847
0.212328
0.701802
0.861469
0.760037
0.215830
0.362582
0.569310
0.828479
0.587647
0.140416
0.913036
0.804947
0.240867
0.921947
0.064853
0.774610
0.800730
0.139807
0.569455
0.796215
0.071866
0.875498
0.411904
0.981930
0.717815
0.250290
0.821655
0.067926
0.949087
0.456402
0.083532
0.570984
0.500965
0.849228
0.760954
0.207295
0.030695
0.368532
0.552140
0.488662
0.019518
0.990686
0.931568
0.336538
0.627844
0.960052
0.198774
0.942412
0.991452
0.487631
0.449055
0.102863
0.384401
0.226860
0.160075
0.981193
0.713878
0.421070
0.891767
0.608101
0.775236
0.980930
0.332142
0.962016
0.181929
0.744469
0.799453
0.211392
0.653567
0.610980
0.966950
0.681996
0.909164
0.367419
0.045118
0.844997
0.417770
0.412721
0.442358
0.483177
0.560307
0.615634
0.740886
0.533640
0.913036
0.386090
0.176045
0.132779
0.241818
0.275632
0.323575
0.258669
0.783186
0.711176
0.983425
0.522069
0.129821
0.666241
0.435132
0.389664
0.923123
0.437404
0.072870
0.461603
0.071452
0.201195
0.958678
0.424705
0.179392
0.253778
0.145598
0.636513
0.760672
0.580690
0.746471
0.607437
0.271777
0.814150
0.468718
0.114073
0.254093
0.876849
0.977093
0.899133
0.125553
0.887376
0.645040
0.737941
0.672681
0.007842
0.725083
0.474124
0.355721
0.460133
0.142818
0.665796
0.820097
0.020798
0.839600
0.753878
0.987135
0.226778
0.335711
0.008274
0.532429
0.878418
0.172155
0.547459
0.035291
0.452754
0.305822
0.788261
0.947737
0.294465
0.718762
0.032034
0.429386
0.432480
0.937781
0.386090
0.933129
0.480923
0.031541
0.106975
0.890276
0.482425
0.003563
0.551059
0.834136
0.184704
0.110305
0.522705
0.431512
0.176683
0.425345
0.151475
0.615634
0.001067
0.849898
0.285719
0.697984
0.824305
0.767071
0.033450
0.579886
0.231721
0.290316
0.676527
0.177222
0.192336
0.805813
0.623993
0.165194
0.952850
0.222242
0.763419
0.167338
0.162728
0.171137
0.458532
0.001750
0.196854
0.088662
0.954125
0.465221
0.144742
0.661277
0.111822
0.940889
0.418467
0.527949
0.955818
0.600581
0.205537
0.163483
0.214448
0.401618
0.683103
0.593740
0.225094
0.711176
0.109677
0.939426
0.936890
0.663203
0.193530
0.574336
0.664981
0.970063
0.893723
0.976704
0.456801
0.937781
0.060131
0.260178
0.500757
0.543868
0.560597
0.949701
0.105841
0.520091
0.012137
0.595136
0.296732
0.933129
0.551059
0.576379
0.453217
0.652752
0.305822
0.842028
0.434161
0.881308
0.562046
0.641851
0.270170
0.349908
0.292360
0.805947
0.908527
0.566111
0.512489
0.947737
0.904311
0.734340
0.428422
0.481674
0.536566
0.575430
0.800125
0.431641
0.011720
0.271398
0.484340
0.964695
0.063179
0.264976
0.971772
0.422471
0.934672
0.466833
0.124125
0.480923
0.973744
0.138021
0.019688
0.987135
0.195826
0.155755
0.374011
0.204473
0.833314
0.071299
0.289026
0.234373
0.689520
0.254769
0.101099
0.414232
0.303506
0.677341
0.713221
0.904110
0.756218
0.870317
0.198366
0.967934
0.060131
0.740240
0.090781
0.853836
0.798982
0.272013
0.421070
0.085075
0.393441
0.389117
0.665278
0.619479
0.212328
0.923123
0.848434
0.157275
0.588307
0.417643
0.738228
0.920853
0.355950
0.842710
0.753736
0.932667
0.668684
0.254453
0.527594
0.584496
0.645188
0.538424
0.803344
0.217658
0.064406
0.357212
0.445175
0.277167
0.239660
0.336428
0.510946
0.139393
0.093196
0.810129
0.831792
0.545591
0.165321
0.167982
0.057846
0.834831
0.028192
0.982688
0.782429
0.903457
0.697322
0.425217
0.714024
0.444781
0.147035
0.785728
0.147035
0.686940
0.042949
0.857494
0.263400
0.476770
0.899492
0.703709
0.198144
0.435132
0.412847
0.366892
0.277407
0.167627
0.967934
0.967934
0.997878
0.800596
0.561249
0.164083
0.633623
0.352863
0.349908
0.221634
0.048901
0.202508
0.332251
0.594989
0.387905
0.838100
0.468853
0.674457
0.037385
0.287098
0.270265
0.400815
0.481537
0.450638
0.623475
0.586401
0.419291
0.814413
0.931568
0.960399
0.589554
0.021551
0.003343
0.728561
0.495073
0.568000
0.090535
0.792691
0.228845
0.905958
0.815135
0.523483
0.021410
0.151978
0.467842
0.162508
0.727910
0.270784
0.110598
0.317067
0.962811
0.667203
0.657719
0.149796
0.210964
0.121457
0.589407
0.529156
0.522422
0.772801
0.582885
0.565021
0.460133
0.208024
0.557340
0.238801
0.500618
0.728995
0.813164
0.041014
0.791943
0.155090
0.000384
0.321324
0.162508
0.708324
0.997878
0.014612
0.600581
0.784080
0.835776
0.152841
0.771616
0.415999
0.179699
0.820682
0.033917
0.471485
0.790923
0.044045
0.995141
0.856837
0.637625
0.304946
0.846965
0.817817
0.209954
0.125478
0.996573
0.739665
0.990660
0.388874
0.669351
0.125654
0.288382
0.189396
0.468988
0.933590
0.999665
0.603455
0.890170
0.368649
0.569746
0.988559
0.956750
0.770848
0.115073
0.506818
0.820227
0.879143
0.244166
0.955010
0.263677
0.706274
0.273342
0.593887
0.846965
0.421070
0.198774
0.968708
0.593079
0.096965
0.396135
0.866679
0.459532
0.412721
0.249224
0.118096
0.742894
0.914894
0.885478
0.700995
0.271493
0.240867
0.898463
0.138376
0.119199
0.387118
0.559366
0.708324
0.393746
0.473243
0.651491
0.668832
0.463611
0.900260
0.451629
0.644076
0.968955
0.648080
0.160292
0.341866
0.772662
0.098768
0.948286
0.632511
0.633474
0.837410
0.585741
0.980889
0.576890
0.141557
0.278659
0.854618
0.066768
0.549186
0.360844
0.834831
0.542935
0.770569
0.051198
0.616447
0.517975
0.263677
0.740886
0.084914
0.128197
0.544513
0.198774
0.917154
0.743825
0.297085
0.823337
0.297186
0.009464
0.235389
0.712272
0.792827
0.415999
0.859279
0.773288
0.838100
0.838100
0.186633
0.471214
0.378408
0.730876
0.859813
0.578424
0.385969
0.451761
0.917761
0.284983
0.352749
0.643260
0.499160
0.326810
0.439682
0.536423
0.884168
0.779601
0.280545
0.202245
0.498674
0.393746
0.198144
0.401742
0.731815
0.291611
0.613565
0.602497
0.203224
0.528091
0.751106
0.652604
0.244079
0.055458
0.299927
0.119199
0.388450
0.412156
0.984341
0.907888
0.928215
0.192589
0.080572
0.795336
0.051074
0.465489
0.532571
0.753452
0.844566
0.539067
0.685022
0.359054
0.696073
0.840287
0.613196
0.503958
0.106931
0.114119
0.402547
0.156483
0.671571
0.554521
0.111731
0.311801
0.683915
0.612605
0.218417
0.442227
0.901484
0.215316
0.799116
0.858387
0.690626
0.380738
0.049390
0.657571
0.331540
0.932583
0.692246
0.202923
0.236962
0.097307
0.312377
0.808274
0.125126
0.809996
0.548251
0.026967
0.870432
0.344776
0.380738
0.875385
0.427202
0.435003
0.498674
0.754942
0.051164
0.510316
0.780775
0.058671
0.786002
0.643112
0.054340
0.949629
0.071330
0.145656
0.926596
0.623179
0.590068
0.583031
0.176045
0.250646
0.962293
0.295319
0.927736
0.612900
0.939942
0.580836
0.376087
0.454344
0.555460
0.379841
0.088588
0.961554
0.135661
0.842276
0.228928
0.586694
0.460000
0.327893
0.973744
0.755439
0.830839
0.654828
0.931398
0.314321
0.220947
0.292810
0.577840
0.038143
0.365258
0.012894
0.444191
0.004041
0.217300
0.222972
0.576379
0.403787
0.797364
0.741818
0.789559
0.394297
0.635401
0.734340
0.870432
0.150825
0.831792
0.210808
0.561901
0.378945
0.717378
0.720508
0.136200
0.737293
0.360208
0.086443
0.304071
0.007027
0.792827
0.754942
0.837410
0.059884
0.427844
0.017056
0.009580
0.017332
0.827775
0.211665
0.355091
0.055458
0.036402
0.425793
0.313742
0.359689
0.185859
0.511087
0.457666
0.115120
0.984998
0.491208
0.213268
0.392403
0.429258
0.828479
0.733691
0.791943
0.469459
0.115541
0.899697
0.212328
0.696734
0.231805
0.848434
0.442947
0.226489
0.416125
0.278129
0.092519
0.357327
0.721453
0.656459
0.852145
0.306081
0.192120
0.395705
0.052533
0.031874
0.025792
0.900822
0.381277
0.616078
0.308204
0.240953
0.722398
0.208949
0.490450
0.355205
0.521786
0.363337
0.052811
0.003784
0.945392
0.931568
0.063302
0.732609
0.232728
0.192444
0.420244
0.553583
0.806413
0.566910
0.793574
0.792827
0.555605
0.222363
0.532571
0.369177
0.576525
0.954194
0.066681
0.907346
0.156271
0.846842
0.053830
0.805080
0.736358
0.158685
0.470472
0.096745
0.149036
0.972158
0.805813
0.735277
0.635698
0.445043
0.469864
0.186105
0.159394
0.342592
0.315586
0.509126
0.606183
0.164908
0.651788
0.243773
0.923213
0.934838
0.618518
0.631029
0.767982
0.412596
0.381937
0.839600
0.562844
0.722543
0.444912
0.010920
0.805947
0.923527
0.828926
0.344271
0.352977
0.303711
0.513964
0.024987
0.749895
0.207871
0.623179
0.219178
0.656607
0.174507
0.572295
0.812571
0.048032
0.285425
0.821784
0.682808
0.344047
0.989281
0.168111
0.631844
0.761871
0.809003
0.600581
0.690478
0.616447
0.382837
0.555605
0.453946
0.818274
0.763842
0.531930
0.709275
0.221634
0.651936
0.395767
0.480923
0.016499
0.292710
0.710372
0.165067
0.434744
0.338197
0.079137
0.285818
0.876343
0.714681
0.391123
0.135607
0.173079
0.743968
0.409960
0.859160
0.879644
0.252030
0.845367
0.570693
0.989067
0.876118
0.082814
0.733691
0.111685
0.016755
0.141724
0.946366
0.168531
0.740096
0.294565
0.353091
0.083532
0.773288
0.142537
0.759260
0.910626
0.870317
0.227851
0.264790
0.239488
0.559511
0.539067
0.499715
0.730876
0.049554
0.116152
0.936808
0.593079
0.701509
0.202584
0.452754
0.259765
0.504725
0.120554
0.618666
0.726968
0.308308
0.574628
0.555749
0.291212
0.710518
0.545447
0.382837
0.488043
0.435975
0.748184
0.157337
0.944484
0.849898
0.015376
0.642444
0.942412
0.579082
0.059858
0.863879
0.908527
0.102546
0.238715
0.690773
0.330231
0.471214
0.614969
0.549330
0.462473
0.171005
0.019878
0.920166
0.622513
0.411779
0.146718
0.664981
0.700848
0.174207
0.264976
0.995249
0.199330
0.538924
0.898824
0.539854
0.020085
0.164020
0.622217
0.611792
0.749111
0.345113
0.093332
0.914705
0.798106
0.506679
0.438119
0.717961
0.069401
0.154969
0.935909
0.920258
0.337367
0.136011
0.941399
0.971824
0.126109
0.440790
0.347195
0.882522
0.305616
0.933129
0.583690
0.072297
0.373656
0.748327
0.903557
0.662092
0.218417
0.670609
0.120020
0.569746
0.123379
0.850689
0.488043
0.303608
0.444060
0.310129
0.835524
0.151268
0.092983
0.508356
0.768262
0.668684
0.223135
0.222323
0.509265
0.480650
0.134080
0.851478
0.179052
0.459132
0.888077
0.444781
0.019105
0.001337
0.861587
0.127251
0.724140
0.345000
0.848862
0.498397
0.332032
0.357960
0.295018
0.787030
0.018815
0.315006
0.816968
0.126260
0.132410
0.019920
0.350986
0.748327
0.760037
0.497218
0.831411
0.355835
0.629770
0.694307
0.124575
0.213425
0.760672
0.850810
0.793710
0.409584
0.401495
0.786619
0.716722
0.159456
0.124025
0.375968
0.276447
0.226531
0.370823
0.637773
0.063742
0.761730
0.672681
0.971720
0.374130
0.323199
0.096524
0.913658
0.466497
0.067868
0.308412
0.850689
0.369177
0.838788
0.160013
0.447935
0.226407
0.562191
0.930930
0.024088
0.911256
0.722543
0.787783
0.276878
0.858506
0.047073
0.801334
0.636513
0.825979
0.422854
0.604266
0.805947
0.822496
0.473853
0.514737
0.399457
0.835524
0.094385
0.425345
0.222444
0.267119
0.259582
0.321324
0.726316
0.631029
0.874140
0.326594
0.933506
0.732609
0.356810
0.898360
0.613048
0.540284
0.682808
0.076773
0.546525
0.771755
0.809268
0.624141
0.512770
0.354347
0.531646
0.441378
0.649563
0.145113
0.570547
0.529014
0.732609
0.128145
0.808539
0.251047
0.390575
0.590361
0.910626
0.963655
0.991942
0.026750
0.296075
0.853051
0.726968
0.293261
0.909360
0.739019
0.741818
0.312272
0.438835
0.369177
0.399087
0.333073
0.378408
0.448198
0.006316
0.819382
0.309556
0.109475
0.631029
0.771755
0.589407
0.638144
0.977297
0.158347
0.963204
0.819967
0.158409
0.860701
0.210032
0.878530
0.926508
0.635401
0.805080
0.577840
0.595798
0.942334
0.298605
0.934672
0.715118
0.331431
0.857732
0.737293
0.345506
0.396135
0.364850
0.732753
0.527168
0.386755
0.348776
0.714170
0.621107
0.737941
0.964695
0.099834
0.385849
0.144856
0.458266
0.770709
0.558714
0.876231
0.569746
0.777178
0.544011
0.884551
0.225012
0.845120
0.534424
0.184112
0.603307
0.140832
0.707665
0.075478
0.268712
0.423172
0.840287
0.536423
0.027248
0.201457
0.653419
0.989309
0.338474
0.676084
0.438835
0.076107
0.962811
0.749254
0.882632
0.856956
0.635550
0.245697
0.858387
0.902902
0.377514
0.622365
0.364733
0.420244
0.768262
0.602644
0.207871
0.528233
0.321217
0.483314
0.655643
0.278129
0.342704
0.052858
0.236026
0.906157
0.027469
0.279383
0.442620
0.324597
0.705322
0.765528
0.668536
0.052811
0.941907
0.300946
0.594695
0.950953
0.025828
0.691436
0.742464
0.354576
0.379184
0.240220
0.787783
0.990147
0.540284
0.015682
0.664018
0.837410
0.633623
0.307063
0.666611
0.311487
0.825979
0.771616
0.449055
0.864289
0.235092
0.034594
0.625918
0.145913
0.818404
0.205613
0.898257
0.300283
0.021261
0.057707
0.292060
0.731526
0.993468
0.238158
0.228223
0.938907
0.406088
0.076107
0.716577
0.604266
0.232182
0.103648
0.413099
0.169017
0.075784
0.086443
0.744469
0.988529
0.088755
0.534282
0.278418
0.860050
0.210381
0.066796
0.711322
0.664167
0.297490
0.717669
0.953610
0.564223
0.333676
0.481674
0.198699
0.939346
0.459266
0.012774
0.157337
0.384281
0.852266
0.089109
0.390028
0.003777
0.714170
0.934132
0.143213
0.569746
0.169439
0.158993
0.691289
0.468718
0.699894
0.671719
0.378945
0.346237
0.180212
0.489418
0.545734
0.490450
0.158532
0.234373
0.672237
0.225996
0.916639
0.331049
0.299062
0.614969
0.808871
0.425409
0.254769
0.334995
0.995850
0.181722
0.348663
0.031932
0.098279
0.325190
0.733403
0.705615
0.657274
0.331649
0.406088
0.425665
0.784973
0.984609
0.274390
0.208872
0.771128
0.748327
0.903457
0.711980
0.915415
0.553872
0.834957
0.994456
0.681183
0.154517
0.685834
0.442816
0.002270
0.601244
0.142284
0.597858
0.440203
0.320736
0.962016
0.018634
0.898927
0.488799
0.366250
0.628955
0.141306
0.482699
0.017254
0.256124
0.196854
0.543724
0.886889
0.174807
0.432480
0.266792
0.412973
0.735277
0.072421
0.127761
0.537637
0.428037
0.348041
0.546668
0.752670
0.373124
0.677636
0.445503
0.386876
0.179495
0.656607
0.556689
0.919660
0.936196
0.065925
0.817687
0.034696
0.761095
0.006333
0.418593
0.440790
0.916639
0.681331
0.149445
0.252791
0.141557
0.440921
0.140666
0.555099
0.239488
0.224194
0.425665
0.814872
0.757280
0.077198
0.377097
0.131804
0.466094
0.700701
0.416947
0.111663
0.203980
0.688562
0.559655
0.892350
0.140222
0.959575
0.399888
0.429837
0.906802
0.939942
0.280012
0.214802
0.131910
0.242555
0.894983
0.974285
0.314900
0.291412
0.125503
0.622217
0.480037
0.719562
0.861351
0.528091
0.591977
0.666092
0.258395
0.838913
0.840411
0.904110
0.126590
0.950097
0.417770
0.393746
0.454211
0.999062
0.177729
0.861469
0.000484
0.846167
0.938386
0.830839
0.830711
0.536708
0.655347
0.526388
0.839600
0.922626
0.455937
0.479764
0.483587
0.818535
0.747399
0.345113
0.379961
0.066266
0.449186
0.772662
0.146344
0.172221
0.932667
0.275728
0.192336
0.224194
0.871920
0.438379
0.838788
0.605224
0.830138
0.679410
0.876343
0.606847
0.683768
0.700188
0.314321
0.326107
0.215237
0.606994
0.904110
0.627696
0.673791
0.758200
0.920258
0.035036
0.455074
0.509405
0.425921
0.709129
0.881308
0.028616
0.813295
0.179188
0.666759
0.038627
0.529156
0.407834
0.826685
0.771895
0.133867
0.615117
0.420244
0.460868
0.278756
0.156331
0.369941
0.804947
0.799587
0.906058
0.783186
0.443798
0.136011
0.951343
0.968405
0.287542
0.424002
0.725229
0.603307
0.266605
0.944901
0.266512
0.465489
0.679410
0.785865
0.307271
0.012694
0.425793
0.340418
0.057169
0.388208
0.247015
0.378289
0.145056
0.610020
0.979853
0.528872
0.192878
0.816968
0.642964
0.825979
0.004419
0.069237
0.941829
0.229551
0.053418
0.822367
0.717669
0.846842
0.947737
0.537494
0.401990
0.824047
0.025407
0.444912
0.021657
0.287542
0.097610
0.297085
0.430674
0.058927
0.462138
0.409021
0.058010
0.993468
0.112118
0.620145
0.502287
0.877074
0.197812
0.092192
0.449318
0.728995
0.525608
0.784973
0.028557
0.909994
0.852266
0.164432
0.102166
0.334060
0.139752
0.141557
0.047556
0.519032
0.852145
0.392403
0.886184
0.979536
0.124850
0.670757
0.799856
0.314426
0.260774
0.908625
0.569455
0.003726
0.949087
0.061799
0.609872
0.761589
0.798106
0.083990
0.212328
0.413665
0.898360
0.473243
0.673643
0.308516
0.042614
0.612752
0.236494
0.213425
0.642964
0.765387
0.080453
0.124524
0.584789
0.387662
0.627992
0.100061
0.370176
0.369295
0.979065
0.550122
0.713075
0.705615
0.577840
0.851478
0.472093
0.687751
0.733691
0.158747
0.776138
0.764615
0.053594
0.325891
0.235941
0.898927
0.879143
0.275632
0.869685
0.728995
0.974601
0.866562
0.471620
0.314426
0.839725
0.632659
0.479764
0.833314
0.750963
0.968350
0.088514
0.989999
0.353947
0.452621
0.518257
0.986358
0.353833
0.776416
0.075687
0.941984
0.096305
0.828351
0.925359
0.837034
0.242295
0.989281
0.565021
0.008448
0.382177
0.721453
0.698131
0.548394
0.931483
0.467977
0.956750
0.967318
0.104482
0.567855
0.063535
0.911690
0.613048
0.858506
0.270359
0.448462
0.672533
0.765387
0.259674
0.474259
0.636810
0.402299
0.146057
0.855399
0.661425
0.545447
0.213504
0.421516
0.946292
0.672237
0.119827
0.242555
0.569455
0.448330
0.598520
0.332142
0.617261
0.523908
0.711468
0.376087
0.552933
0.668018
0.710518
0.839476
0.234838
0.612605
0.695558
0.351611
0.328816
0.799587
0.391062
0.269652
0.713878
0.994110
0.580544
0.095747
0.417516
0.416252
0.598667
0.538138
0.602644
0.820941
0.897689
0.703049
0.752386
0.123975
0.969768
0.634067
0.522705
0.038740
0.130055
0.175174
0.835776
0.618814
0.458666
0.214448
0.884769
0.485984
0.520232
0.789423
0.400691
0.242642
0.264372
0.809996
0.386876
0.231093
0.208024
0.452357
0.292510
0.646004
0.672533
0.920166
0.460400
0.441639
0.529014
0.739953
0.038801
0.998431
0.424961
0.446488
0.921446
0.865165
0.500062
0.597711
0.967318
0.556978
0.664833
0.726823
0.445897
0.705762
0.048288
0.382958
0.270689
0.022638
0.980664
0.755439
0.611792
0.786140
0.052280
0.995947
0.151741
0.191077
0.601244
0.458266
0.777040
0.679262
0.493001
0.382177
0.559511
0.090045
0.143213
0.256713
0.461001
0.775236
0.757280
0.567201
0.557340
0.978500
0.502148
0.576379
0.942412
0.591169
0.168823
0.673347
0.331049
0.084185
0.967571
0.381937
0.943912
0.641184
0.045866
0.038401
0.150560
0.653716
0.217021
0.790037
0.972107
0.931568
0.344271
0.951024
0.078203
0.964754
0.600434
0.923213
0.944256
0.920166
0.264465
0.433191
0.698939
0.220585
0.201270
0.849228
0.909262
0.444912
0.390819
0.076382
0.169732
0.620293
0.166023
0.174307
0.907888
0.085003
0.210808
0.320309
0.983181
0.415872
0.701949
0.801736
0.035717
0.477382
0.581787
0.628140
0.431061
0.033488
0.955381
0.884059
0.524050
0.221473
0.241429
0.778079
0.113818
0.606994
0.910529
0.411779
0.656311
0.118935
0.041152
0.885478
0.341476
0.163799
0.934215
0.734773
0.663203
0.009150
0.844319
0.332470
0.968405
0.957540
0.085810
0.992071
0.474327
0.044301
0.071330
0.696073
0.122094
0.148803
0.329414
0.566111
0.591022
0.397486
0.121139
0.830011
0.821525
0.860819
0.764334
0.380379
0.873175
0.478130
0.944256
0.791195
0.924870
0.709275
0.763701
0.116364
0.538281
0.443209
0.579082
0.194475
0.109341
0.321805
0.397609
0.774471
0.701656
0.596901
0.612900
0.496872
0.746328
0.007023
0.711030
0.691583
0.345506
0.958258
0.115330
0.778079
0.200223
0.874140
0.995650
0.537066
0.636513
0.655792
0.136959
0.320523
0.500340
0.914087
0.349908
0.245215
0.942837
0.907888
0.691436
0.617039
0.405652
0.478538
0.356581
0.617704
0.337754
0.301252
0.870547
0.412596
0.008655
0.001795
0.129925
0.042491
0.342089
0.521645
0.022444
0.369412
0.928215
0.966523
0.715629
0.215830
0.495073
0.591830
0.197480
0.776416
0.837849
0.538281
0.241342
0.687604
0.354462
0.416947
0.149679
0.202020
0.495834
0.791195
0.900822
0.682660
0.038723
0.973694
0.510176
0.844442
0.297288
0.323898
0.958807
0.607437
0.917247
0.993082
0.357845
0.829181
0.355835
0.603455
0.353719
0.111685
0.377514
0.582885
0.449450
0.842276
0.788261
0.195424
0.873402
0.584789
0.261371
0.328110
0.341978
0.062350
0.169927
0.866446
0.128530
0.189467
0.475887
0.613713
0.681331
0.392037
0.341978
0.586547
0.853715
0.439682
0.973744
0.505911
0.368532
0.334390
0.919568
0.316167
0.173444
0.133521
0.199442
0.527310
0.195022
0.653716
0.616447
0.086715
0.967571
0.199888
0.083761
0.545447
0.856837
0.344776
0.467977
0.793710
0.297642
0.190933
0.686645
0.056610
0.459399
0.687899
0.584642
0.532999
0.495834
0.764474
0.427459
0.588454
0.448066
0.896236
0.471349
0.578278
0.528872
0.399765
0.123602
0.444912
0.752812
0.007412
0.488181
0.392159
0.606330
0.608913
0.324382
0.429000
0.826685
0.427459
0.278322
0.739953
0.600287
0.744755
0.125327
0.593225
0.898360
0.617409
0.374011
0.512770
0.717669
0.617409
0.742607
0.092654
0.963924
0.158747
0.671423
0.155967
0.358939
0.088904
0.244646
0.541072
0.326702
0.686940
0.925359
0.051810
0.209297
0.761730
0.760037
0.457666
0.613713
0.734629
0.693498
0.321217
0.109141
0.437404
0.451761
0.164368
0.830584
0.362814
0.050805
0.291761
0.549042
0.900260
0.129873
0.284983
0.119972
0.961275
0.309660
0.695263
0.792079
0.244646
0.630881
0.764474
0.751746
0.518398
0.333786
0.185719
0.213779
0.942837
0.785865
0.862352
0.181791
0.423555
0.704956
0.516284
0.472972
0.712783
0.613048
0.502148
0.019331
0.222080
0.752670
0.876005
0.352863
0.656459
0.739809
0.236792
0.934132
0.296075
0.830839
0.914277
0.963924
0.518116
0.595798
0.507307
0.301610
0.977926
0.357327
0.986782
0.063838
0.674309
0.422025
0.641332
0.182239
0.465959
0.708178
0.971096
0.772522
0.684727
0.957475
0.406586
0.747256
0.720653
0.603307
0.434032
0.515651
0.268947
0.361307
0.948615
0.415304
0.590068
0.901687
0.687456
0.179631
0.381397
0.946292
0.202584
0.842834
0.151919
0.012768
0.530223
0.179699
0.037016
0.310442
0.369823
0.630881
