0.768734
0.937933
0.499975
0.833931
0.864391
0.292098
0.499975
0.121745
0.768734
0.643093
0.482750
0.624567
0.007940
0.937933
0.110007
0.751088
0.643093
0.768734
0.387466
0.624567
0.661629
0.162877
0.733168
0.059014
0.535191
0.768734
0.499975
0.606091
0.027221
0.733168
0.080978
0.304778
0.624567
0.715027
0.482750
0.715027
0.768734
0.155173
0.733168
0.279807
0.317849
0.482750
0.482750
0.019311
0.768734
0.864391
0.553132
0.225124
0.751088
0.569437
0.482750
0.499975
0.110007
0.402779
0.115746
0.643093
0.916063
0.715027
0.235548
0.372518
0.751088
0.849457
0.482750
0.937933
0.606091
0.387466
0.606091
0.304778
0.535191
0.045065
0.205375
0.751088
0.317849
0.849457
0.768734
0.115746
0.292098
0.089946
0.849457
0.292098
0.482750
0.005518
0.465808
0.970536
0.085357
0.976721
0.696716
0.162877
0.976721
0.624567
0.304778
0.751088
0.517464
0.733168
0.643093
0.864391
0.643093
0.768734
0.553132
0.304778
0.715027
0.080978
0.292098
0.751088
0.976721
0.606091
0.402779
0.019311
0.279807
0.038098
0.402779
0.110007
0.715027
0.624567
0.304778
0.372518
0.849457
0.751088
0.517464
0.661629
0.864391
0.751088
0.833931
0.482750
0.751088
0.751088
0.155173
0.018208
0.606091
0.499975
0.040301
0.085357
0.768734
0.864391
0.715027
0.643093
0.733168
0.115746
0.733168
0.027221
0.751088
0.372518
0.055881
0.465808
0.751088
0.733168
0.849457
0.849457
0.833931
0.372518
0.927419
0.916063
0.733168
0.205375
0.402779
0.606091
0.080978
0.292098
0.715027
0.012819
0.733168
0.661629
0.733168
0.849457
0.019311
0.279807
0.235548
0.499975
0.089946
0.833931
0.162877
0.482750
0.751088
0.606091
0.833931
0.292098
0.418451
0.849457
0.715027
0.927419
0.606091
0.465808
0.387466
0.292098
0.849457
0.606091
0.225124
0.587702
0.047637
0.624567
0.733168
0.733168
0.751088
0.162877
0.817866
0.292098
0.606091
0.833931
0.624567
0.864391
0.768734
0.927419
0.937933
0.357946
0.517464
0.624567
0.045065
0.643093
0.387466
0.849457
0.162877
0.004326
0.387466
0.387466
0.482750
0.110007
0.751088
0.768734
0.115746
0.916063
0.121745
0.927419
0.833931
0.715027
0.372518
0.465808
0.733168
0.916063
0.833931
0.733168
0.155173
0.751088
0.643093
0.937933
0.372518
0.751088
0.696716
0.170899
0.696716
0.733168
0.387466
0.937933
0.661629
0.387466
0.418451
0.019311
0.387466
0.465808
0.927419
0.005871
0.304778
0.052901
0.517464
0.751088
0.998315
0.864391
0.624567
0.751088
0.849457
0.279807
0.833931
0.028832
0.155173
0.751088
0.937933
0.849457
0.387466
0.937933
0.696716
0.085357
0.225124
0.569437
0.733168
0.624567
0.317849
0.643093
0.304778
0.482750
0.055881
0.304778
0.179248
0.055881
0.155173
0.606091
0.587702
0.643093
0.110007
0.317849
0.733168
0.225124
0.864391
0.155173
0.587702
0.751088
0.733168
0.927419
0.482750
0.927419
0.927419
0.937933
0.916063
0.387466
0.864391
0.817866
0.402779
0.733168
0.402779
0.292098
0.019311
0.733168
0.402779
0.733168
0.085357
0.715027
0.587702
0.849457
0.768734
0.587702
0.387466
0.042621
0.482750
0.733168
0.937933
0.372518
0.970536
0.482750
0.115746
0.517464
0.998315
0.418451
0.535191
0.002627
0.482750
0.012819
0.833931
0.624567
0.499975
0.733168
0.292098
0.643093
0.005871
0.849457
0.982043
0.387466
0.903897
0.387466
0.733168
0.587702
0.013611
0.849457
0.292098
0.215069
0.849457
0.624567
0.751088
0.482750
0.833931
0.402779
0.080978
0.535191
0.517464
0.004063
0.020478
0.624567
0.751088
0.402779
0.110007
0.606091
0.110007
0.849457
0.482750
0.085357
0.937933
0.482750
0.387466
0.976721
0.624567
0.387466
0.225124
0.864391
0.205375
0.976721
0.927419
0.927419
0.606091
0.292098
0.235548
0.833931
0.517464
0.849457
0.402779
0.970536
0.162877
0.916063
0.751088
0.715027
0.937933
0.115746
0.849457
0.916063
0.624567
0.002627
0.624567
0.715027
0.499975
0.019311
0.927419
0.115746
0.387466
0.624567
0.179248
0.927419
0.624567
0.304778
0.062306
0.833931
0.751088
0.279807
0.225124
0.833931
0.849457
0.235548
0.849457
0.110007
0.372518
0.402779
0.387466
0.643093
0.499975
0.624567
0.225124
0.817866
0.624567
0.155173
0.927419
0.499975
0.225124
0.482750
0.733168
0.927419
0.225124
0.372518
0.927419
0.937933
0.001583
0.715027
0.162877
0.372518
0.065765
0.751088
0.624567
0.606091
0.372518
0.304778
0.304778
0.751088
0.008972
0.624567
0.000465
0.916063
0.317849
0.751088
0.372518
0.357946
0.624567
0.751088
0.482750
0.018208
0.849457
0.606091
0.927419
0.059014
0.733168
0.085357
0.606091
0.849457
0.535191
0.215069
0.751088
0.482750
0.482750
0.085357
0.849457
0.715027
0.927419
0.292098
0.849457
0.279807
0.643093
0.304778
0.482750
0.155173
0.235548
0.624567
0.751088
0.317849
0.715027
0.482750
0.864391
0.624567
0.768734
0.606091
0.833931
0.751088
0.215069
0.387466
0.937933
0.927419
0.418451
0.833931
0.937933
0.937933
0.059014
0.482750
0.768734
0.304778
0.402779
0.059014
0.001583
0.849457
0.833931
0.927419
0.768734
0.036007
0.225124
0.499975
0.465808
0.372518
0.733168
0.304778
0.005871
0.643093
0.387466
0.817866
0.643093
0.927419
0.733168
0.055881
0.080978
0.817866
0.076801
0.768734
0.235548
0.751088
0.482750
0.733168
0.482750
0.606091
0.937933
0.606091
0.733168
0.115746
0.733168
0.215069
0.768734
0.019311
0.317849
0.715027
0.768734
0.235548
0.115746
0.292098
0.018208
0.517464
0.849457
0.606091
0.768734
0.387466
0.751088
0.916063
0.003583
0.833931
0.465808
0.235548
0.535191
0.661629
0.587702
0.715027
0.402779
0.624567
0.715027
0.751088
0.402779
0.751088
0.849457
0.517464
0.055881
0.768734
0.624567
0.304778
0.624567
0.059014
0.089946
0.434469
0.715027
0.864391
0.014448
0.715027
0.535191
0.982043
0.733168
0.587702
0.937933
0.110007
0.643093
0.768734
0.110007
0.225124
0.065765
0.833931
0.587702
0.927419
0.864391
0.292098
0.387466
0.624567
0.751088
0.499975
0.387466
0.080978
0.292098
0.849457
0.499975
0.535191
0.643093
0.304778
0.007940
0.833931
0.927419
0.937933
0.402779
0.372518
0.019311
0.751088
0.482750
0.121745
0.402779
0.624567
0.696716
0.849457
0.027221
0.927419
0.292098
0.372518
0.833931
0.587702
0.535191
0.535191
0.465808
0.817866
0.587702
0.055881
0.624567
0.482750
0.624567
0.624567
0.499975
0.372518
0.147779
0.733168
0.624567
0.028832
0.751088
0.062306
0.038098
0.817866
0.089946
0.535191
0.055881
0.849457
0.402779
0.606091
0.733168
0.849457
0.155173
0.751088
0.215069
0.768734
0.085357
0.864391
0.225124
0.916063
0.733168
0.387466
0.482750
0.751088
0.624567
0.715027
0.179248
0.733168
0.279807
0.768734
0.372518
0.304778
0.517464
0.937933
0.402779
0.751088
0.833931
0.751088
0.205375
0.927419
0.864391
0.014448
0.040301
0.833931
0.357946
0.715027
0.587702
0.849457
0.643093
0.007940
0.927419
0.535191
0.387466
0.916063
0.387466
0.916063
0.205375
0.849457
0.606091
0.205375
0.587702
0.387466
0.751088
0.387466
0.733168
0.733168
0.215069
0.864391
0.162877
0.715027
0.110007
0.733168
0.982043
0.499975
0.292098
0.624567
0.715027
0.817866
0.402779
0.937933
0.864391
0.624567
0.733168
0.833931
0.833931
0.387466
0.982043
0.235548
0.751088
0.768734
0.517464
0.715027
0.751088
0.025695
0.849457
0.005871
0.235548
0.624567
0.317849
0.028832
0.304778
0.976721
0.304778
0.449170
0.465808
0.624567
0.864391
0.715027
0.864391
0.587702
0.387466
0.002627
0.499975
0.042621
0.751088
0.833931
0.402779
0.007940
0.864391
0.279807
0.715027
0.624567
0.606091
0.482750
0.372518
0.372518
0.751088
0.751088
0.916063
0.372518
0.733168
0.927419
0.018208
0.499975
0.937933
0.080978
0.372518
0.000133
0.998315
0.085357
0.162877
0.733168
0.372518
0.003364
0.624567
0.304778
0.065765
0.937933
0.751088
0.059014
0.715027
0.715027
0.402779
0.733168
0.402779
0.982043
0.864391
0.499975
0.661629
0.624567
0.080978
0.499975
0.661629
0.292098
0.402779
0.696716
0.849457
0.027221
0.499975
0.372518
0.017164
0.624567
0.304778
0.715027
0.110007
0.624567
0.849457
0.606091
0.004606
0.402779
0.587702
0.733168
0.751088
0.008972
0.225124
0.357946
0.937933
0.661629
0.372518
0.715027
0.089946
0.849457
0.449170
0.215069
0.267903
0.482750
0.267903
0.768734
0.085357
0.864391
0.317849
0.849457
0.927419
0.387466
0.661629
0.059014
0.205375
0.643093
0.499975
0.170899
0.482750
0.482750
0.661629
0.267903
0.801317
0.624567
0.927419
0.499975
0.279807
0.624567
0.482750
0.998315
0.499975
0.982043
0.304778
0.715027
0.059014
0.235548
0.235548
0.733168
0.517464
0.304778
0.235548
0.751088
0.587702
0.517464
0.751088
0.927419
0.357946
0.499975
0.205375
0.849457
0.833931
0.215069
0.733168
0.535191
0.499975
0.304778
0.768734
0.279807
0.733168
0.402779
0.110007
0.104520
0.864391
0.465808
0.833931
0.927419
0.715027
0.587702
0.517464
0.387466
0.304778
0.040301
0.751088
0.606091
0.076801
0.162877
0.225124
0.003816
0.317849
0.179248
0.304778
0.215069
0.215069
0.304778
0.147779
0.304778
0.733168
0.482750
0.817866
0.916063
0.937933
0.292098
0.085357
0.833931
0.678283
0.499975
0.387466
0.833931
0.751088
0.517464
0.062306
0.205375
0.085357
0.279807
0.587702
0.751088
0.849457
0.387466
0.085357
0.849457
0.768734
0.733168
0.062306
0.387466
0.864391
0.976721
0.733168
0.465808
0.292098
0.849457
0.751088
0.040301
0.155173
0.801317
0.387466
0.499975
0.372518
0.927419
0.624567
0.215069
0.833931
0.587702
0.606091
0.304778
0.751088
0.387466
0.225124
0.304778
0.606091
0.121745
0.499975
0.387466
0.733168
0.012072
0.768734
0.849457
0.606091
0.080978
0.225124
0.624567
0.215069
0.499975
0.817866
0.292098
0.225124
0.849457
0.535191
0.833931
0.205375
0.606091
0.751088
0.027221
0.317849
0.849457
0.012819
0.624567
0.076801
0.014448
0.643093
0.162877
0.292098
0.849457
0.643093
0.751088
0.010700
0.065765
0.225124
0.624567
0.343753
0.499975
0.372518
0.387466
0.304778
0.499975
0.110007
0.606091
0.080978
0.085357
0.387466
0.402779
0.624567
0.003583
0.304778
0.080978
0.768734
0.715027
0.372518
0.733168
0.304778
0.801317
0.017164
0.110007
0.387466
0.225124
0.715027
0.864391
0.155173
0.085357
0.733168
0.849457
0.661629
0.715027
0.624567
0.587702
0.768734
0.817866
0.055881
0.916063
0.715027
0.643093
0.768734
0.205375
0.499975
0.292098
0.225124
0.624567
0.292098
0.643093
0.587702
0.372518
0.606091
0.434469
0.304778
0.155173
0.606091
0.517464
0.715027
0.849457
0.062306
0.643093
0.387466
0.833931
0.849457
0.465808
0.482750
0.661629
0.055881
0.465808
0.387466
0.849457
0.235548
0.517464
0.643093
0.162877
0.733168
0.715027
0.304778
0.292098
0.482750
0.465808
0.998315
0.465808
0.927419
0.115746
0.643093
0.733168
0.179248
0.751088
0.267903
0.372518
0.387466
0.279807
0.849457
0.089946
0.402779
0.643093
0.927419
0.733168
0.170899
0.606091
0.864391
0.715027
0.045065
0.569437
0.927419
0.304778
0.733168
0.279807
0.235548
0.817866
0.235548
0.304778
0.587702
0.267903
0.927419
0.916063
0.751088
0.317849
0.482750
0.482750
0.372518
0.733168
0.006246
0.085357
0.059014
0.643093
0.387466
0.482750
0.517464
0.045065
0.205375
0.606091
0.517464
0.864391
0.292098
0.387466
0.606091
0.982043
0.833931
0.517464
0.643093
0.768734
0.042621
0.833931
0.387466
0.768734
0.155173
0.587702
0.076801
0.715027
0.025695
0.003816
0.751088
0.587702
0.916063
0.733168
0.372518
0.076801
0.751088
0.751088
0.215069
0.162877
0.170899
0.733168
0.004063
0.001080
0.499975
0.517464
0.849457
0.982043
0.010132
0.768734
0.387466
0.235548
0.499975
0.465808
0.047637
0.482750
0.027221
0.162877
0.927419
0.768734
0.751088
0.768734
0.715027
0.661629
0.155173
0.162877
0.225124
0.624567
0.606091
0.927419
0.062306
0.235548
0.733168
0.864391
0.085357
0.028832
0.715027
0.317849
0.833931
0.643093
0.715027
0.499975
0.927419
0.304778
0.733168
0.768734
0.715027
0.751088
0.482750
0.606091
0.465808
0.304778
0.927419
0.849457
0.317849
0.849457
0.465808
0.499975
0.643093
0.115746
0.279807
0.937933
0.025695
0.465808
0.937933
0.055881
0.643093
0.020478
0.387466
0.372518
0.937933
0.733168
0.916063
0.976721
0.517464
0.062306
0.833931
0.864391
0.833931
0.733168
0.970536
0.833931
0.499975
0.587702
0.372518
0.162877
0.751088
0.833931
0.696716
0.864391
0.849457
0.036007
0.849457
0.937933
0.372518
0.001689
0.643093
0.733168
0.465808
0.624567
0.817866
0.387466
0.927419
1.000000
0.927419
0.927419
0.970536
0.643093
0.020478
0.155173
0.864391
0.482750
0.864391
0.833931
0.304778
0.624567
0.535191
0.751088
0.927419
0.482750
0.372518
0.304778
0.927419
0.643093
0.115746
0.643093
0.110007
0.927419
0.372518
0.849457
0.864391
0.076801
0.387466
0.864391
0.864391
0.937933
0.849457
0.817866
0.733168
0.000198
0.768734
0.751088
0.849457
0.624567
0.696716
0.643093
0.013611
0.304778
0.215069
0.215069
0.817866
0.587702
0.733168
0.076801
0.387466
0.661629
0.982043
0.751088
0.715027
0.587702
0.833931
0.304778
0.155173
0.624567
0.768734
0.864391
0.733168
0.587702
0.535191
0.007940
0.733168
0.304778
0.661629
0.643093
0.864391
0.535191
0.372518
0.482750
0.849457
0.279807
0.089946
0.606091
0.085357
0.162877
0.606091
0.661629
0.000173
0.768734
0.937933
0.499975
0.715027
0.317849
0.030532
0.279807
0.482750
0.402779
0.517464
0.402779
0.624567
0.696716
0.387466
0.402779
0.587702
0.028832
0.387466
0.055881
0.372518
0.733168
0.833931
0.751088
0.849457
0.849457
0.833931
0.624567
0.916063
0.833931
0.040301
0.751088
0.606091
0.833931
0.849457
0.864391
0.205375
0.402779
0.927419
0.927419
0.162877
0.643093
0.768734
0.553132
0.343753
0.089946
0.402779
0.751088
0.357946
0.751088
0.864391
0.833931
0.606091
0.733168
0.499975
0.643093
0.235548
0.849457
0.715027
0.402779
0.751088
0.733168
0.292098
0.849457
0.587702
0.937933
0.387466
0.696716
0.402779
0.606091
0.052901
0.864391
0.024249
0.317849
0.927419
0.482750
0.849457
0.482750
0.997068
0.976721
0.569437
0.976721
0.517464
0.020478
0.279807
0.733168
0.372518
0.465808
0.927419
0.733168
0.768734
0.080978
0.927419
0.110007
0.849457
0.864391
0.402779
0.751088
0.317849
0.715027
0.499975
0.715027
0.643093
0.624567
0.205375
0.317849
0.517464
0.643093
0.733168
0.643093
0.817866
0.517464
0.372518
0.535191
0.661629
0.304778
0.733168
0.499975
0.042621
0.387466
0.643093
0.372518
0.715027
0.225124
0.970536
0.292098
0.606091
0.606091
0.317849
0.849457
0.089946
0.499975
0.535191
0.387466
0.661629
0.768734
0.387466
0.715027
0.038098
0.292098
0.304778
0.387466
0.304778
0.535191
0.517464
0.927419
0.482750
0.833931
0.998315
0.661629
0.372518
0.733168
0.937933
0.587702
0.751088
0.110007
0.849457
0.982043
0.279807
0.624567
0.927419
0.357946
0.372518
0.465808
0.465808
0.279807
0.937933
0.587702
0.606091
0.279807
0.499975
0.235548
0.317849
0.733168
0.927419
0.715027
0.715027
0.864391
0.606091
0.937933
0.317849
0.833931
0.916063
0.279807
0.751088
0.643093
0.624567
0.849457
0.751088
0.849457
0.235548
0.372518
0.624567
0.751088
0.927419
0.304778
0.982043
0.235548
0.279807
0.849457
0.047637
0.643093
0.976721
0.003816
0.196037
0.849457
0.402779
0.937933
0.007940
0.205375
0.833931
0.733168
0.864391
0.155173
0.372518
0.482750
0.387466
0.535191
0.304778
0.292098
0.499975
0.976721
0.817866
0.817866
0.387466
0.121745
0.465808
0.387466
0.624567
0.569437
0.062306
0.008441
0.292098
0.937933
0.833931
0.279807
0.387466
0.076801
0.482750
0.733168
0.624567
0.715027
0.833931
0.121745
0.849457
0.235548
0.937933
0.864391
0.864391
0.849457
0.643093
0.624567
0.013611
0.643093
0.085357
0.833931
0.624567
0.849457
0.042621
0.317849
0.833931
0.624567
0.304778
0.279807
0.733168
0.267903
0.751088
0.304778
0.517464
0.624567
0.000226
0.292098
0.045065
0.976721
0.279807
0.062306
0.606091
0.982043
0.715027
0.402779
0.587702
0.733168
0.482750
0.317849
0.279807
0.606091
0.864391
0.235548
0.155173
0.235548
0.045065
0.643093
0.624567
0.279807
0.482750
0.903897
0.768734
0.387466
0.007940
0.225124
0.751088
0.733168
0.304778
0.017164
0.387466
0.402779
0.042621
0.387466
0.517464
0.976721
0.059014
0.927419
0.927419
0.927419
0.624567
0.864391
0.733168
0.733168
0.833931
0.085357
0.937933
0.751088
0.267903
0.059014
0.624567
0.357946
0.661629
0.402779
0.587702
0.715027
0.751088
0.864391
0.864391
0.864391
0.304778
0.235548
0.624567
0.587702
0.849457
0.372518
0.418451
0.817866
0.387466
0.387466
0.751088
0.916063
0.751088
0.279807
0.080978
0.304778
0.115746
0.499975
0.317849
0.643093
0.085357
0.387466
0.643093
0.317849
0.062306
0.089946
0.849457
0.085357
0.482750
0.418451
0.751088
0.387466
0.927419
0.027221
0.387466
0.937933
0.587702
0.499975
0.115746
0.606091
0.235548
0.225124
0.733168
0.482750
0.768734
0.661629
0.001801
0.019311
0.927419
0.587702
0.733168
0.499975
0.624567
0.028832
0.032326
0.661629
0.768734
0.317849
0.019311
0.028832
0.624567
0.535191
0.715027
0.864391
0.279807
0.225124
0.085357
0.768734
0.042621
0.482750
0.499975
0.849457
0.833931
0.179248
0.000063
0.402779
0.817866
0.587702
0.372518
0.643093
0.482750
0.110007
0.937933
0.927419
0.215069
0.121745
0.482750
0.000211
0.661629
0.402779
0.418451
0.499975
0.304778
0.357946
0.402779
0.465808
0.643093
0.292098
0.643093
0.000734
0.292098
0.733168
0.357946
0.465808
0.849457
0.916063
0.833931
0.215069
0.982043
0.606091
0.833931
0.387466
0.937933
0.927419
0.715027
0.499975
0.733168
0.715027
0.121745
0.372518
0.833931
0.833931
0.517464
0.606091
0.005518
0.357946
0.372518
0.215069
0.279807
0.733168
0.643093
0.696716
0.849457
0.499975
0.624567
0.751088
0.751088
0.465808
0.047637
0.292098
0.733168
0.304778
0.937933
0.733168
0.864391
0.038098
0.587702
0.864391
0.085357
0.864391
0.246344
0.279807
0.587702
0.864391
0.517464
0.606091
0.643093
0.833931
0.292098
0.751088
0.864391
0.733168
0.927419
0.817866
0.387466
0.155173
0.624567
0.317849
0.849457
0.849457
0.482750
0.215069
0.028832
0.937933
0.733168
0.817866
0.937933
0.976721
0.982043
0.733168
0.317849
0.003816
0.833931
0.733168
0.465808
0.482750
0.661629
0.115746
0.733168
0.372518
0.402779
0.110007
0.225124
0.535191
0.927419
0.482750
0.916063
0.279807
0.553132
0.155173
0.733168
0.927419
0.927419
0.643093
0.085357
0.004326
0.059014
0.089946
0.927419
0.927419
0.003816
0.606091
0.751088
0.014448
0.937933
0.028832
0.661629
0.517464
0.833931
0.643093
0.715027
0.864391
0.304778
0.304778
0.864391
0.849457
0.817866
0.801317
0.817866
0.225124
0.661629
0.001801
0.751088
0.751088
0.864391
0.849457
0.155173
0.751088
0.916063
0.004063
0.849457
0.235548
0.004326
0.751088
0.715027
0.864391
0.587702
0.235548
0.849457
0.317849
0.013611
0.110007
0.864391
0.715027
0.499975
0.372518
0.982043
0.372518
0.162877
0.937933
0.279807
0.927419
0.059014
0.162877
0.606091
0.235548
0.205375
0.535191
0.085357
0.076801
0.864391
0.606091
0.643093
0.482750
0.927419
0.162877
0.267903
0.970536
0.733168
0.624567
0.643093
0.418451
0.927419
0.482750
0.215069
0.849457
0.937933
0.357946
0.817866
0.205375
0.715027
0.482750
0.517464
0.998315
0.279807
0.499975
0.768734
0.246344
0.624567
0.317849
0.937933
0.927419
0.499975
0.402779
0.661629
0.849457
0.606091
0.733168
0.715027
0.292098
0.402779
0.372518
0.606091
0.916063
0.179248
0.833931
0.499975
0.000089
0.927419
0.606091
0.937933
0.535191
0.751088
0.606091
0.715027
0.040301
0.643093
0.817866
0.292098
0.059014
0.104520
0.482750
0.018208
0.864391
0.121745
0.019311
0.155173
0.606091
0.624567
0.205375
0.849457
0.624567
0.279807
0.715027
0.715027
0.402779
0.849457
0.372518
0.517464
0.643093
0.624567
0.768734
0.179248
0.624567
0.317849
0.418451
0.387466
0.000687
0.751088
0.052901
0.535191
0.864391
0.569437
0.733168
0.402779
0.535191
0.715027
0.849457
0.162877
0.085357
0.001080
0.733168
0.402779
0.418451
0.387466
0.465808
0.833931
0.661629
0.864391
0.606091
0.279807
0.606091
0.606091
0.279807
0.624567
0.976721
0.110007
0.733168
0.751088
0.643093
0.768734
0.606091
0.696716
0.937933
0.292098
0.864391
0.292098
0.661629
0.225124
0.024249
0.606091
0.235548
0.696716
0.449170
0.465808
0.927419
0.279807
0.864391
0.140686
0.104520
0.833931
0.833931
0.606091
0.482750
0.624567
0.606091
0.976721
0.292098
0.864391
0.235548
0.279807
0.661629
0.661629
0.864391
0.982043
0.587702
0.535191
0.733168
0.606091
0.864391
0.387466
0.927419
0.817866
0.715027
0.624567
0.085357
0.012819
0.387466
0.465808
0.696716
0.000077
0.715027
0.849457
0.937933
0.062306
0.215069
0.849457
0.733168
0.482750
0.387466
0.661629
0.733168
0.482750
0.751088
0.751088
0.535191
0.292098
0.916063
0.715027
0.916063
0.849457
0.833931
0.042621
0.849457
0.215069
0.005518
0.387466
0.606091
0.304778
0.715027
0.304778
0.927419
0.661629
0.661629
0.833931
0.751088
0.751088
0.387466
0.215069
0.292098
0.624567
0.006246
0.606091
0.155173
0.304778
0.606091
0.065765
0.982043
0.849457
0.751088
0.624567
0.751088
0.115746
0.606091
0.715027
0.162877
0.000152
0.751088
0.751088
0.587702
0.062306
0.864391
0.849457
0.864391
0.833931
0.215069
0.587702
0.465808
0.225124
0.205375
0.733168
0.465808
0.733168
0.292098
0.833931
0.267903
0.535191
0.927419
0.970536
0.267903
0.606091
0.733168
0.535191
0.643093
0.733168
0.205375
0.372518
0.751088
0.733168
0.849457
0.587702
0.715027
0.517464
0.606091
0.751088
0.751088
0.482750
0.027221
0.402779
0.643093
0.624567
0.017164
0.372518
0.110007
0.235548
0.817866
0.121745
0.304778
0.080978
0.643093
0.927419
0.768734
0.215069
0.517464
0.372518
0.733168
0.606091
0.976721
0.215069
0.916063
0.864391
0.733168
0.304778
0.624567
0.927419
0.937933
0.038098
0.072820
0.715027
0.357946
0.751088
0.225124
0.304778
0.014448
0.499975
0.733168
0.937933
0.624567
0.833931
0.121745
0.751088
0.833931
0.372518
0.982043
0.155173
0.304778
0.624567
0.387466
0.215069
0.110007
0.927419
0.225124
0.482750
0.085357
0.751088
0.817866
0.751088
0.115746
0.624567
0.085357
0.606091
0.304778
0.733168
0.833931
0.115746
0.402779
0.801317
0.849457
0.387466
0.372518
0.517464
0.606091
0.434469
0.162877
0.482750
0.292098
0.387466
0.937933
0.849457
0.062306
0.587702
0.499975
0.982043
0.715027
0.643093
0.606091
0.864391
0.372518
0.849457
0.235548
0.499975
0.751088
0.535191
0.115746
0.387466
0.155173
0.643093
0.751088
0.606091
0.028832
0.606091
0.482750
0.733168
0.027221
0.849457
0.606091
0.751088
0.715027
0.927419
0.402779
0.937933
0.624567
