0.976442
0.844279
0.148776
0.754468
0.394623
0.162990
0.271776
0.625808
0.000000
0.000000
0.000000
0.000000
0.000000
0.000000
0.000000
0.000000
0.565405
0.591134
0.807505
0.016363
0.618128
0.490150
0.490446
0.191621
0.000000
0.000000
0.000000
0.000000
0.000000
0.000000
0.000000
0.000000
0.127074
0.682954
0.187882
0.452364
0.898549
0.113835
0.725442
0.182321
0.737728
0.868788
0.657110
0.750074
0.454445
0.594774
0.059169
0.741132
0.218352
0.060418
0.590031
0.496010
0.702970
0.156851
0.889868
0.667474
0.000000
0.000000
0.000000
0.000000
0.000000
0.000000
0.000000
0.000000
0.304168
0.790885
0.265150
0.644332
0.629950
0.273277
0.652051
0.212304
0.000000
0.000000
0.000000
0.000000
0.000000
0.000000
0.000000
0.000000
0.000000
0.000000
0.000000
0.000000
0.000000
0.000000
0.000000
0.000000
0.000000
0.000000
0.000000
0.000000
0.000000
0.000000
0.000000
0.000000
0.000000
0.000000
0.000000
0.000000
0.000000
0.000000
0.000000
0.000000
0.000000
0.000000
0.000000
0.000000
0.000000
0.000000
0.000000
0.000000
0.663492
0.976317
0.984281
0.606384
0.991845
0.921508
0.935253
0.413338
0.000000
0.000000
0.000000
0.000000
0.000000
0.000000
0.000000
0.000000
