0.412837
0.844144
0.400661
0.131006
0.034340
0.850132
0.034340
0.850132
0.032126
0.033587
0.856028
0.412837
0.850132
0.850132
0.844144
0.007460
0.125988
0.861831
0.850132
0.850132
0.861831
0.406722
0.001503
0.856028
0.844144
0.033587
0.856028
0.394656
0.850132
0.000054
0.861831
0.035894
0.844144
0.856028
0.419005
0.838070
0.850132
0.850132
0.850132
0.419005
0.856028
0.400661
0.400661
0.406722
0.844144
0.412837
0.032849
0.412837
0.844144
0.850132
0.856028
0.007460
0.400661
0.850132
0.035109
0.406722
0.850132
0.400661
0.406722
0.850132
0.850132
0.400661
0.838070
0.406722
0.861831
0.406722
0.861831
0.412837
0.856028
0.406722
0.856028
0.400661
0.856028
0.867537
0.412837
0.412837
0.856028
0.861831
0.000053
0.007283
0.400661
0.419005
0.419005
0.844144
0.000313
0.856028
0.844144
0.861831
0.412837
0.406722
0.856028
0.406722
0.861831
0.831911
0.388705
0.394656
0.394656
0.000053
0.034340
0.412837
0.856028
0.844144
0.861831
0.861831
0.125988
0.856028
0.838070
0.850132
0.394656
0.412837
0.850132
0.000305
0.001541
0.412837
0.856028
0.861831
0.844144
0.394656
0.388705
0.035894
0.861831
0.412837
0.400661
0.406722
0.406722
0.850132
0.388705
0.419005
0.000305
0.001503
0.412837
0.856028
0.007283
0.856028
0.838070
0.400661
0.419005
0.861831
0.394656
0.412837
0.412837
0.400661
0.850132
0.128476
0.861831
0.844144
0.406722
0.867537
0.856028
0.861831
0.844144
0.850132
0.844144
0.007460
0.419005
0.412837
0.394656
0.850132
0.856028
0.844144
0.400661
0.861831
0.844144
0.033587
0.844144
0.850132
0.406722
0.850132
0.838070
0.035894
0.861831
0.394656
0.844144
0.850132
0.838070
0.844144
0.856028
0.000053
0.123541
0.412837
0.032126
0.412837
0.850132
0.844144
0.844144
0.007641
0.825671
0.856028
0.850132
0.419005
0.033587
0.406722
0.861831
0.856028
0.844144
0.394656
0.850132
0.856028
0.406722
0.388705
0.850132
0.825671
0.850132
0.388705
0.867537
0.412837
0.850132
0.394656
0.406722
0.382811
0.856028
0.838070
0.850132
0.861831
0.844144
0.844144
0.419005
0.400661
0.861831
0.412837
0.406722
0.406722
0.856028
0.394656
0.856028
0.867537
0.856028
0.850132
0.844144
0.412837
0.856028
0.400661
0.838070
0.007110
0.406722
0.844144
0.125988
0.838070
0.125988
0.406722
0.412837
0.861831
0.850132
0.850132
0.856028
0.406722
0.844144
0.850132
0.844144
0.838070
0.861831
0.867537
0.844144
0.400661
0.844144
0.394656
0.856028
0.406722
0.838070
0.850132
0.400661
0.400661
0.856028
0.856028
0.419005
0.856028
0.406722
0.850132
0.861831
0.400661
0.400661
0.400661
0.856028
0.850132
0.844144
0.131006
0.850132
0.844144
0.861831
0.856028
0.838070
0.850132
0.035109
0.850132
0.844144
0.406722
0.400661
0.856028
0.400661
0.131006
0.400661
0.400661
0.400661
0.400661
0.007283
0.406722
0.856028
0.850132
0.850132
0.844144
0.406722
0.850132
0.406722
0.861831
0.850132
0.131006
0.861831
0.400661
0.032126
0.406722
0.400661
0.856028
0.033587
0.406722
0.861831
0.382811
0.861831
0.850132
0.850132
0.007110
0.861831
0.412837
0.125988
0.856028
0.406722
0.412837
0.856028
0.838070
0.032849
0.128476
0.412837
0.861831
0.394656
0.861831
0.856028
0.838070
0.400661
0.844144
0.844144
0.030725
0.867537
0.133579
0.007641
0.844144
0.844144
0.128476
0.856028
0.856028
0.125988
0.856028
0.035109
0.007641
0.400661
0.844144
0.850132
0.856028
0.867537
0.406722
0.856028
0.856028
0.406722
0.850132
0.125988
0.856028
0.867537
0.382811
0.861831
0.000313
0.400661
0.844144
0.856028
0.131006
0.844144
0.856028
0.838070
0.844144
0.850132
0.406722
0.856028
0.850132
0.850132
0.861831
0.861831
0.861831
0.844144
0.856028
0.128476
0.406722
0.400661
0.844144
0.400661
0.412837
0.861831
0.400661
0.844144
0.000053
0.844144
0.844144
0.133579
0.412837
0.033587
0.850132
0.033587
0.400661
0.400661
0.844144
0.856028
0.400661
0.850132
0.850132
0.400661
0.000297
0.838070
0.850132
0.850132
0.850132
0.382811
0.394656
0.844144
0.861831
0.850132
0.007283
0.856028
0.856028
0.007460
0.400661
0.861831
0.001503
0.850132
0.838070
0.861831
0.125988
0.400661
0.861831
0.419005
0.033587
0.856028
0.419005
0.394656
0.856028
0.856028
0.032126
0.856028
0.844144
0.856028
0.856028
0.406722
0.850132
0.400661
0.400661
0.850132
0.406722
0.844144
0.850132
0.844144
0.125988
0.856028
0.128476
0.388705
0.128476
0.844144
0.856028
0.856028
0.850132
0.406722
0.856028
0.861831
0.861831
0.406722
0.000052
0.856028
0.007110
0.131006
0.034340
0.400661
0.406722
0.412837
0.406722
0.131006
0.406722
0.850132
0.844144
0.850132
0.861831
0.400661
0.850132
0.406722
0.861831
0.032849
0.861831
0.128476
0.035894
0.123541
0.131006
0.850132
0.000313
0.850132
0.400661
0.861831
0.412837
0.412837
0.838070
0.406722
0.128476
0.400661
0.861831
0.406722
0.850132
0.400661
0.856028
0.400661
0.856028
0.001429
0.850132
0.400661
0.007641
0.831911
0.000000
0.856028
0.406722
0.400661
0.850132
0.388705
0.844144
0.861831
0.394656
0.856028
0.861831
0.867537
0.850132
0.850132
0.125988
0.850132
0.844144
0.406722
0.394656
0.034340
0.032126
0.856028
0.406722
0.856028
0.406722
0.125988
0.419005
0.861831
0.400661
0.406722
0.850132
0.128476
0.406722
0.850132
0.838070
0.133579
0.856028
0.035109
0.838070
0.400661
0.400661
0.856028
0.856028
0.844144
0.856028
0.400661
0.856028
0.856028
0.844144
0.001429
0.412837
0.400661
0.861831
0.406722
0.861831
0.856028
0.121136
0.406722
0.838070
0.133579
0.861831
0.838070
0.400661
0.406722
0.861831
0.406722
0.406722
0.034340
0.032126
0.850132
0.850132
0.856028
0.850132
0.033587
0.000000
0.850132
0.406722
0.412837
0.850132
0.394656
0.419005
0.850132
0.850132
0.406722
0.844144
0.856028
0.861831
0.861831
0.861831
0.007460
0.406722
0.856028
0.838070
0.400661
0.419005
0.406722
0.419005
0.867537
0.850132
0.844144
0.867537
0.856028
0.394656
0.406722
0.406722
0.861831
0.406722
0.856028
0.856028
0.007641
0.001465
0.856028
0.400661
0.406722
0.856028
0.406722
0.856028
0.850132
0.838070
0.000305
0.838070
0.856028
0.844144
0.406722
0.861831
0.123541
0.850132
0.412837
0.856028
0.035109
0.850132
0.032126
0.861831
0.400661
0.032849
0.412837
0.125988
0.831911
0.412837
0.406722
0.125988
0.394656
0.861831
0.400661
0.856028
0.844144
0.844144
0.838070
0.850132
0.850132
0.867537
0.856028
0.412837
0.838070
0.032849
0.406722
0.128476
0.850132
0.850132
0.850132
0.034340
0.406722
0.400661
0.412837
0.394656
0.850132
0.406722
0.861831
0.867537
0.406722
0.128476
0.844144
0.831911
0.856028
0.867537
0.856028
0.419005
0.856028
0.131006
0.856028
0.394656
0.861831
0.035109
0.850132
0.394656
0.400661
0.032849
0.412837
0.394656
0.400661
0.861831
0.850132
0.844144
0.128476
0.861831
0.861831
0.850132
0.861831
0.844144
0.035109
0.856028
0.856028
0.412837
0.128476
0.128476
0.131006
0.861831
0.121136
0.850132
0.856028
0.412837
0.861831
0.034340
0.128476
0.861831
0.838070
0.419005
0.419005
0.032849
0.844144
0.856028
0.844144
0.850132
0.856028
0.856028
0.861831
0.007641
0.856028
0.850132
0.850132
0.850132
0.400661
0.850132
0.400661
0.838070
0.850132
0.400661
0.394656
0.406722
0.850132
0.844144
0.844144
0.419005
0.844144
0.838070
0.007283
0.133579
0.856028
0.850132
0.861831
0.861831
0.412837
0.850132
0.844144
0.856028
0.034340
0.850132
0.123541
0.838070
0.400661
0.831911
0.007641
0.412837
0.400661
0.123541
0.394656
0.406722
0.867537
0.032126
0.838070
0.406722
0.856028
0.007641
0.844144
0.419005
0.856028
0.850132
0.032849
0.133579
0.850132
0.033587
0.030725
0.131006
0.856028
0.850132
0.844144
0.394656
0.856028
0.861831
0.007641
0.125988
0.419005
0.406722
0.856028
0.400661
0.850132
0.850132
0.856028
0.850132
0.412837
0.400661
0.867537
0.861831
0.861831
0.412837
0.007460
0.856028
0.406722
0.400661
0.856028
0.419005
0.850132
0.131006
0.412837
0.850132
0.412837
0.128476
0.412837
0.850132
0.856028
0.838070
0.850132
0.850132
0.850132
0.856028
0.838070
0.131006
0.850132
0.861831
0.856028
0.412837
0.394656
0.400661
0.850132
0.850132
0.856028
0.000054
0.412837
0.844144
0.838070
0.412837
0.035109
0.850132
0.131006
0.850132
0.861831
0.394656
0.406722
0.034340
0.001393
0.861831
0.412837
0.850132
0.856028
0.856028
0.034340
0.406722
0.034340
0.412837
0.838070
0.861831
0.831911
0.844144
0.406722
0.125988
0.001393
0.400661
0.406722
0.400661
0.406722
0.850132
0.850132
0.844144
0.412837
0.850132
0.382811
0.412837
0.856028
0.856028
0.406722
0.856028
0.034340
0.856028
0.850132
0.412837
0.838070
0.035109
0.850132
0.125988
0.400661
0.128476
0.861831
0.856028
0.861831
0.406722
0.400661
0.419005
0.131006
0.412837
0.867537
0.856028
0.035109
0.844144
0.034340
0.850132
0.850132
0.400661
0.123541
0.394656
0.850132
0.861831
0.406722
0.406722
0.400661
0.131006
0.850132
0.400661
0.419005
0.123541
0.861831
0.856028
0.388705
0.406722
0.400661
0.850132
0.412837
0.850132
0.128476
0.400661
0.131006
0.131006
0.861831
0.856028
0.400661
0.007460
0.856028
0.856028
0.844144
0.000305
0.838070
0.844144
0.844144
0.861831
0.419005
0.412837
0.850132
0.856028
0.419005
0.844144
0.844144
0.844144
0.128476
0.400661
0.856028
0.000000
0.001465
0.850132
0.032849
0.844144
0.123541
0.844144
0.412837
0.128476
0.412837
0.406722
0.412837
0.856028
0.844144
0.034340
0.856028
0.850132
0.131006
0.856028
0.856028
0.400661
0.412837
0.856028
0.033587
0.850132
0.850132
0.032849
0.419005
0.406722
0.394656
0.850132
0.412837
0.867537
0.131006
0.412837
0.856028
0.856028
0.406722
0.419005
0.412837
0.844144
0.400661
0.419005
0.406722
0.400661
0.412837
0.394656
0.838070
0.856028
0.850132
0.406722
0.400661
0.406722
0.400661
0.856028
0.400661
0.850132
0.844144
0.007110
0.123541
0.838070
0.419005
0.035109
0.844144
0.412837
0.844144
0.406722
0.007641
0.856028
0.844144
0.850132
0.406722
0.856028
0.856028
0.867537
0.850132
0.856028
0.844144
0.400661
0.861831
0.406722
0.133579
0.844144
0.850132
0.856028
0.412837
0.850132
0.856028
0.400661
0.400661
0.844144
0.133579
0.856028
0.861831
0.412837
0.861831
0.850132
0.406722
0.123541
0.861831
0.856028
0.850132
0.850132
0.861831
0.838070
0.856028
0.406722
0.412837
0.844144
0.033587
0.030725
0.844144
0.844144
0.861831
0.406722
0.412837
0.394656
0.861831
0.861831
0.400661
0.850132
0.850132
0.394656
0.850132
0.412837
0.861831
0.856028
0.400661
0.850132
0.131006
0.412837
0.856028
0.033587
0.406722
0.412837
0.033587
0.856028
0.419005
0.856028
0.844144
0.128476
0.412837
0.856028
0.131006
0.033587
0.861831
0.033587
0.412837
0.856028
0.856028
0.861831
0.007460
0.861831
0.388705
0.394656
0.861831
0.007460
0.856028
0.861831
0.856028
0.133579
0.856028
0.850132
0.394656
0.406722
0.856028
0.856028
0.388705
0.412837
0.123541
0.128476
0.861831
0.034340
0.831911
0.850132
0.850132
0.000053
0.031418
0.838070
0.033587
0.856028
0.861831
0.128476
0.867537
0.856028
0.406722
0.400661
0.856028
0.850132
0.394656
0.856028
0.400661
0.856028
0.388705
0.032849
0.844144
0.856028
0.867537
0.133579
0.394656
0.856028
0.412837
0.861831
0.400661
0.412837
0.856028
0.128476
0.850132
0.850132
0.861831
0.850132
0.844144
0.850132
0.412837
0.844144
0.128476
0.400661
0.394656
0.123541
0.001465
0.400661
0.412837
0.406722
0.831911
0.007460
0.867537
0.033587
0.844144
0.850132
0.850132
0.400661
0.861831
0.400661
0.394656
0.394656
0.400661
0.856028
0.034340
0.406722
0.035109
0.867537
0.856028
0.861831
0.856028
0.831911
0.394656
0.844144
0.400661
0.856028
0.131006
0.850132
0.406722
0.850132
0.844144
0.400661
0.867537
0.856028
0.400661
0.406722
0.850132
0.850132
0.861831
0.406722
0.128476
0.412837
0.867537
0.856028
0.394656
0.856028
0.861831
0.844144
0.844144
0.856028
0.844144
0.007641
0.861831
0.861831
0.844144
0.850132
0.125988
0.861831
0.850132
0.128476
0.400661
0.406722
0.844144
0.412837
0.412837
0.400661
0.412837
0.850132
0.856028
0.850132
0.400661
0.121136
0.850132
0.844144
0.844144
0.032126
0.838070
0.850132
0.121136
0.856028
0.033587
0.131006
0.131006
0.400661
0.412837
0.406722
0.838070
0.125988
0.867537
0.400661
0.394656
0.400661
0.856028
0.861831
0.850132
0.128476
0.400661
0.031418
0.412837
0.861831
0.394656
0.400661
0.388705
0.412837
0.412837
0.035109
0.128476
0.128476
0.125988
0.850132
0.844144
0.406722
0.400661
0.861831
0.861831
0.850132
0.850132
0.844144
0.850132
0.856028
0.850132
0.035109
0.388705
0.131006
0.406722
0.861831
0.856028
0.844144
0.400661
0.406722
0.850132
0.400661
0.867537
0.406722
0.856028
0.867537
0.850132
0.412837
0.123541
0.844144
0.032849
0.394656
0.850132
0.406722
0.861831
0.844144
0.850132
0.856028
0.412837
0.400661
0.850132
0.856028
0.844144
0.400661
0.844144
0.856028
0.419005
0.844144
0.412837
0.844144
0.856028
0.412837
0.850132
0.400661
0.844144
0.400661
0.394656
0.133579
0.856028
0.861831
0.007460
0.406722
0.838070
0.007641
0.406722
0.856028
0.850132
0.400661
0.406722
0.419005
0.838070
0.856028
0.850132
0.034340
0.125988
0.131006
0.394656
0.000297
0.406722
0.412837
0.861831
0.844144
0.861831
0.406722
0.007460
0.412837
0.406722
0.861831
0.850132
0.850132
0.419005
0.867537
0.850132
0.128476
0.400661
0.867537
0.844144
0.856028
0.861831
0.406722
0.031418
0.861831
0.388705
0.400661
0.861831
0.388705
0.838070
0.400661
0.844144
0.844144
0.856028
0.400661
0.850132
0.419005
0.400661
0.406722
0.033587
0.844144
0.850132
0.394656
0.412837
0.861831
0.419005
0.394656
0.406722
0.861831
0.850132
0.400661
0.128476
0.856028
0.032849
0.032126
0.007641
0.850132
0.850132
0.856028
0.128476
0.856028
0.856028
0.131006
0.131006
0.856028
0.406722
0.400661
0.856028
0.388705
0.133579
0.412837
0.856028
0.131006
0.856028
0.844144
0.007641
0.861831
0.394656
0.856028
0.406722
0.033587
0.838070
0.033587
0.128476
0.412837
0.850132
0.007641
0.861831
0.856028
0.128476
0.412837
0.128476
0.850132
0.400661
0.406722
0.856028
0.406722
0.861831
0.861831
0.406722
0.007641
0.850132
0.400661
0.394656
0.406722
0.850132
0.400661
0.850132
0.412837
0.844144
0.131006
0.838070
0.131006
0.125988
0.400661
0.867537
0.400661
0.123541
0.419005
0.844144
0.034340
0.419005
0.406722
0.406722
0.034340
0.412837
0.128476
0.412837
0.128476
0.400661
0.400661
0.867537
0.838070
0.850132
0.394656
0.412837
0.406722
0.850132
0.400661
0.844144
0.412837
0.406722
0.412837
0.412837
0.856028
0.856028
0.856028
0.394656
0.406722
0.131006
0.400661
0.123541
0.856028
0.856028
0.850132
0.400661
0.861831
0.406722
0.400661
0.838070
0.412837
0.844144
0.856028
0.400661
0.406722
0.850132
0.861831
0.856028
0.406722
0.861831
0.856028
0.850132
0.856028
0.406722
0.831911
0.394656
0.838070
0.825671
0.850132
0.856028
0.400661
0.856028
0.850132
0.850132
0.850132
0.400661
0.850132
0.856028
0.394656
0.388705
0.400661
0.131006
0.831911
0.861831
0.394656
0.007641
0.007641
0.844144
0.850132
0.412837
0.406722
0.394656
0.844144
0.406722
0.856028
0.131006
0.850132
0.131006
0.406722
0.850132
0.831911
0.034340
0.838070
0.400661
0.400661
0.123541
0.412837
0.406722
0.856028
0.406722
0.131006
0.856028
0.850132
0.850132
0.032849
0.844144
0.856028
0.400661
0.412837
0.125988
0.850132
0.856028
0.856028
0.406722
0.861831
0.867537
0.856028
0.406722
0.838070
0.838070
0.406722
0.867537
0.400661
0.128476
0.856028
0.406722
0.856028
0.128476
0.007460
0.007283
0.406722
0.400661
0.400661
0.844144
0.131006
0.001465
0.850132
0.856028
0.844144
0.406722
0.844144
0.850132
0.128476
0.844144
0.844144
0.406722
0.388705
0.856028
0.133579
0.844144
0.034340
0.844144
0.033587
0.856028
0.388705
0.850132
0.007826
0.007826
0.033587
0.400661
0.406722
0.406722
0.844144
0.844144
0.867537
0.856028
0.131006
0.406722
0.007460
0.850132
0.406722
0.850132
0.856028
0.412837
0.867537
0.838070
0.419005
0.128476
0.125988
0.850132
0.400661
0.007460
0.400661
0.131006
0.412837
0.412837
0.406722
0.856028
0.406722
0.419005
0.856028
0.844144
0.131006
0.412837
0.850132
0.856028
0.033587
0.861831
0.388705
0.406722
0.128476
0.128476
0.867537
0.125988
0.850132
0.850132
0.412837
0.400661
0.856028
0.400661
0.856028
0.825671
0.856028
0.850132
0.856028
0.133579
0.412837
0.850132
0.844144
0.856028
0.128476
0.856028
0.394656
0.388705
0.861831
0.388705
0.856028
0.856028
0.394656
0.394656
0.850132
0.850132
0.861831
0.400661
0.850132
0.850132
0.121136
0.035109
0.856028
0.034340
0.406722
0.419005
0.844144
0.394656
0.850132
0.406722
0.856028
0.034340
0.856028
0.388705
0.850132
0.419005
0.007460
0.406722
0.032126
0.850132
0.844144
0.412837
0.856028
0.850132
0.412837
0.007110
0.856028
0.400661
0.128476
0.406722
0.850132
0.844144
0.394656
0.400661
0.856028
0.838070
0.000268
0.856028
0.128476
0.406722
0.131006
0.861831
0.844144
0.394656
0.856028
0.406722
0.844144
0.034340
0.388705
0.412837
0.388705
0.861831
0.856028
0.000009
0.394656
0.856028
0.419005
0.000000
0.394656
0.388705
0.861831
0.867537
0.412837
0.856028
0.861831
0.856028
0.831911
0.388705
0.406722
0.406722
0.412837
0.400661
0.856028
0.844144
0.000297
0.856028
0.850132
0.400661
0.856028
0.394656
0.412837
0.030725
0.412837
0.406722
0.850132
0.850132
0.125988
0.861831
0.850132
0.861831
0.035894
0.838070
0.007283
0.861831
0.850132
0.035109
0.007826
0.131006
0.850132
0.861831
0.856028
0.850132
0.406722
0.133579
0.400661
0.419005
0.400661
0.856028
0.844144
0.406722
0.406722
0.867537
0.133579
0.406722
0.388705
0.412837
0.400661
0.133579
0.035109
0.406722
0.861831
0.406722
0.123541
0.850132
0.412837
0.867537
0.844144
0.861831
0.406722
0.850132
0.844144
0.007641
0.000050
0.856028
0.861831
0.419005
0.412837
0.844144
0.400661
0.128476
0.861831
0.856028
0.400661
0.406722
0.412837
0.400661
0.844144
0.850132
0.844144
0.412837
0.861831
0.861831
0.007460
0.861831
0.850132
0.033587
0.850132
0.861831
0.406722
0.000052
0.844144
0.844144
0.861831
0.856028
0.031418
0.850132
0.128476
0.388705
0.861831
0.861831
0.406722
0.867537
0.007110
0.419005
0.867537
0.406722
0.850132
0.861831
0.850132
0.844144
0.850132
0.850132
0.856028
0.125988
0.850132
0.406722
0.133579
0.406722
0.394656
0.856028
0.406722
0.032126
0.850132
0.850132
0.125988
0.844144
0.034340
0.850132
0.406722
0.861831
0.406722
0.856028
0.400661
0.412837
0.123541
0.419005
0.406722
0.412837
0.406722
0.838070
0.412837
0.861831
0.412837
0.856028
0.861831
0.844144
0.856028
0.861831
0.844144
0.412837
0.838070
0.412837
0.861831
0.128476
0.131006
0.394656
0.406722
0.406722
0.400661
0.844144
0.850132
0.856028
0.032849
0.412837
0.850132
0.850132
0.400661
0.406722
0.850132
0.844144
0.419005
0.394656
0.850132
0.419005
0.850132
0.856028
0.406722
0.850132
0.123541
0.033587
0.831911
0.850132
0.394656
0.856028
0.128476
0.867537
0.412837
0.850132
0.400661
0.856028
0.400661
0.406722
0.838070
0.133579
0.131006
0.861831
0.412837
0.412837
0.844144
0.844144
0.844144
0.128476
0.850132
0.850132
0.394656
0.406722
0.861831
0.007110
0.412837
0.400661
0.850132
0.856028
0.861831
0.400661
0.850132
0.032849
0.850132
0.394656
0.856028
0.419005
0.856028
0.850132
0.856028
0.128476
0.394656
0.838070
0.856028
0.844144
0.850132
0.844144
0.419005
0.128476
0.406722
0.856028
0.850132
0.412837
0.844144
0.406722
0.850132
0.035109
0.007641
0.412837
0.856028
0.000282
0.412837
0.856028
0.825671
0.394656
0.856028
0.861831
0.850132
0.850132
0.856028
0.856028
0.394656
0.033587
0.861831
0.850132
0.400661
0.844144
0.133579
0.400661
0.128476
0.394656
0.400661
0.125988
0.850132
0.838070
0.850132
0.394656
0.131006
0.861831
0.850132
0.861831
0.001503
0.406722
0.861831
0.412837
0.412837
0.131006
0.850132
0.400661
0.406722
0.032126
0.861831
0.406722
0.128476
0.856028
0.856028
0.406722
0.406722
0.856028
0.856028
0.850132
0.844144
0.856028
0.419005
0.856028
0.394656
0.831911
0.007283
0.007641
0.406722
0.856028
0.007460
0.856028
0.856028
0.406722
0.856028
0.861831
0.406722
0.388705
0.850132
0.394656
0.000305
0.861831
0.406722
0.856028
0.861831
0.856028
0.406722
0.406722
0.033587
0.844144
0.128476
0.856028
0.131006
0.035109
0.394656
0.412837
0.128476
0.856028
0.856028
0.007641
0.856028
0.861831
0.406722
0.394656
0.419005
0.125988
0.856028
0.867537
0.033587
0.406722
0.856028
0.400661
0.000009
0.419005
0.844144
0.394656
0.838070
0.419005
0.406722
0.850132
0.856028
0.856028
0.128476
0.867537
0.406722
0.400661
0.128476
0.400661
0.850132
0.856028
0.844144
0.861831
0.856028
0.856028
0.394656
0.844144
0.394656
0.400661
0.831911
0.850132
0.394656
0.844144
0.419005
0.400661
0.850132
0.838070
0.406722
0.035109
0.838070
0.400661
0.861831
0.400661
0.032126
0.856028
0.850132
0.001503
0.406722
0.844144
0.856028
0.861831
0.861831
0.125988
0.861831
0.032126
0.861831
0.861831
0.000009
0.394656
0.844144
0.856028
0.419005
0.394656
0.412837
0.400661
0.850132
0.856028
0.850132
0.856028
0.419005
0.850132
0.856028
0.856028
0.856028
0.850132
0.400661
0.850132
0.412837
0.856028
0.856028
0.032126
0.856028
0.133579
0.850132
0.850132
0.033587
0.867537
0.867537
0.850132
0.128476
0.033587
0.394656
0.131006
0.856028
0.131006
0.856028
0.850132
0.412837
0.856028
0.131006
0.000050
0.121136
0.856028
0.856028
0.856028
0.007641
0.412837
0.388705
0.406722
0.406722
0.419005
0.850132
0.838070
0.856028
0.412837
0.861831
0.412837
0.850132
0.412837
0.856028
0.850132
0.400661
0.128476
0.007641
0.388705
0.856028
0.388705
0.412837
0.861831
0.400661
0.394656
0.406722
0.400661
0.406722
0.394656
0.406722
0.133579
0.394656
0.400661
0.850132
0.406722
0.861831
0.412837
0.128476
0.850132
0.128476
0.844144
0.844144
0.844144
0.131006
0.406722
0.856028
0.844144
0.844144
0.850132
0.400661
0.856028
0.856028
0.856028
0.128476
0.128476
0.412837
0.856028
0.412837
0.406722
0.861831
0.850132
0.128476
0.838070
0.850132
0.007283
0.394656
0.406722
0.861831
0.861831
0.412837
0.406722
0.034340
0.856028
0.856028
0.850132
0.850132
0.850132
0.856028
0.831911
0.856028
0.034340
0.844144
0.838070
0.412837
0.032849
0.406722
0.001503
0.861831
0.867537
0.850132
0.850132
0.844144
0.850132
0.861831
0.123541
0.861831
0.831911
0.007460
0.128476
0.856028
0.856028
0.856028
0.856028
0.856028
0.125988
0.400661
0.856028
0.406722
0.844144
0.850132
0.128476
0.128476
