0.712481
0.978544
0.730240
0.912056
0.464565
0.535007
0.598495
0.887046
0.121896
0.034950
0.390443
0.040288
0.026823
0.189972
0.562770
0.545133
0.053296
0.375759
0.281298
0.439058
0.747795
0.072210
0.219208
0.042554
0.626989
0.842109
0.061155
0.757847
0.899915
0.263016
0.976221
0.637471
0.326161
0.064477
0.507752
0.195081
0.263016
0.414334
0.991544
0.011251
0.392793
0.353301
0.966189
0.107255
0.399104
0.326161
0.817523
0.801344
0.842109
0.702126
0.666072
0.817523
0.774982
0.918739
0.757847
0.552538
0.432386
0.791787
0.655589
0.168531
0.535007
0.168531
0.929661
0.976221
0.552538
0.012347
0.784755
0.024533
0.500582
0.029311
0.598495
0.972786
0.129015
0.028375
0.712481
0.865346
0.842109
0.655589
0.808210
0.850796
0.245649
0.189972
0.637471
0.384217
0.626989
0.274488
0.535007
0.142159
0.361431
0.020495
0.102007
0.176594
0.833240
0.608921
0.474102
0.637471
0.274488
0.145067
0.305781
0.527686
0.626989
0.073813
0.988236
0.153328
0.684141
0.923434
0.856994
0.490796
0.694566
0.375759
0.887046
0.002183
0.423305
0.176594
0.842109
0.552538
0.384217
0.666072
0.423305
0.730240
0.887046
0.281298
0.023180
0.168531
0.245649
0.954041
0.784755
0.361431
0.580567
0.457689
0.580567
0.028375
0.757847
0.887046
0.637471
0.608921
0.490796
0.204168
0.474102
0.608921
0.149149
0.073813
0.655589
0.181406
0.608921
0.580567
0.104189
0.028375
0.213594
0.702126
0.850796
0.757847
0.712481
0.747795
0.801344
0.740432
0.580567
0.195081
0.073813
0.655589
0.929661
0.293353
0.432386
0.392793
0.655589
0.826682
0.655589
0.256543
0.757847
0.655589
0.784755
0.966189
0.027466
0.757847
0.939773
0.865346
0.747795
0.457689
0.464565
0.637471
0.061155
0.712481
0.702126
0.293353
0.801344
0.765099
0.774982
0.474102
0.663214
0.929661
0.655589
0.842109
0.730240
0.684141
0.573056
0.121896
0.580567
0.256543
0.051664
0.740432
0.865346
0.580567
0.988236
0.044937
0.361431
0.414334
0.702126
0.562770
0.204168
0.655589
0.978544
0.712481
0.747795
0.712481
0.414334
0.645099
0.399104
0.006854
0.353301
0.784755
0.051664
0.991544
0.213594
0.598495
0.580567
0.684141
0.432386
0.507752
0.562770
0.022631
0.423305
0.929661
0.414334
0.347465
0.590932
0.598495
0.423305
0.929661
0.590932
0.598495
0.899915
0.684141
0.879279
0.448322
0.655589
0.598495
0.899915
0.062534
0.138241
0.817523
0.817523
0.988236
0.655589
0.865346
0.300503
0.204168
0.384217
0.954041
0.757847
0.305781
0.912056
0.580567
0.361431
0.293353
0.929661
0.702126
0.988236
0.954041
0.164006
0.073813
0.801344
0.219208
0.024533
0.945248
0.457689
0.293353
0.399104
0.399104
0.842109
0.033846
0.730240
0.817523
0.020007
0.009101
0.598495
0.562770
0.730240
0.076069
0.608921
0.988236
0.684141
0.007536
0.673688
0.562770
0.791787
0.991544
0.801344
0.791787
0.590932
0.791787
0.245649
0.490796
0.535007
0.879279
0.527686
0.274488
0.347465
0.954041
0.481098
0.774982
0.281298
0.966189
0.637471
0.570245
0.637471
0.842109
0.432386
0.730240
0.673688
0.871290
0.535007
0.976221
0.517681
0.432386
0.856994
0.899915
0.507752
0.507752
0.235116
0.879279
0.153328
0.637471
0.168531
0.051664
0.730240
0.369682
0.423305
0.923434
0.002323
0.939773
0.086894
0.573056
0.647960
0.229181
0.107255
0.507752
0.842109
0.076069
0.826682
0.195081
0.747795
0.826682
0.500582
0.580567
0.945248
0.562770
0.719980
0.002564
0.000864
0.064477
0.655589
0.464565
0.048953
0.712481
0.245649
0.580567
0.474102
0.666072
0.414334
0.608921
0.801344
0.954041
0.293353
0.524950
0.490796
0.181406
0.817523
0.020495
0.527686
0.432386
0.608921
0.842109
0.981504
0.500582
0.954041
0.189972
0.209583
0.407880
0.313146
0.066474
0.455125
0.608921
0.318580
0.562770
0.899915
0.879279
0.954041
0.099074
0.817523
0.019353
0.608921
0.784755
0.500582
0.856994
0.320635
0.189972
0.109535
0.939773
0.842109
0.003657
0.535007
0.361431
0.490796
0.009332
0.223364
0.865346
0.684141
0.966189
0.608921
0.392793
0.099074
0.655589
0.432386
0.865346
0.899915
0.347465
0.655589
0.347465
0.006854
0.817523
0.181406
0.879279
0.702126
0.899915
0.966189
0.145067
0.719980
0.712481
0.517681
0.887046
0.747795
0.647960
0.112739
0.608921
0.300503
0.684141
0.608921
0.757847
0.251912
0.740432
0.966189
0.057990
0.245649
0.313146
0.293353
0.619374
0.747795
0.580567
0.626989
0.719980
0.160779
0.517681
0.000417
0.044937
0.865346
0.666072
0.694566
0.056227
0.626989
0.432386
0.507752
0.562770
0.021185
0.637471
0.740432
0.912056
0.099074
0.056227
0.740432
0.032774
0.149149
0.929661
0.626989
0.954041
0.423305
0.899915
0.801344
0.774982
0.072210
0.353301
0.887046
0.801344
0.464565
0.145067
0.384217
0.003889
0.361431
0.912056
0.730240
0.945248
0.339547
0.481098
0.865346
0.056227
0.791787
0.580567
0.966189
0.439058
0.826682
0.899915
0.061155
0.774982
0.407880
0.702126
0.490796
0.131692
0.263016
0.134416
0.300503
0.474102
0.899915
0.684141
0.288232
0.213594
0.535007
0.474102
0.608921
0.293353
0.286328
0.455125
0.619374
0.826682
0.061155
0.765099
0.774982
0.007279
0.608921
0.879279
0.019353
0.235116
0.784755
0.545133
0.608921
0.300503
0.719980
0.256543
0.067962
0.645099
0.500582
0.448322
0.966189
0.694566
0.719980
0.991544
0.645099
0.457689
0.047443
0.892551
0.791787
0.535007
0.464565
0.213594
0.464565
0.590932
0.000046
0.432386
0.274488
0.128024
0.274488
0.929661
0.939773
0.887046
0.562770
0.293353
0.712481
0.235116
0.423305
0.899915
0.375759
0.966189
0.684141
0.842109
0.535007
0.517681
0.712481
0.423305
0.826682
0.213594
0.224939
0.507752
0.160779
0.134416
0.153328
0.219208
0.000644
0.339547
0.757847
0.164006
0.976221
0.448322
0.448322
0.256543
0.181406
0.204168
0.168531
0.842109
0.757847
0.712481
0.005718
0.300503
0.842109
0.826682
0.399104
0.719980
0.153328
0.784755
0.474102
0.229181
0.552538
0.474102
0.168531
0.608921
0.918739
0.865346
0.500582
0.165230
0.015220
0.474102
0.929661
0.817523
0.121896
0.250191
0.517681
0.590932
0.608921
0.655589
0.339547
0.626989
0.001293
0.918739
0.655589
0.448322
0.535007
0.326161
0.774982
0.601335
0.134416
0.562770
0.598495
0.181406
0.019353
0.939773
0.176594
0.293353
0.552538
0.263016
0.107255
0.673688
0.757847
0.865346
0.655589
0.945248
0.954041
0.149149
0.399104
0.245649
0.153328
0.033846
0.326161
0.842109
0.817523
0.619374
0.655589
0.384217
0.457689
0.637471
0.865346
0.899915
0.939773
0.856994
0.455125
0.355506
0.817523
0.080114
0.361431
0.013093
0.181406
0.333865
0.384217
0.423305
0.991544
0.399104
0.826682
0.293353
0.326161
0.954041
0.573056
0.084351
0.168531
0.497905
0.972786
0.912056
0.991544
0.833240
0.655589
0.573056
0.298540
0.439058
0.061155
0.535007
0.423305
0.740432
0.263016
0.747795
0.826682
0.608921
0.361431
0.305781
0.176594
0.801344
0.399104
0.195081
0.580567
0.245649
0.562770
0.009996
0.826682
0.145067
0.892551
0.945248
0.826682
0.009659
0.966189
0.527686
0.719980
0.972786
0.954041
0.033846
0.879279
0.245649
0.149149
0.407880
0.239507
0.684141
0.747795
0.552538
0.801344
0.181406
0.730240
0.116024
0.929661
0.939773
0.645099
0.981504
0.524950
0.887046
0.842109
0.879279
0.507752
0.666072
0.481098
0.945248
0.481098
0.517681
0.879279
0.842109
0.527686
0.817523
0.552538
0.339547
0.865346
0.281298
0.887046
0.580567
0.856994
0.064477
0.817523
0.580567
0.099074
0.333865
0.464565
0.219208
0.267801
0.080114
0.998833
0.945248
0.817523
0.490796
0.524950
0.000644
0.637471
0.339547
0.091449
0.524950
0.474102
0.918739
0.879279
0.981504
0.019353
0.002050
0.730240
0.626989
0.865346
0.399104
0.817523
0.817523
0.293353
0.801344
0.003119
0.757847
0.757847
0.747795
0.131692
0.245649
0.149149
0.899915
0.801344
0.730240
0.684141
0.590932
0.339547
0.229181
0.251912
0.580567
0.298540
0.774982
0.570245
0.817523
0.407880
0.842109
0.019353
0.637471
0.490796
0.637471
0.774982
0.655589
0.590932
0.637471
0.801344
0.637471
0.702126
0.887046
0.929661
0.195081
0.887046
0.145067
0.856994
0.774982
0.517681
0.004135
0.369682
0.842109
0.204168
0.063059
0.423305
0.608921
0.176594
0.945248
0.826682
0.369682
0.423305
0.500582
0.545133
0.784755
0.293353
0.011642
0.645099
0.037804
0.981504
0.223364
0.524950
0.702126
0.899915
0.879279
0.464565
0.929661
0.712481
0.481098
0.198866
0.439058
0.580567
0.281298
0.464565
0.439058
0.757847
0.817523
0.517681
0.245649
0.229181
0.181406
0.293353
0.305781
0.730240
0.535007
0.439058
0.369682
0.399104
0.026823
0.784755
0.791787
0.912056
0.490796
0.981504
0.313146
0.879279
0.817523
0.552538
0.407880
0.339547
0.570245
0.195081
0.448322
0.002564
0.107255
0.580567
0.791787
0.570245
0.224939
0.015740
0.801344
0.673688
0.784755
0.997116
0.535007
0.274488
0.138241
0.939773
0.347465
0.826682
0.972786
0.204168
0.149149
0.018272
0.865346
0.981504
0.655589
0.817523
0.091449
0.160779
0.186326
0.842109
0.666072
0.801344
0.730240
0.730240
0.865346
0.912056
0.608921
0.637471
0.005718
0.842109
0.507752
0.153328
0.160779
0.524950
0.580567
0.318580
0.580567
0.318580
0.929661
0.879279
0.856994
0.229181
0.099074
0.791787
0.384217
0.339547
0.981504
0.293353
0.991544
0.305781
0.176594
0.293353
0.010606
0.945248
0.619374
0.702126
0.281298
0.138241
0.892551
0.562770
0.204168
0.747795
0.879279
0.423305
0.747795
0.626989
0.399104
0.073813
0.684141
0.912056
0.608921
0.899915
0.573056
0.347465
0.842109
0.326161
0.608921
0.730240
0.300503
0.626989
0.826682
0.223364
0.856994
0.003789
0.286328
0.562770
0.439058
0.423305
0.361431
0.673688
0.229181
0.235116
0.535007
0.961982
0.300503
0.251912
0.655589
0.390443
0.833240
0.730240
0.024533
0.399104
0.500582
0.929661
0.712481
0.439058
0.879279
0.712481
0.448322
0.712481
0.899915
0.046373
0.694566
0.842109
0.856994
0.740432
0.684141
0.011251
0.517681
0.619374
0.730240
0.730240
0.160779
0.590932
0.673688
0.842109
0.347465
0.817523
0.274488
0.590932
0.598495
0.879279
0.626989
0.573056
0.842109
0.712481
0.719980
0.666072
0.757847
0.966189
0.318580
0.439058
0.300503
0.850796
0.712481
0.256543
0.590932
0.507752
0.562770
0.414334
0.474102
0.416770
0.219208
0.263016
0.892551
0.000191
0.730240
0.817523
0.879279
0.355506
0.655589
0.021185
0.229181
0.121896
0.455125
0.774982
0.972786
0.086894
0.719980
0.879279
0.500582
0.826682
0.730240
0.298540
0.730240
0.235116
0.094182
0.562770
0.826682
0.912056
0.263016
0.481098
0.865346
0.517681
0.655589
0.102007
0.524950
0.856994
0.774982
0.740432
0.879279
0.801344
0.608921
0.423305
0.856994
0.474102
0.204168
0.912056
0.684141
0.655589
0.784755
0.281298
0.626989
0.448322
0.168531
0.702126
0.899915
0.168531
0.053296
0.740432
0.256543
0.988236
0.945248
0.318580
0.274488
0.047443
0.313146
0.562770
0.958742
0.524950
0.149149
0.774982
0.392793
0.929661
0.181406
0.740432
0.929661
0.552538
0.189972
0.673688
0.384217
0.448322
0.464565
0.626989
0.229181
0.195081
0.981504
0.281298
0.573056
0.274488
0.003232
0.173161
0.826682
0.826682
0.256543
0.524950
0.580567
0.507752
0.580567
0.219208
0.757847
0.361431
0.483734
0.390443
0.637471
0.384217
0.181406
0.535007
0.414334
0.966189
0.209583
0.998833
0.774982
0.791787
0.439058
0.109535
0.552538
0.239507
0.010249
0.801344
0.712481
0.033846
0.168531
0.945248
0.223364
0.107255
0.353301
0.010606
0.274488
0.000022
0.892551
0.026823
0.791787
0.535007
0.842109
0.048953
0.125412
0.044937
0.774982
0.455125
0.209583
0.423305
0.562770
0.015220
0.181406
0.005520
0.949054
0.474102
0.580567
0.817523
0.241170
0.801344
0.929661
0.939773
0.118466
0.918739
0.464565
0.918739
0.300503
0.972786
0.826682
0.666072
0.929661
0.842109
0.842109
0.235116
0.003009
0.326161
0.239507
0.281298
0.414334
0.347465
0.552538
0.142159
0.112739
0.740432
0.464565
0.712481
0.313146
0.423305
0.084351
0.195081
0.066474
0.490796
0.929661
0.945248
0.048953
0.791787
0.006074
0.339547
0.121896
0.562770
0.184973
0.791787
0.399104
0.384217
0.784755
0.086894
0.153328
0.326161
0.637471
0.507752
0.021185
0.899915
0.826682
0.954041
0.757847
0.590932
0.239507
0.250191
0.626989
0.384217
0.007802
0.072210
0.039027
0.001213
0.448322
0.119393
0.981504
0.712481
0.250191
0.432386
0.384217
0.263016
0.912056
0.918739
0.545133
0.094182
0.339547
0.619374
0.474102
0.233485
0.464565
0.039027
0.626989
0.018272
0.024533
0.142159
0.138241
0.500582
0.483734
0.954041
0.712481
0.562770
0.673688
0.293353
0.826682
0.118466
0.490796
0.189972
0.637471
0.899915
0.757847
0.892551
0.039940
0.912056
0.865346
0.429899
0.747795
0.121896
0.048953
0.229181
0.384217
0.976221
0.339547
0.213594
0.562770
0.945248
0.134416
0.474102
0.121896
0.791787
0.826682
0.929661
0.826682
0.912056
0.481098
0.945248
0.991544
0.213594
0.256543
0.552538
0.305781
0.619374
0.887046
0.590932
0.702126
0.181406
0.774982
0.361431
0.318580
0.318580
0.954041
0.774982
0.747795
0.263016
0.966189
0.552538
0.128024
0.801344
0.384217
0.608921
0.378054
0.954041
0.378054
0.263016
0.817523
0.073813
0.073813
0.719980
0.842109
0.229181
0.527686
0.817523
0.552538
0.274488
0.082543
0.712481
0.912056
0.361431
0.608921
0.757847
0.072210
0.044937
0.570245
0.439058
0.032774
0.138241
0.740432
0.972786
0.608921
0.590932
0.204168
0.655589
0.545133
0.229181
0.384217
0.655589
0.730240
0.474102
0.929661
0.626989
0.500582
0.580567
0.991544
0.673688
0.730240
0.245649
0.988236
0.939773
0.245649
0.448322
0.684141
0.527686
0.490796
0.000218
0.740432
0.945248
0.305781
0.966189
0.817523
0.923434
0.562770
0.517681
0.954041
0.347465
0.929661
0.817523
0.490796
0.899915
0.481098
0.929661
0.988236
0.004718
0.474102
0.416770
0.490796
0.016680
0.003990
0.168531
0.384217
0.326161
0.842109
0.204168
0.414334
0.684141
0.384217
0.637471
0.239507
0.580567
0.156429
0.826682
0.619374
0.030011
0.156429
0.637471
0.339547
0.455125
0.293353
0.535007
0.826682
0.694566
0.985989
0.673688
0.573056
0.500582
0.981504
0.784755
0.545133
0.712481
0.842109
0.235116
0.598495
0.929661
0.850796
0.694566
0.817523
0.245649
0.390443
0.274488
0.945248
0.598495
0.464565
0.865346
0.626989
0.361431
0.256543
0.562770
0.059304
0.842109
0.961982
0.899915
0.981504
0.684141
0.810765
0.730240
0.985989
0.164006
0.010249
0.347465
0.286328
0.019353
0.025961
0.305781
0.229181
0.138241
0.507752
0.619374
0.945248
0.562770
0.384217
0.407880
0.305781
0.918739
0.637471
0.369682
0.545133
0.626989
0.608921
0.552538
0.286328
0.608921
0.666072
0.892551
0.084351
0.535007
0.168531
0.747795
0.892551
0.673688
0.000931
0.524950
0.954041
0.590932
0.981504
0.552538
0.384217
0.740432
0.149149
0.912056
0.887046
0.455125
0.198866
0.712481
0.637471
0.209583
0.730240
0.666072
0.094182
0.156429
0.730240
0.826682
0.684141
0.263016
0.590932
0.879279
0.637471
0.432386
0.318580
0.104189
0.018891
0.801344
0.527686
0.305781
0.181406
0.655589
0.608921
0.945248
0.879279
0.333865
0.694566
0.118466
0.966189
0.457689
0.981504
0.000713
0.022429
0.865346
0.390443
0.842109
0.432386
0.134416
0.176594
0.730240
0.879279
0.966189
0.702126
0.286328
0.481098
0.008793
0.464565
0.684141
0.817523
0.245649
0.655589
0.865346
0.939773
0.958742
0.086894
0.991544
0.879279
0.833240
0.245649
0.954041
0.369682
0.318580
0.616521
0.954041
0.598495
0.507752
0.719980
0.384217
0.318580
0.189972
0.562770
0.229181
0.198866
0.006074
0.219208
0.318580
0.448322
0.399104
0.608921
0.747795
0.887046
0.740432
0.619374
0.439058
0.684141
0.164006
0.448322
0.666072
0.981504
0.573056
0.223364
0.562770
0.448322
0.313146
0.507752
0.637471
0.339547
0.121896
0.842109
0.842109
0.457689
0.879279
0.655589
0.972786
0.945248
0.562770
0.017672
0.016130
0.972786
0.333865
0.107255
0.464565
0.562770
0.998833
0.432386
0.655589
0.145067
0.765099
0.423305
0.057990
0.464565
0.590932
0.730240
0.961982
0.945248
0.730240
0.850796
0.842109
0.833240
0.250191
0.912056
0.021185
0.865346
0.353301
0.474102
0.107255
0.791787
0.000713
0.580567
0.666072
0.712481
0.416770
0.286328
0.293353
0.842109
0.757847
0.160779
0.006074
0.181406
0.580567
0.339547
0.694566
0.017672
0.747795
0.673688
0.545133
0.369682
0.507752
0.865346
0.666072
0.189972
0.684141
0.500582
0.899915
0.608921
0.912056
0.865346
0.730240
0.972786
0.369682
0.757847
0.774982
0.044937
0.801344
0.626989
0.164006
0.407880
0.500582
0.966189
0.747795
0.608921
0.263016
0.104189
0.865346
0.116024
0.850796
0.086894
0.135450
0.076069
0.887046
0.655589
0.423305
0.801344
0.013093
0.995416
0.138241
0.573056
0.684141
0.384217
0.801344
0.871290
0.474102
0.490796
0.416770
0.036936
0.573056
0.164006
0.000002
0.684141
0.507752
0.018272
0.517681
0.313146
0.740432
0.042554
0.757847
0.945248
0.626989
0.673688
0.281298
0.160779
0.112739
0.939773
0.791787
0.887046
0.562770
0.929661
0.981504
0.047443
0.608921
0.879279
0.500582
0.801344
0.286328
0.286328
0.929661
0.012347
0.507752
0.826682
0.156429
0.608921
0.378054
0.384217
0.730240
0.608921
0.474102
0.608921
0.189972
0.082543
0.353301
0.842109
0.035774
0.029311
0.439058
0.355506
0.757847
0.399104
0.448322
0.464565
0.730240
0.116024
0.608921
0.076069
0.070057
0.801344
0.423305
0.833240
0.562770
0.013882
0.256543
0.765099
0.318580
0.432386
0.138241
0.552538
0.168531
0.626989
0.500582
0.105017
0.200301
0.801344
0.981504
0.448322
0.293353
0.590932
0.219208
0.757847
0.899915
0.219208
0.598495
0.757847
0.072210
0.842109
0.730240
0.288232
0.112739
0.439058
0.981504
0.590932
0.286328
0.954041
0.347465
0.673688
0.598495
0.286328
0.407880
0.414334
0.339547
0.730240
0.481098
0.039027
0.580567
0.274488
0.347465
0.250191
0.666072
0.109535
0.737659
0.784755
0.580567
0.535007
0.590932
0.817523
0.392793
0.637471
0.490796
0.517681
0.229181
0.439058
0.826682
0.655589
0.099074
0.580567
0.086894
0.361431
0.339547
0.892551
0.719980
0.757847
0.997116
0.305781
0.702126
0.892551
0.842109
0.545133
0.448322
0.448322
0.899915
0.912056
0.757847
0.608921
0.945248
0.414334
0.892551
0.378054
0.040288
0.545133
0.712481
0.939773
0.981504
0.156429
0.765099
0.865346
0.562770
0.361431
0.457689
0.826682
0.527686
0.288232
0.801344
0.263016
0.474102
0.712481
0.061155
0.684141
0.784755
0.976221
0.702126
0.774982
0.774982
0.655589
0.580567
0.490796
0.879279
0.441574
0.149149
0.626989
0.399104
0.407880
0.384217
0.552538
0.293353
0.702126
0.229181
0.871290
0.545133
0.375759
0.326161
0.320635
0.039027
0.545133
0.305781
0.414334
0.684141
0.871290
0.826682
0.747795
0.791787
0.961982
0.298540
0.517681
0.094182
0.774982
0.189972
0.801344
0.673688
0.730240
0.286328
0.439058
0.432386
0.740432
0.464565
0.281298
0.160779
0.655589
0.229181
0.281298
0.274488
0.552538
0.826682
0.448322
0.598495
0.757847
0.637471
0.570245
0.000226
0.647960
0.666072
0.666072
0.954041
0.125412
0.138241
0.619374
0.801344
0.608921
0.562770
0.414334
0.507752
0.010606
0.608921
0.399104
0.481098
0.801344
0.399104
0.972786
0.747795
0.524950
0.684141
0.912056
0.464565
0.542365
0.256543
0.209583
0.318580
0.535007
0.399104
0.879279
0.608921
0.655589
0.099074
0.757847
0.086894
0.879279
0.181406
0.655589
0.608921
0.142159
0.497905
0.879279
0.552538
0.053296
0.801344
0.005015
0.293353
0.057504
0.730240
0.598495
0.229181
0.740432
0.131692
0.054512
0.879279
0.455125
0.173161
0.535007
0.399104
0.562770
0.004284
0.694566
0.856994
0.037804
0.850796
0.293353
0.712481
0.009996
0.684141
0.135450
0.945248
0.245649
0.191354
0.929661
0.826682
0.826682
0.619374
0.562770
0.647960
0.619374
0.740432
0.027711
0.637471
0.637471
0.347465
0.712481
0.375759
0.954041
0.666072
0.305781
0.009659
0.333865
0.326161
0.062534
0.423305
0.663214
0.702126
0.545133
0.757847
0.378054
0.124444
0.263016
0.369682
0.490796
0.791787
0.128024
0.527686
0.107255
0.129015
0.912056
0.702126
0.719980
0.757847
0.842109
0.339547
0.879279
0.177896
0.423305
0.774982
0.369682
0.580567
0.865346
0.384217
0.164006
0.399104
0.339547
0.817523
0.666072
0.684141
0.684141
0.747795
0.369682
0.070057
0.655589
0.791787
0.757847
0.481098
0.094182
0.817523
0.347465
0.189972
0.784755
0.173161
0.251912
0.757847
0.490796
0.570245
0.384217
0.474102
0.041228
0.086894
0.637471
0.817523
0.125412
0.784755
0.619374
0.608921
0.017672
0.954041
0.168531
0.094182
0.164006
0.995416
0.524950
0.168531
0.712481
0.712481
0.527686
0.229181
0.286328
0.239507
0.474102
0.517681
0.104189
0.073813
0.655589
0.369682
0.464565
0.923434
0.407880
0.879279
0.263016
0.892551
0.004284
0.817523
0.608921
0.626989
0.817523
0.879279
0.156429
0.355506
0.483734
0.817523
0.817523
0.128024
0.856994
0.239507
0.339547
0.666072
0.871290
0.361431
0.730240
0.195081
0.562770
0.361431
0.988236
0.024533
0.923434
0.590932
0.719980
0.580567
0.464565
0.608921
0.448322
0.263016
0.765099
0.774982
0.235116
0.580567
0.833240
0.954041
0.826682
0.995416
0.168531
0.684141
0.801344
0.757847
0.125412
0.918739
0.791787
0.850796
0.817523
0.757847
0.887046
0.517681
0.842109
0.208095
0.784755
0.353301
0.945248
0.474102
0.774982
0.189972
0.414334
0.702126
0.384217
0.801344
0.757847
0.673688
0.481098
0.966189
0.801344
0.765099
0.899915
0.068527
0.229181
0.774982
0.213594
0.229181
0.608921
0.535007
0.608921
0.899915
0.517681
0.061155
0.008575
0.626989
0.432386
0.490796
0.801344
0.423305
0.219208
0.791787
0.791787
0.966189
0.318580
0.765099
0.598495
0.552538
0.817523
0.801344
0.702126
0.879279
0.524950
0.107255
0.791787
0.801344
0.865346
0.414334
0.966189
0.057990
0.562770
0.637471
0.333865
0.712481
0.912056
0.251912
0.173161
0.399104
0.842109
0.367420
0.702126
0.918739
0.552538
0.637471
0.160779
0.637471
0.474102
0.500582
0.524950
0.655589
0.765099
0.645099
0.331752
0.945248
0.134416
0.856994
0.245649
0.481098
0.899915
0.399104
0.011934
0.369682
0.562770
0.961982
0.899915
0.274488
0.801344
0.666072
0.535007
0.608921
0.086894
0.355506
0.562770
0.313146
0.101200
0.305781
0.598495
0.084351
0.887046
0.030998
0.032774
0.250191
0.666072
0.608921
0.740432
0.552538
0.003657
0.573056
0.899915
0.842109
0.256543
0.784755
0.326161
0.842109
0.080114
0.666072
0.590932
0.535007
0.204168
0.774982
0.378054
0.490796
0.694566
0.298540
0.552538
0.286328
0.552538
0.263016
0.995416
0.616521
0.007279
0.590932
0.856994
0.945248
0.702126
