		  NONPERIODIC TEMPLATES TEST
-------------------------------------------------------------------------------------
		  COMPUTATIONAL INFORMATION
-------------------------------------------------------------------------------------
	LAMBDA = 0.265625	M = 144	N = 8	m = 9	n = 1152
-------------------------------------------------------------------------------------
		F R E Q U E N C Y
Template   W_1  W_2  W_3  W_4  W_5  W_6  W_7  W_8    Chi^2   P_value Assignment Index
-------------------------------------------------------------------------------------
000000001    0    1    0    0    0    1    0    0  5.523681 0.700415 SUCCESS   0
000000011    1    0    0    1    0    1    0    0  7.247587 0.510171 SUCCESS   1
000000101    0    2    0    0    0    0    0    0 12.879012 0.116081 SUCCESS   2
000000111    1    0    0    1    0    1    0    0  7.247587 0.510171 SUCCESS   3
000001001    0    1    0    0    0    0    1    0  5.523681 0.700415 SUCCESS   4
000001011    0    0    0    0    0    0    0    0  2.075870 0.978597 SUCCESS   5
000001101    1    0    0    0    0    0    0    0  3.799776 0.874721 SUCCESS   6
000001111    0    0    0    1    0    1    0    1  7.247587 0.510171 SUCCESS   7
000010001    0    0    1    0    0    0    0    1  5.523681 0.700415 SUCCESS   8
000010011    0    1    0    1    0    0    2    0 16.326824 0.037934 SUCCESS   9
000010101    1    1    0    0    0    0    0    0  5.523681 0.700415 SUCCESS  10
000010111    0    0    0    0    1    0    0    0  3.799776 0.874721 SUCCESS  11
000011001    1    0    0    0    0    0    1    0  5.523681 0.700415 SUCCESS  12
000011011    0    0    0    0    0    0    0    0  2.075870 0.978597 SUCCESS  13
000011101    0    0    0    0    1    1    1    0  7.247587 0.510171 SUCCESS  14
000011111    0    0    0    0    0    1    0    1  5.523681 0.700415 SUCCESS  15
000100011    0    1    1    0    0    0    0    0  5.523681 0.700415 SUCCESS  16
000100101    0    0    0    0    0    0    0    0  2.075870 0.978597 SUCCESS  17
000100111    1    1    1    2    0    1    0    1 21.498541 0.005935 FAILURE  18
000101001    0    1    0    0    0    0    0    0  3.799776 0.874721 SUCCESS  19
000101011    1    0    0    0    0    0    0    0  3.799776 0.874721 SUCCESS  20
000101101    0    0    0    0    0    1    0    0  3.799776 0.874721 SUCCESS  21
000101111    0    0    0    0    0    0    0    0  2.075870 0.978597 SUCCESS  22
000110011    0    0    0    0    0    0    1    0  3.799776 0.874721 SUCCESS  23
000110101    0    0    0    0    0    0    0    0  2.075870 0.978597 SUCCESS  24
000110111    0    1    1    0    0    0    0    0  5.523681 0.700415 SUCCESS  25
000111001    1    0    0    0    0    0    0    0  3.799776 0.874721 SUCCESS  26
000111011    0    0    0    0    0    0    0    0  2.075870 0.978597 SUCCESS  27
000111101    0    0    0    1    0    0    1    0  5.523681 0.700415 SUCCESS  28
000111111    0    0    0    0    0    1    1    0  5.523681 0.700415 SUCCESS  29
001000011    0    0    0    0    0    0    1    0  3.799776 0.874721 SUCCESS  30
001000101    1    0    0    0    0    0    0    1  5.523681 0.700415 SUCCESS  31
001000111    0    1    1    1    0    1    0    0  8.971493 0.344707 SUCCESS  32
001001011    0    0    0    0    1    0    0    0  3.799776 0.874721 SUCCESS  33
001001101    1    0    0    1    1    0    1    0  8.971493 0.344707 SUCCESS  34
001001111    0    1    1    1    0    2    0    0 18.050730 0.020849 SUCCESS  35
001010011    0    1    0    0    0    1    0    0  5.523681 0.700415 SUCCESS  36
001010101    1    0    0    0    0    0    0    0  3.799776 0.874721 SUCCESS  37
001010111    1    0    0    0    0    0    0    0  3.799776 0.874721 SUCCESS  38
001011011    0    1    0    0    0    0    0    0  3.799776 0.874721 SUCCESS  39
001011101    1    0    1    0    0    0    0    1  7.247587 0.510171 SUCCESS  40
001011111    0    0    1    0    0    0    1    0  5.523681 0.700415 SUCCESS  41
001100101    1    1    1    0    0    2    0    0 18.050730 0.020849 SUCCESS  42
001100111    0    1    0    0    0    0    1    1  7.247587 0.510171 SUCCESS  43
001101011    1    0    0    0    0    0    0    0  3.799776 0.874721 SUCCESS  44
001101101    0    0    0    1    0    0    0    0  3.799776 0.874721 SUCCESS  45
001101111    0    0    2    0    2    0    0    0 23.682155 0.002590 FAILURE  46
001110101    1    0    0    0    1    0    1    1  8.971493 0.344707 SUCCESS  47
001110111    1    0    0    1    0    0    0    0  5.523681 0.700415 SUCCESS  48
001111011    0    0    0    2    0    0    2    0 23.682155 0.002590 FAILURE  49
001111101    0    0    0    0    0    0    0    1  3.799776 0.874721 SUCCESS  50
001111111    0    1    1    0    0    1    1    0  8.971493 0.344707 SUCCESS  51
010000011    2    0    0    0    0    0    0    1 14.602918 0.067342 SUCCESS  52
010000111    0    0    0    0    1    0    1    0  5.523681 0.700415 SUCCESS  53
010001011    0    0    0    0    0    1    0    1  5.523681 0.700415 SUCCESS  54
010001111    0    1    1    0    0    0    2    0 16.326824 0.037934 SUCCESS  55
010010011    0    0    0    1    1    1    0    0  7.247587 0.510171 SUCCESS  56
010010111    0    0    1    0    1    0    0    0  5.523681 0.700415 SUCCESS  57
010011011    0    0    1    1    1    0    1    0  8.971493 0.344707 SUCCESS  58
010011111    0    1    1    0    0    1    0    0  7.247587 0.510171 SUCCESS  59
010100011    0    0    0    0    0    0    3    0 29.313580 0.000279 FAILURE  60
010100111    0    1    0    0    1    1    0    0  7.247587 0.510171 SUCCESS  61
010101011    1    0    1    0    0    0    0    0  5.523681 0.700415 SUCCESS  62
010101111    0    0    1    0    0    0    0    0  3.799776 0.874721 SUCCESS  63
010110011    0    1    0    0    0    0    0    1  5.523681 0.700415 SUCCESS  64
010110111    0    1    0    0    0    0    0    2 14.602918 0.067342 SUCCESS  65
010111011    1    0    1    1    0    0    0    0  7.247587 0.510171 SUCCESS  66
010111111    0    0    0    0    0    0    1    0  3.799776 0.874721 SUCCESS  67
011000111    0    0    0    0    0    0    0    0  2.075870 0.978597 SUCCESS  68
011001111    0    0    0    0    0    0    1    1  5.523681 0.700415 SUCCESS  69
011010111    0    0    0    0    0    0    0    0  2.075870 0.978597 SUCCESS  70
011011111    0    0    1    0    0    0    1    0  5.523681 0.700415 SUCCESS  71
011101111    1    0    0    1    0    0    0    0  5.523681 0.700415 SUCCESS  72
011111111    1    0    0    0    0    1    0    0  5.523681 0.700415 SUCCESS  73
100000000    0    1    0    0    0    1    0    0  5.523681 0.700415 SUCCESS  74
100010000    1    1    0    0    0    1    0    2 18.050730 0.020849 SUCCESS  75
100100000    1    0    0    0    0    0    0    0  3.799776 0.874721 SUCCESS  76
100101000    0    0    0    0    0    0    1    0  3.799776 0.874721 SUCCESS  77
100110000    0    0    0    0    0    0    1    0  3.799776 0.874721 SUCCESS  78
100111000    0    2    0    0    1    0    0    1 16.326824 0.037934 SUCCESS  79
101000000    0    0    0    1    0    0    0    0  3.799776 0.874721 SUCCESS  80
101000100    1    1    0    2    0    1    0    0 18.050730 0.020849 SUCCESS  81
101001000    0    0    0    0    1    1    0    2 16.326824 0.037934 SUCCESS  82
101001100    0    0    0    0    0    0    0    1  3.799776 0.874721 SUCCESS  83
101010000    0    1    0    0    2    0    0    0 14.602918 0.067342 SUCCESS  84
101010100    0    0    0    0    0    0    0    0  2.075870 0.978597 SUCCESS  85
101011000    1    0    0    0    0    0    0    0  3.799776 0.874721 SUCCESS  86
101011100    1    0    0    0    0    0    0    0  3.799776 0.874721 SUCCESS  87
101100000    0    0    0    0    0    0    0    0  2.075870 0.978597 SUCCESS  88
101100100    0    1    0    0    0    0    0    0  3.799776 0.874721 SUCCESS  89
101101000    0    0    0    2    0    0    0    0 12.879012 0.116081 SUCCESS  90
101101100    0    1    0    0    0    0    2    0 14.602918 0.067342 SUCCESS  91
101110000    1    0    0    0    0    0    1    1  7.247587 0.510171 SUCCESS  92
101110100    0    0    0    0    1    1    0    1  7.247587 0.510171 SUCCESS  93
101111000    0    0    0    0    0    1    0    0  3.799776 0.874721 SUCCESS  94
101111100    0    0    1    0    0    0    0    0  3.799776 0.874721 SUCCESS  95
110000000    1    1    0    0    0    0    0    0  5.523681 0.700415 SUCCESS  96
110000010    0    0    0    0    0    0    1    0  3.799776 0.874721 SUCCESS  97
110000100    0    0    1    0    0    0    1    1  7.247587 0.510171 SUCCESS  98
110001000    1    0    0    0    0    1    0    1  7.247587 0.510171 SUCCESS  99
110001010    0    0    0    0    1    0    1    0  5.523681 0.700415 SUCCESS 100
110010000    1    0    0    0    0    0    1    0  5.523681 0.700415 SUCCESS 101
110010010    0    1    0    1    0    0    0    0  5.523681 0.700415 SUCCESS 102
110010100    0    0    0    1    0    0    1    0  5.523681 0.700415 SUCCESS 103
110011000    0    0    1    0    0    1    1    0  7.247587 0.510171 SUCCESS 104
110011010    0    0    0    0    0    0    0    0  2.075870 0.978597 SUCCESS 105
110100000    0    0    0    1    0    0    0    0  3.799776 0.874721 SUCCESS 106
110100010    1    1    0    3    0    2    0    0 43.564534 0.000001 FAILURE 107
110100100    0    0    0    0    1    2    0    2 25.406061 0.001326 FAILURE 108
110101000    1    0    0    0    0    0    1    0  5.523681 0.700415 SUCCESS 109
110101010    0    0    1    0    0    0    0    0  3.799776 0.874721 SUCCESS 110
110101100    1    0    0    0    0    0    0    0  3.799776 0.874721 SUCCESS 111
110110000    0    0    0    0    0    0    1    0  3.799776 0.874721 SUCCESS 112
110110010    0    1    1    0    0    0    0    1  7.247587 0.510171 SUCCESS 113
110110100    0    0    0    2    0    0    0    1 14.602918 0.067342 SUCCESS 114
110111000    1    0    0    0    0    0    1    1  7.247587 0.510171 SUCCESS 115
110111010    0    0    0    1    1    1    0    0  7.247587 0.510171 SUCCESS 116
110111100    0    0    0    0    0    0    0    1  3.799776 0.874721 SUCCESS 117
111000000    1    1    0    0    0    0    0    0  5.523681 0.700415 SUCCESS 118
111000010    0    0    0    0    0    0    0    1  3.799776 0.874721 SUCCESS 119
111000100    1    0    1    0    0    1    0    0  7.247587 0.510171 SUCCESS 120
111000110    0    1    1    0    1    1    0    1 10.695398 0.219563 SUCCESS 121
111001000    1    0    1    0    0    0    1    0  7.247587 0.510171 SUCCESS 122
111001010    0    0    0    1    2    0    1    0 16.326824 0.037934 SUCCESS 123
111001100    0    1    1    1    0    1    0    0  8.971493 0.344707 SUCCESS 124
111010000    0    0    0    0    0    0    0    0  2.075870 0.978597 SUCCESS 125
111010010    0    0    1    1    1    2    0    1 19.774635 0.011223 SUCCESS 126
111010100    1    0    0    0    1    0    1    1  8.971493 0.344707 SUCCESS 127
111010110    0    0    0    0    0    0    0    0  2.075870 0.978597 SUCCESS 128
111011000    0    0    0    0    0    0    0    0  2.075870 0.978597 SUCCESS 129
111011010    0    0    0    1    1    0    0    1  7.247587 0.510171 SUCCESS 130
111011100    1    1    1    1    0    0    0    0  8.971493 0.344707 SUCCESS 131
111100000    0    0    0    0    0    0    0    0  2.075870 0.978597 SUCCESS 132
111100010    0    0    0    0    0    1    0    0  3.799776 0.874721 SUCCESS 133
111100100    1    0    0    0    0    0    1    1  7.247587 0.510171 SUCCESS 134
111100110    0    1    1    0    0    1    0    0  7.247587 0.510171 SUCCESS 135
111101000    0    1    0    0    1    0    0    0  5.523681 0.700415 SUCCESS 136
111101010    0    0    1    0    0    0    0    0  3.799776 0.874721 SUCCESS 137
111101100    0    0    1    0    0    0    0    0  3.799776 0.874721 SUCCESS 138
111101110    0    1    0    2    1    0    0    1 18.050730 0.020849 SUCCESS 139
111110000    0    0    0    0    0    0    0    0  2.075870 0.978597 SUCCESS 140
111110010    0    0    0    0    0    0    2    1 14.602918 0.067342 SUCCESS 141
111110100    0    0    2    0    0    0    0    0 12.879012 0.116081 SUCCESS 142
111110110    0    0    0    0    0    0    0    0  2.075870 0.978597 SUCCESS 143
111111000    0    0    0    0    0    1    0    0  3.799776 0.874721 SUCCESS 144
111111010    0    0    2    0    0    0    0    0 12.879012 0.116081 SUCCESS 145
111111100    1    0    0    0    0    1    1    0  7.247587 0.510171 SUCCESS 146
111111110    1    0    0    0    0    1    0    0  5.523681 0.700415 SUCCESS 147

		  NONPERIODIC TEMPLATES TEST
-------------------------------------------------------------------------------------
		  COMPUTATIONAL INFORMATION
-------------------------------------------------------------------------------------
	LAMBDA = 0.265625	M = 144	N = 8	m = 9	n = 1152
-------------------------------------------------------------------------------------
		F R E Q U E N C Y
Template   W_1  W_2  W_3  W_4  W_5  W_6  W_7  W_8    Chi^2   P_value Assignment Index
-------------------------------------------------------------------------------------
000000001    3    1    0    0    0    1    0    0 32.761392 0.000068 FAILURE   0
000000011    2    1    0    0    1    1    1    0 19.774635 0.011223 SUCCESS   1
000000101    1    0    0    0    0    0    1    0  5.523681 0.700415 SUCCESS   2
000000111    2    1    1    1    0    1    1    0 21.498541 0.005935 FAILURE   3
000001001    0    0    1    2    0    0    0    0 14.602918 0.067342 SUCCESS   4
000001011    0    0    0    0    0    0    0    0  2.075870 0.978597 SUCCESS   5
000001101    0    0    0    0    1    0    0    0  3.799776 0.874721 SUCCESS   6
000001111    1    2    1    0    0    0    0    0 16.326824 0.037934 SUCCESS   7
000010001    0    0    1    1    0    0    0    0  5.523681 0.700415 SUCCESS   8
000010011    0    0    1    1    0    0    0    1  7.247587 0.510171 SUCCESS   9
000010101    2    0    1    0    1    0    1    0 18.050730 0.020849 SUCCESS  10
000010111    0    0    0    0    0    0    1    0  3.799776 0.874721 SUCCESS  11
000011001    0    0    0    0    0    0    0    0  2.075870 0.978597 SUCCESS  12
000011011    0    0    0    0    1    0    0    1  5.523681 0.700415 SUCCESS  13
000011101    1    1    0    0    0    0    1    0  7.247587 0.510171 SUCCESS  14
000011111    1    0    1    0    0    0    1    0  7.247587 0.510171 SUCCESS  15
000100011    0    0    1    2    0    0    0    0 14.602918 0.067342 SUCCESS  16
000100101    0    1    1    0    0    0    0    0  5.523681 0.700415 SUCCESS  17
000100111    0    0    1    2    0    0    1    1 18.050730 0.020849 SUCCESS  18
000101001    0    0    0    0    1    0    0    0  3.799776 0.874721 SUCCESS  19
000101011    1    0    0    0    1    0    0    1  7.247587 0.510171 SUCCESS  20
000101101    1    0    0    0    1    0    1    1  8.971493 0.344707 SUCCESS  21
000101111    0    0    0    0    0    0    0    0  2.075870 0.978597 SUCCESS  22
000110011    0    0    0    0    0    0    1    0  3.799776 0.874721 SUCCESS  23
000110101    0    0    1    0    0    0    0    0  3.799776 0.874721 SUCCESS  24
000110111    0    0    0    0    1    0    0    0  3.799776 0.874721 SUCCESS  25
000111001    0    0    1    1    0    1    0    0  7.247587 0.510171 SUCCESS  26
000111011    1    1    0    0    0    0    0    0  5.523681 0.700415 SUCCESS  27
000111101    0    2    0    0    0    0    0    0 12.879012 0.116081 SUCCESS  28
000111111    1    0    1    1    0    0    0    1  8.971493 0.344707 SUCCESS  29
001000011    0    1    0    0    0    0    0    0  3.799776 0.874721 SUCCESS  30
001000101    0    0    1    1    0    1    0    1  8.971493 0.344707 SUCCESS  31
001000111    0    0    0    0    0    1    0    0  3.799776 0.874721 SUCCESS  32
001001011    0    1    0    1    0    0    1    0  7.247587 0.510171 SUCCESS  33
001001101    1    0    0    0    0    0    0    0  3.799776 0.874721 SUCCESS  34
001001111    0    0    1    1    0    1    0    1  8.971493 0.344707 SUCCESS  35
001010011    0    0    0    0    1    0    0    0  3.799776 0.874721 SUCCESS  36
001010101    1    0    0    0    2    0    1    0 16.326824 0.037934 SUCCESS  37
001010111    1    2    1    0    1    0    0    1 19.774635 0.011223 SUCCESS  38
001011011    0    0    0    0    1    0    1    1  7.247587 0.510171 SUCCESS  39
001011101    0    0    0    1    0    1    0    2 16.326824 0.037934 SUCCESS  40
001011111    0    0    0    0    0    0    0    0  2.075870 0.978597 SUCCESS  41
001100101    0    0    0    1    0    0    0    1  5.523681 0.700415 SUCCESS  42
001100111    0    0    0    0    0    1    0    0  3.799776 0.874721 SUCCESS  43
001101011    0    0    0    0    0    0    0    0  2.075870 0.978597 SUCCESS  44
001101101    0    0    0    0    0    0    0    1  3.799776 0.874721 SUCCESS  45
001101111    0    0    0    0    0    0    0    0  2.075870 0.978597 SUCCESS  46
001110101    0    0    0    0    0    0    1    0  3.799776 0.874721 SUCCESS  47
001110111    0    1    0    1    0    1    0    0  7.247587 0.510171 SUCCESS  48
001111011    0    1    0    0    1    0    0    0  5.523681 0.700415 SUCCESS  49
001111101    0    0    1    0    0    1    0    0  5.523681 0.700415 SUCCESS  50
001111111    1    0    1    2    0    0    0    1 18.050730 0.020849 SUCCESS  51
010000011    0    1    0    0    0    0    0    0  3.799776 0.874721 SUCCESS  52
010000111    0    2    0    0    0    0    1    0 14.602918 0.067342 SUCCESS  53
010001011    1    0    0    2    0    0    0    2 25.406061 0.001326 FAILURE  54
010001111    0    0    0    0    0    2    0    1 14.602918 0.067342 SUCCESS  55
010010011    0    0    0    0    0    1    0    0  3.799776 0.874721 SUCCESS  56
010010111    0    1    0    1    0    0    0    0  5.523681 0.700415 SUCCESS  57
010011011    0    0    1    0    0    0    0    0  3.799776 0.874721 SUCCESS  58
010011111    0    0    1    1    0    0    0    1  7.247587 0.510171 SUCCESS  59
010100011    0    0    0    0    1    0    0    0  3.799776 0.874721 SUCCESS  60
010100111    0    0    1    0    1    0    0    0  5.523681 0.700415 SUCCESS  61
010101011    1    0    0    0    1    0    1    1  8.971493 0.344707 SUCCESS  62
010101111    1    2    0    0    1    0    1    0 18.050730 0.020849 SUCCESS  63
010110011    0    1    0    0    0    0    0    0  3.799776 0.874721 SUCCESS  64
010110111    0    0    0    0    1    0    1    0  5.523681 0.700415 SUCCESS  65
010111011    0    0    0    1    0    0    0    1  5.523681 0.700415 SUCCESS  66
010111111    0    0    1    0    1    1    1    0  8.971493 0.344707 SUCCESS  67
011000111    0    0    0    1    1    0    0    0  5.523681 0.700415 SUCCESS  68
011001111    0    0    0    0    0    0    0    0  2.075870 0.978597 SUCCESS  69
011010111    0    0    1    0    0    0    0    0  3.799776 0.874721 SUCCESS  70
011011111    0    0    0    0    0    0    1    1  5.523681 0.700415 SUCCESS  71
011101111    0    1    0    1    0    0    0    0  5.523681 0.700415 SUCCESS  72
011111111    1    1    1    0    0    0    1    1 10.695398 0.219563 SUCCESS  73
100000000    3    1    0    0    0    1    0    0 32.761392 0.000068 FAILURE  74
100010000    0    0    0    0    0    0    0    0  2.075870 0.978597 SUCCESS  75
100100000    0    1    0    1    0    0    1    0  7.247587 0.510171 SUCCESS  76
100101000    0    0    1    0    1    0    0    0  5.523681 0.700415 SUCCESS  77
100110000    0    0    0    0    0    0    0    0  2.075870 0.978597 SUCCESS  78
100111000    0    0    0    1    0    0    1    0  5.523681 0.700415 SUCCESS  79
101000000    3    0    1    0    0    1    0    0 32.761392 0.000068 FAILURE  80
101000100    0    0    1    0    0    0    0    0  3.799776 0.874721 SUCCESS  81
101001000    0    0    0    0    0    0    0    1  3.799776 0.874721 SUCCESS  82
101001100    0    0    0    0    0    0    0    0  2.075870 0.978597 SUCCESS  83
101010000    2    0    0    0    0    1    1    0 16.326824 0.037934 SUCCESS  84
101010100    2    0    1    0    1    0    0    1 18.050730 0.020849 SUCCESS  85
101011000    0    0    0    0    0    0    1    0  3.799776 0.874721 SUCCESS  86
101011100    0    0    1    0    1    0    1    1  8.971493 0.344707 SUCCESS  87
101100000    0    0    0    0    1    0    0    0  3.799776 0.874721 SUCCESS  88
101100100    0    2    0    0    0    0    1    1 16.326824 0.037934 SUCCESS  89
101101000    1    1    0    0    0    0    0    2 16.326824 0.037934 SUCCESS  90
101101100    0    1    0    0    0    0    0    1  5.523681 0.700415 SUCCESS  91
101110000    0    0    1    2    1    0    1    0 18.050730 0.020849 SUCCESS  92
101110100    0    0    1    0    0    0    0    1  5.523681 0.700415 SUCCESS  93
101111000    0    1    0    1    0    0    0    0  5.523681 0.700415 SUCCESS  94
101111100    0    0    0    0    0    0    0    0  2.075870 0.978597 SUCCESS  95
110000000    0    0    0    0    1    0    1    0  5.523681 0.700415 SUCCESS  96
110000010    0    0    0    1    1    0    0    0  5.523681 0.700415 SUCCESS  97
110000100    0    0    1    1    0    0    0    0  5.523681 0.700415 SUCCESS  98
110001000    0    0    0    1    0    0    1    0  5.523681 0.700415 SUCCESS  99
110001010    0    0    0    0    1    0    0    0  3.799776 0.874721 SUCCESS 100
110010000    0    1    0    0    0    0    1    0  5.523681 0.700415 SUCCESS 101
110010010    0    2    0    1    0    0    0    0 14.602918 0.067342 SUCCESS 102
110010100    0    0    0    1    1    0    0    0  5.523681 0.700415 SUCCESS 103
110011000    0    0    0    0    0    0    0    0  2.075870 0.978597 SUCCESS 104
110011010    0    0    0    0    1    1    1    0  7.247587 0.510171 SUCCESS 105
110100000    2    1    0    0    0    1    0    0 16.326824 0.037934 SUCCESS 106
110100010    1    0    0    0    0    0    0    1  5.523681 0.700415 SUCCESS 107
110100100    1    0    0    0    0    0    0    1  5.523681 0.700415 SUCCESS 108
110101000    0    0    0    0    0    0    1    0  3.799776 0.874721 SUCCESS 109
110101010    2    0    1    0    0    0    0    2 25.406061 0.001326 FAILURE 110
110101100    0    0    0    0    0    0    0    0  2.075870 0.978597 SUCCESS 111
110110000    0    0    0    0    1    0    0    0  3.799776 0.874721 SUCCESS 112
110110010    0    2    0    0    1    0    0    2 25.406061 0.001326 FAILURE 113
110110100    1    1    0    0    0    0    0    1  7.247587 0.510171 SUCCESS 114
110111000    0    0    0    1    1    0    0    0  5.523681 0.700415 SUCCESS 115
110111010    0    1    1    0    0    0    0    0  5.523681 0.700415 SUCCESS 116
110111100    0    0    0    1    0    0    0    0  3.799776 0.874721 SUCCESS 117
111000000    0    0    1    1    0    0    1    0  7.247587 0.510171 SUCCESS 118
111000010    0    0    1    1    0    0    0    0  5.523681 0.700415 SUCCESS 119
111000100    1    0    0    1    0    0    2    0 16.326824 0.037934 SUCCESS 120
111000110    0    0    0    1    0    1    1    1  8.971493 0.344707 SUCCESS 121
111001000    0    0    0    0    0    1    0    0  3.799776 0.874721 SUCCESS 122
111001010    0    2    1    0    0    1    0    0 16.326824 0.037934 SUCCESS 123
111001100    0    0    0    0    0    2    0    0 12.879012 0.116081 SUCCESS 124
111010000    0    1    1    0    0    1    0    1  8.971493 0.344707 SUCCESS 125
111010010    0    0    0    0    1    0    0    1  5.523681 0.700415 SUCCESS 126
111010100    0    0    0    0    0    0    0    0  2.075870 0.978597 SUCCESS 127
111010110    0    2    0    0    0    0    0    0 12.879012 0.116081 SUCCESS 128
111011000    0    0    0    0    1    0    0    0  3.799776 0.874721 SUCCESS 129
111011010    1    1    1    0    0    0    0    1  8.971493 0.344707 SUCCESS 130
111011100    0    0    0    1    0    1    0    0  5.523681 0.700415 SUCCESS 131
111100000    0    0    0    0    0    0    0    0  2.075870 0.978597 SUCCESS 132
111100010    1    1    0    1    0    0    2    0 18.050730 0.020849 SUCCESS 133
111100100    0    0    0    1    0    0    0    0  3.799776 0.874721 SUCCESS 134
111100110    0    0    0    0    0    0    0    0  2.075870 0.978597 SUCCESS 135
111101000    0    1    0    0    0    2    0    0 14.602918 0.067342 SUCCESS 136
111101010    1    0    0    0    0    0    0    1  5.523681 0.700415 SUCCESS 137
111101100    0    0    0    0    2    0    0    1 14.602918 0.067342 SUCCESS 138
111101110    0    1    1    0    0    0    0    0  5.523681 0.700415 SUCCESS 139
111110000    0    0    1    1    0    0    0    0  5.523681 0.700415 SUCCESS 140
111110010    0    1    0    1    0    1    0    0  7.247587 0.510171 SUCCESS 141
111110100    0    0    0    0    0    1    1    0  5.523681 0.700415 SUCCESS 142
111110110    0    0    0    0    1    0    0    1  5.523681 0.700415 SUCCESS 143
111111000    1    0    1    1    0    0    1    0  8.971493 0.344707 SUCCESS 144
111111010    0    0    0    0    0    0    0    1  3.799776 0.874721 SUCCESS 145
111111100    1    1    1    2    0    1    1    0 21.498541 0.005935 FAILURE 146
111111110    1    1    1    0    0    0    1    1 10.695398 0.219563 SUCCESS 147

		  NONPERIODIC TEMPLATES TEST
-------------------------------------------------------------------------------------
		  COMPUTATIONAL INFORMATION
-------------------------------------------------------------------------------------
	LAMBDA = 0.265625	M = 144	N = 8	m = 9	n = 1152
-------------------------------------------------------------------------------------
		F R E Q U E N C Y
Template   W_1  W_2  W_3  W_4  W_5  W_6  W_7  W_8    Chi^2   P_value Assignment Index
-------------------------------------------------------------------------------------
000000001    0    0    0    0    3    0    0    0 29.313580 0.000279 FAILURE   0
000000011    0    0    0    0    2    0    0    0 12.879012 0.116081 SUCCESS   1
000000101    0    0    0    0    2    0    0    1 14.602918 0.067342 SUCCESS   2
000000111    0    0    1    0    1    0    0    0  5.523681 0.700415 SUCCESS   3
000001001    2    1    0    0    0    0    0    1 16.326824 0.037934 SUCCESS   4
000001011    1    0    1    1    2    0    0    1 19.774635 0.011223 SUCCESS   5
000001101    0    0    0    1    0    0    0    1  5.523681 0.700415 SUCCESS   6
000001111    0    1    0    0    1    0    0    0  5.523681 0.700415 SUCCESS   7
000010001    0    1    0    0    0    0    0    0  3.799776 0.874721 SUCCESS   8
000010011    1    1    1    0    0    0    0    0  7.247587 0.510171 SUCCESS   9
000010101    0    0    0    0    0    1    0    0  3.799776 0.874721 SUCCESS  10
000010111    1    1    1    1    2    0    0    2 30.577778 0.000167 FAILURE  11
000011001    0    0    0    0    1    0    0    1  5.523681 0.700415 SUCCESS  12
000011011    0    0    0    0    0    0    0    0  2.075870 0.978597 SUCCESS  13
000011101    0    0    1    0    0    0    1    0  5.523681 0.700415 SUCCESS  14
000011111    2    1    0    0    0    0    1    0 16.326824 0.037934 SUCCESS  15
000100011    0    0    0    0    0    0    0    0  2.075870 0.978597 SUCCESS  16
000100101    1    2    1    0    1    0    0    1 19.774635 0.011223 SUCCESS  17
000100111    1    0    0    0    0    1    0    0  5.523681 0.700415 SUCCESS  18
000101001    0    0    1    0    0    0    0    1  5.523681 0.700415 SUCCESS  19
000101011    0    0    0    0    0    1    0    0  3.799776 0.874721 SUCCESS  20
000101101    0    0    0    1    0    0    0    0  3.799776 0.874721 SUCCESS  21
000101111    0    2    0    0    1    0    0    1 16.326824 0.037934 SUCCESS  22
000110011    0    0    0    0    0    0    0    3 29.313580 0.000279 FAILURE  23
000110101    0    0    0    1    1    0    0    0  5.523681 0.700415 SUCCESS  24
000110111    0    1    0    1    0    0    0    0  5.523681 0.700415 SUCCESS  25
000111001    0    0    0    0    0    0    0    0  2.075870 0.978597 SUCCESS  26
000111011    0    0    2    0    0    1    2    0 25.406061 0.001326 FAILURE  27
000111101    1    0    0    0    1    1    0    0  7.247587 0.510171 SUCCESS  28
000111111    1    1    0    0    0    0    1    0  7.247587 0.510171 SUCCESS  29
001000011    0    0    0    0    0    0    2    1 14.602918 0.067342 SUCCESS  30
001000101    0    0    0    0    0    0    0    0  2.075870 0.978597 SUCCESS  31
001000111    0    0    0    0    0    0    0    0  2.075870 0.978597 SUCCESS  32
001001011    1    0    0    0    1    0    0    1  7.247587 0.510171 SUCCESS  33
001001101    0    0    1    0    0    0    0    0  3.799776 0.874721 SUCCESS  34
001001111    0    0    0    0    0    1    0    0  3.799776 0.874721 SUCCESS  35
001010011    0    1    1    0    0    0    0    0  5.523681 0.700415 SUCCESS  36
001010101    0    0    0    0    1    0    0    0  3.799776 0.874721 SUCCESS  37
001010111    0    0    0    0    0    1    1    0  5.523681 0.700415 SUCCESS  38
001011011    0    0    0    0    1    0    0    0  3.799776 0.874721 SUCCESS  39
001011101    1    0    1    1    1    0    0    1 10.695398 0.219563 SUCCESS  40
001011111    0    2    0    0    1    0    0    1 16.326824 0.037934 SUCCESS  41
001100101    0    0    1    0    0    0    0    0  3.799776 0.874721 SUCCESS  42
001100111    0    1    0    0    0    0    0    0  3.799776 0.874721 SUCCESS  43
001101011    1    0    0    0    0    0    0    0  3.799776 0.874721 SUCCESS  44
001101101    0    0    0    0    0    0    0    0  2.075870 0.978597 SUCCESS  45
001101111    0    1    1    0    0    3    0    0 32.761392 0.000068 FAILURE  46
001110101    0    0    0    0    0    1    0    0  3.799776 0.874721 SUCCESS  47
001110111    1    0    1    0    0    0    3    0 32.761392 0.000068 FAILURE  48
001111011    2    0    0    0    0    1    0    0 14.602918 0.067342 SUCCESS  49
001111101    0    0    1    1    0    0    0    0  5.523681 0.700415 SUCCESS  50
001111111    0    1    0    0    0    0    0    0  3.799776 0.874721 SUCCESS  51
010000011    0    1    0    1    0    0    0    0  5.523681 0.700415 SUCCESS  52
010000111    1    0    0    0    0    0    2    0 14.602918 0.067342 SUCCESS  53
010001011    0    1    0    0    0    0    0    0  3.799776 0.874721 SUCCESS  54
010001111    0    0    0    0    0    0    0    0  2.075870 0.978597 SUCCESS  55
010010011    0    0    0    0    0    0    0    0  2.075870 0.978597 SUCCESS  56
010010111    0    0    1    0    0    0    0    1  5.523681 0.700415 SUCCESS  57
010011011    0    1    1    0    0    0    0    0  5.523681 0.700415 SUCCESS  58
010011111    0    0    0    0    0    1    0    0  3.799776 0.874721 SUCCESS  59
010100011    0    1    0    0    0    0    0    0  3.799776 0.874721 SUCCESS  60
010100111    0    0    1    0    0    0    0    0  3.799776 0.874721 SUCCESS  61
010101011    0    0    0    1    2    1    0    0 16.326824 0.037934 SUCCESS  62
010101111    0    0    0    0    0    1    0    0  3.799776 0.874721 SUCCESS  63
010110011    1    0    0    0    0    0    0    0  3.799776 0.874721 SUCCESS  64
010110111    0    0    0    0    2    0    0    0 12.879012 0.116081 SUCCESS  65
010111011    1    0    1    1    0    1    0    0  8.971493 0.344707 SUCCESS  66
010111111    0    1    0    0    0    0    0    1  5.523681 0.700415 SUCCESS  67
011000111    1    0    0    1    0    1    1    0  8.971493 0.344707 SUCCESS  68
011001111    0    1    0    0    0    0    0    0  3.799776 0.874721 SUCCESS  69
011010111    0    0    0    1    0    1    0    0  5.523681 0.700415 SUCCESS  70
011011111    0    0    0    1    0    1    0    0  5.523681 0.700415 SUCCESS  71
011101111    2    0    0    0    0    0    0    0 12.879012 0.116081 SUCCESS  72
011111111    0    1    0    0    0    0    0    0  3.799776 0.874721 SUCCESS  73
100000000    0    0    0    0    3    0    0    0 29.313580 0.000279 FAILURE  74
100010000    0    1    1    1    0    0    0    1  8.971493 0.344707 SUCCESS  75
100100000    1    0    0    0    1    0    0    0  5.523681 0.700415 SUCCESS  76
100101000    0    1    1    0    0    0    1    1  8.971493 0.344707 SUCCESS  77
100110000    0    0    0    0    0    0    0    1  3.799776 0.874721 SUCCESS  78
100111000    0    1    0    1    0    1    0    0  7.247587 0.510171 SUCCESS  79
101000000    0    0    0    0    1    0    0    1  5.523681 0.700415 SUCCESS  80
101000100    0    0    2    0    0    0    0    0 12.879012 0.116081 SUCCESS  81
101001000    0    0    0    0    0    0    0    0  2.075870 0.978597 SUCCESS  82
101001100    0    0    0    0    0    0    0    1  3.799776 0.874721 SUCCESS  83
101010000    2    1    0    0    1    0    0    0 16.326824 0.037934 SUCCESS  84
101010100    0    0    0    0    1    0    0    0  3.799776 0.874721 SUCCESS  85
101011000    1    0    0    1    1    1    0    0  8.971493 0.344707 SUCCESS  86
101011100    0    0    0    2    0    0    0    0 12.879012 0.116081 SUCCESS  87
101100000    1    0    1    0    1    0    0    1  8.971493 0.344707 SUCCESS  88
101100100    0    0    0    0    0    1    1    0  5.523681 0.700415 SUCCESS  89
101101000    0    0    1    1    0    0    0    0  5.523681 0.700415 SUCCESS  90
101101100    0    0    0    0    0    0    0    1  3.799776 0.874721 SUCCESS  91
101110000    0    0    0    1    0    0    0    0  3.799776 0.874721 SUCCESS  92
101110100    0    0    0    0    0    1    2    1 16.326824 0.037934 SUCCESS  93
101111000    0    0    1    0    1    0    0    0  5.523681 0.700415 SUCCESS  94
101111100    1    1    0    0    1    0    0    0  7.247587 0.510171 SUCCESS  95
110000000    1    0    0    0    2    0    0    0 14.602918 0.067342 SUCCESS  96
110000010    0    0    1    1    0    0    0    2 16.326824 0.037934 SUCCESS  97
110000100    0    0    0    0    0    0    0    0  2.075870 0.978597 SUCCESS  98
110001000    0    0    0    1    0    0    0    1  5.523681 0.700415 SUCCESS  99
110001010    0    0    1    0    0    0    0    0  3.799776 0.874721 SUCCESS 100
110010000    0    0    0    0    1    0    0    0  3.799776 0.874721 SUCCESS 101
110010010    2    0    0    0    1    0    0    1 16.326824 0.037934 SUCCESS 102
110010100    0    0    1    0    0    0    1    0  5.523681 0.700415 SUCCESS 103
110011000    0    0    1    0    0    0    0    1  5.523681 0.700415 SUCCESS 104
110011010    1    0    0    0    1    0    0    1  7.247587 0.510171 SUCCESS 105
110100000    0    0    0    0    0    0    0    1  3.799776 0.874721 SUCCESS 106
110100010    0    1    1    0    0    0    0    0  5.523681 0.700415 SUCCESS 107
110100100    0    0    0    0    0    0    0    0  2.075870 0.978597 SUCCESS 108
110101000    1    2    0    0    0    0    0    0 14.602918 0.067342 SUCCESS 109
110101010    0    0    0    1    2    1    0    0 16.326824 0.037934 SUCCESS 110
110101100    1    0    0    0    1    1    0    0  7.247587 0.510171 SUCCESS 111
110110000    1    0    2    0    0    0    0    1 16.326824 0.037934 SUCCESS 112
110110010    0    0    0    1    0    1    1    0  7.247587 0.510171 SUCCESS 113
110110100    0    0    0    0    0    0    0    0  2.075870 0.978597 SUCCESS 114
110111000    0    0    0    0    0    1    0    0  3.799776 0.874721 SUCCESS 115
110111010    0    0    0    1    0    0    1    0  5.523681 0.700415 SUCCESS 116
110111100    1    1    1    0    0    1    0    0  8.971493 0.344707 SUCCESS 117
111000000    0    0    0    0    1    0    0    0  3.799776 0.874721 SUCCESS 118
111000010    0    0    0    0    0    1    0    0  3.799776 0.874721 SUCCESS 119
111000100    0    1    0    1    0    0    0    1  7.247587 0.510171 SUCCESS 120
111000110    0    0    0    0    0    0    0    1  3.799776 0.874721 SUCCESS 121
111001000    0    0    0    0    0    0    0    0  2.075870 0.978597 SUCCESS 122
111001010    0    0    0    0    0    0    1    0  3.799776 0.874721 SUCCESS 123
111001100    0    0    0    0    0    0    1    1  5.523681 0.700415 SUCCESS 124
111010000    0    1    0    0    1    1    0    1  8.971493 0.344707 SUCCESS 125
111010010    0    0    0    0    0    0    1    0  3.799776 0.874721 SUCCESS 126
111010100    0    1    0    0    0    0    1    0  5.523681 0.700415 SUCCESS 127
111010110    0    0    1    0    1    0    0    0  5.523681 0.700415 SUCCESS 128
111011000    1    1    2    1    0    0    0    0 18.050730 0.020849 SUCCESS 129
111011010    1    1    0    1    0    1    0    0  8.971493 0.344707 SUCCESS 130
111011100    0    0    0    0    0    2    1    0 14.602918 0.067342 SUCCESS 131
111100000    0    0    0    0    1    1    0    0  5.523681 0.700415 SUCCESS 132
111100010    0    0    0    1    0    0    0    0  3.799776 0.874721 SUCCESS 133
111100100    2    0    0    0    0    0    0    0 12.879012 0.116081 SUCCESS 134
111100110    0    0    0    0    0    1    0    1  5.523681 0.700415 SUCCESS 135
111101000    0    1    1    0    1    0    0    0  7.247587 0.510171 SUCCESS 136
111101010    0    1    0    1    0    0    1    0  7.247587 0.510171 SUCCESS 137
111101100    0    1    0    1    0    2    0    0 16.326824 0.037934 SUCCESS 138
111101110    1    0    0    0    0    1    0    0  5.523681 0.700415 SUCCESS 139
111110000    0    0    0    0    0    1    0    0  3.799776 0.874721 SUCCESS 140
111110010    2    1    0    0    1    0    0    0 16.326824 0.037934 SUCCESS 141
111110100    0    1    1    0    0    0    0    0  5.523681 0.700415 SUCCESS 142
111110110    0    1    0    1    0    1    0    0  7.247587 0.510171 SUCCESS 143
111111000    0    0    0    0    0    0    1    0  3.799776 0.874721 SUCCESS 144
111111010    0    2    0    0    0    0    1    0 14.602918 0.067342 SUCCESS 145
111111100    0    0    0    0    0    0    0    1  3.799776 0.874721 SUCCESS 146
111111110    0    1    0    0    0    0    0    0  3.799776 0.874721 SUCCESS 147

		  NONPERIODIC TEMPLATES TEST
-------------------------------------------------------------------------------------
		  COMPUTATIONAL INFORMATION
-------------------------------------------------------------------------------------
	LAMBDA = 0.265625	M = 144	N = 8	m = 9	n = 1152
-------------------------------------------------------------------------------------
		F R E Q U E N C Y
Template   W_1  W_2  W_3  W_4  W_5  W_6  W_7  W_8    Chi^2   P_value Assignment Index
-------------------------------------------------------------------------------------
000000001    0    0    1    1    0    0    0    1  7.247587 0.510171 SUCCESS   0
000000011    0    0    1    1    0    0    0    1  7.247587 0.510171 SUCCESS   1
000000101    0    0    0    0    0    0    1    0  3.799776 0.874721 SUCCESS   2
000000111    0    0    1    0    0    0    0    1  5.523681 0.700415 SUCCESS   3
000001001    1    0    0    0    2    1    1    1 19.774635 0.011223 SUCCESS   4
000001011    0    0    0    0    0    0    1    0  3.799776 0.874721 SUCCESS   5
000001101    1    0    0    2    0    0    0    1 16.326824 0.037934 SUCCESS   6
000001111    0    0    1    0    0    0    0    1  5.523681 0.700415 SUCCESS   7
000010001    0    1    1    0    0    0    0    0  5.523681 0.700415 SUCCESS   8
000010011    0    1    0    0    1    0    0    0  5.523681 0.700415 SUCCESS   9
000010101    1    0    0    0    0    0    0    0  3.799776 0.874721 SUCCESS  10
000010111    0    0    0    0    1    0    0    0  3.799776 0.874721 SUCCESS  11
000011001    0    0    0    0    0    0    0    0  2.075870 0.978597 SUCCESS  12
000011011    1    0    0    1    0    0    0    1  7.247587 0.510171 SUCCESS  13
000011101    0    0    0    0    0    0    0    0  2.075870 0.978597 SUCCESS  14
000011111    0    0    2    0    0    0    0    0 12.879012 0.116081 SUCCESS  15
000100011    0    1    0    0    0    0    0    0  3.799776 0.874721 SUCCESS  16
000100101    1    0    0    0    0    1    1    0  7.247587 0.510171 SUCCESS  17
000100111    0    1    1    1    0    0    0    0  7.247587 0.510171 SUCCESS  18
000101001    0    0    1    0    1    1    1    0  8.971493 0.344707 SUCCESS  19
000101011    2    0    0    0    0    1    0    1 16.326824 0.037934 SUCCESS  20
000101101    0    0    0    0    0    1    0    0  3.799776 0.874721 SUCCESS  21
000101111    1    1    0    1    1    0    0    0  8.971493 0.344707 SUCCESS  22
000110011    0    1    0    1    0    0    0    0  5.523681 0.700415 SUCCESS  23
000110101    0    0    0    0    1    0    2    1 16.326824 0.037934 SUCCESS  24
000110111    1    2    1    0    0    0    1    0 18.050730 0.020849 SUCCESS  25
000111001    0    0    0    1    0    0    0    0  3.799776 0.874721 SUCCESS  26
000111011    0    0    0    0    0    0    0    1  3.799776 0.874721 SUCCESS  27
000111101    0    0    0    0    0    0    0    1  3.799776 0.874721 SUCCESS  28
000111111    0    0    1    1    0    0    0    0  5.523681 0.700415 SUCCESS  29
001000011    0    0    0    0    0    0    2    0 12.879012 0.116081 SUCCESS  30
001000101    0    0    1    0    0    0    0    0  3.799776 0.874721 SUCCESS  31
001000111    0    0    0    1    0    0    0    0  3.799776 0.874721 SUCCESS  32
001001011    2    0    0    1    0    1    0    0 16.326824 0.037934 SUCCESS  33
001001101    0    0    0    0    1    0    0    0  3.799776 0.874721 SUCCESS  34
001001111    0    1    1    0    0    0    0    0  5.523681 0.700415 SUCCESS  35
001010011    0    0    0    0    1    1    1    0  7.247587 0.510171 SUCCESS  36
001010101    0    0    0    0    0    1    0    0  3.799776 0.874721 SUCCESS  37
001010111    2    0    0    0    1    0    0    0 14.602918 0.067342 SUCCESS  38
001011011    0    0    0    1    0    1    0    0  5.523681 0.700415 SUCCESS  39
001011101    0    1    0    0    1    0    0    0  5.523681 0.700415 SUCCESS  40
001011111    1    0    0    1    0    0    0    1  7.247587 0.510171 SUCCESS  41
001100101    0    1    0    1    0    0    0    0  5.523681 0.700415 SUCCESS  42
001100111    0    1    1    1    0    0    0    0  7.247587 0.510171 SUCCESS  43
001101011    0    0    0    0    1    1    1    0  7.247587 0.510171 SUCCESS  44
001101101    0    0    0    1    0    0    0    1  5.523681 0.700415 SUCCESS  45
001101111    1    1    0    0    1    0    1    0  8.971493 0.344707 SUCCESS  46
001110101    0    0    0    0    0    0    0    0  2.075870 0.978597 SUCCESS  47
001110111    0    0    1    0    0    1    0    1  7.247587 0.510171 SUCCESS  48
001111011    0    0    0    0    0    0    0    0  2.075870 0.978597 SUCCESS  49
001111101    0    0    0    0    0    0    0    0  2.075870 0.978597 SUCCESS  50
001111111    0    1    0    0    0    0    0    0  3.799776 0.874721 SUCCESS  51
010000011    0    0    1    0    0    0    0    0  3.799776 0.874721 SUCCESS  52
010000111    0    0    0    0    0    0    0    0  2.075870 0.978597 SUCCESS  53
010001011    1    2    0    1    0    0    0    0 16.326824 0.037934 SUCCESS  54
010001111    0    0    0    1    0    0    0    0  3.799776 0.874721 SUCCESS  55
010010011    0    0    1    0    1    0    0    0  5.523681 0.700415 SUCCESS  56
010010111    1    0    0    0    0    1    0    0  5.523681 0.700415 SUCCESS  57
010011011    0    0    0    0    1    0    1    0  5.523681 0.700415 SUCCESS  58
010011111    0    0    0    0    0    0    0    0  2.075870 0.978597 SUCCESS  59
010100011    0    1    0    0    1    1    0    0  7.247587 0.510171 SUCCESS  60
010100111    0    0    0    0    2    1    0    0 14.602918 0.067342 SUCCESS  61
010101011    0    0    0    0    0    0    0    0  2.075870 0.978597 SUCCESS  62
010101111    1    0    0    0    1    0    0    0  5.523681 0.700415 SUCCESS  63
010110011    0    1    0    0    0    1    0    1  7.247587 0.510171 SUCCESS  64
010110111    0    0    0    0    0    1    0    0  3.799776 0.874721 SUCCESS  65
010111011    0    1    0    0    0    0    0    1  5.523681 0.700415 SUCCESS  66
010111111    0    0    0    0    1    0    0    0  3.799776 0.874721 SUCCESS  67
011000111    0    0    0    1    0    0    0    0  3.799776 0.874721 SUCCESS  68
011001111    0    2    0    1    0    0    0    1 16.326824 0.037934 SUCCESS  69
011010111    0    0    0    0    2    1    1    0 16.326824 0.037934 SUCCESS  70
011011111    1    1    0    1    0    1    0    1 10.695398 0.219563 SUCCESS  71
011101111    0    0    0    0    0    1    0    0  3.799776 0.874721 SUCCESS  72
011111111    0    1    0    0    0    0    0    0  3.799776 0.874721 SUCCESS  73
100000000    0    0    1    1    0    0    0    1  7.247587 0.510171 SUCCESS  74
100010000    2    0    0    0    0    0    0    0 12.879012 0.116081 SUCCESS  75
100100000    1    0    0    0    0    0    0    1  5.523681 0.700415 SUCCESS  76
100101000    0    1    1    0    0    0    0    1  7.247587 0.510171 SUCCESS  77
100110000    0    0    0    0    0    0    0    0  2.075870 0.978597 SUCCESS  78
100111000    0    0    0    0    1    0    0    0  3.799776 0.874721 SUCCESS  79
101000000    1    0    0    2    0    0    1    0 16.326824 0.037934 SUCCESS  80
101000100    0    0    1    0    0    0    0    0  3.799776 0.874721 SUCCESS  81
101001000    0    0    0    0    0    0    1    0  3.799776 0.874721 SUCCESS  82
101001100    0    0    0    1    0    0    0    0  3.799776 0.874721 SUCCESS  83
101010000    0    0    1    0    0    1    0    0  5.523681 0.700415 SUCCESS  84
101010100    0    0    0    0    0    1    0    0  3.799776 0.874721 SUCCESS  85
101011000    0    1    1    0    0    1    0    0  7.247587 0.510171 SUCCESS  86
101011100    2    0    0    0    1    1    1    0 18.050730 0.020849 SUCCESS  87
101100000    0    0    0    0    1    0    1    0  5.523681 0.700415 SUCCESS  88
101100100    0    1    0    0    0    0    0    1  5.523681 0.700415 SUCCESS  89
101101000    1    1    0    1    0    0    0    1  8.971493 0.344707 SUCCESS  90
101101100    0    0    0    0    0    0    0    0  2.075870 0.978597 SUCCESS  91
101110000    0    0    0    0    0    0    0    0  2.075870 0.978597 SUCCESS  92
101110100    0    0    0    1    1    0    0    0  5.523681 0.700415 SUCCESS  93
101111000    2    0    0    0    0    1    1    0 16.326824 0.037934 SUCCESS  94
101111100    0    0    0    1    0    1    0    2 16.326824 0.037934 SUCCESS  95
110000000    0    0    1    0    0    0    0    1  5.523681 0.700415 SUCCESS  96
110000010    0    0    0    0    1    0    1    0  5.523681 0.700415 SUCCESS  97
110000100    0    1    0    0    0    0    1    0  5.523681 0.700415 SUCCESS  98
110001000    2    0    0    0    0    0    0    0 12.879012 0.116081 SUCCESS  99
110001010    0    1    0    0    1    2    0    1 18.050730 0.020849 SUCCESS 100
110010000    1    0    0    0    0    0    1    1  7.247587 0.510171 SUCCESS 101
110010010    0    0    0    0    1    1    0    1  7.247587 0.510171 SUCCESS 102
110010100    0    1    1    0    0    0    0    0  5.523681 0.700415 SUCCESS 103
110011000    0    0    0    0    1    0    0    0  3.799776 0.874721 SUCCESS 104
110011010    0    0    0    0    1    2    0    0 14.602918 0.067342 SUCCESS 105
110100000    1    0    0    2    0    0    1    0 16.326824 0.037934 SUCCESS 106
110100010    1    0    0    1    0    0    0    0  5.523681 0.700415 SUCCESS 107
110100100    0    0    0    1    0    0    0    0  3.799776 0.874721 SUCCESS 108
110101000    1    1    0    0    1    0    0    0  7.247587 0.510171 SUCCESS 109
110101010    0    0    0    0    0    0    0    0  2.075870 0.978597 SUCCESS 110
110101100    0    1    0    0    0    1    0    0  5.523681 0.700415 SUCCESS 111
110110000    0    0    0    0    1    0    0    0  3.799776 0.874721 SUCCESS 112
110110010    0    1    0    0    0    0    0    1  5.523681 0.700415 SUCCESS 113
110110100    1    0    0    1    0    0    0    1  7.247587 0.510171 SUCCESS 114
110111000    0    0    0    0    0    0    1    0  3.799776 0.874721 SUCCESS 115
110111010    0    1    0    0    0    0    0    0  3.799776 0.874721 SUCCESS 116
110111100    0    0    0    0    1    1    1    0  7.247587 0.510171 SUCCESS 117
111000000    0    0    1    0    0    1    0    1  7.247587 0.510171 SUCCESS 118
111000010    0    0    0    0    0    1    0    0  3.799776 0.874721 SUCCESS 119
111000100    2    0    1    0    0    0    0    0 14.602918 0.067342 SUCCESS 120
111000110    1    0    0    2    0    0    1    0 16.326824 0.037934 SUCCESS 121
111001000    1    0    0    1    0    0    2    0 16.326824 0.037934 SUCCESS 122
111001010    0    0    1    0    0    0    0    0  3.799776 0.874721 SUCCESS 123
111001100    0    1    1    0    0    0    0    0  5.523681 0.700415 SUCCESS 124
111010000    0    0    1    1    1    0    0    0  7.247587 0.510171 SUCCESS 125
111010010    0    0    0    1    0    0    0    0  3.799776 0.874721 SUCCESS 126
111010100    1    1    0    0    0    0    0    0  5.523681 0.700415 SUCCESS 127
111010110    0    1    0    0    0    0    0    0  3.799776 0.874721 SUCCESS 128
111011000    0    0    0    0    1    0    0    0  3.799776 0.874721 SUCCESS 129
111011010    1    0    0    0    0    0    0    0  3.799776 0.874721 SUCCESS 130
111011100    0    0    2    0    0    0    0    1 14.602918 0.067342 SUCCESS 131
111100000    0    0    1    0    0    1    0    2 16.326824 0.037934 SUCCESS 132
111100010    1    1    1    0    1    0    1    0 10.695398 0.219563 SUCCESS 133
111100100    0    0    0    0    0    0    0    1  3.799776 0.874721 SUCCESS 134
111100110    0    1    0    0    1    0    0    0  5.523681 0.700415 SUCCESS 135
111101000    0    0    0    0    1    0    0    0  3.799776 0.874721 SUCCESS 136
111101010    2    1    0    0    0    0    0    1 16.326824 0.037934 SUCCESS 137
111101100    0    0    0    0    1    0    0    0  3.799776 0.874721 SUCCESS 138
111101110    0    0    1    0    0    0    0    0  3.799776 0.874721 SUCCESS 139
111110000    0    0    1    0    0    1    0    2 16.326824 0.037934 SUCCESS 140
111110010    0    0    0    0    0    1    0    1  5.523681 0.700415 SUCCESS 141
111110100    0    0    0    1    1    0    0    0  5.523681 0.700415 SUCCESS 142
111110110    0    1    0    0    0    0    0    0  3.799776 0.874721 SUCCESS 143
111111000    0    1    0    0    1    0    0    0  5.523681 0.700415 SUCCESS 144
111111010    0    0    0    1    0    0    0    0  3.799776 0.874721 SUCCESS 145
111111100    0    1    0    0    0    0    0    0  3.799776 0.874721 SUCCESS 146
111111110    0    1    0    0    0    0    0    0  3.799776 0.874721 SUCCESS 147

