0.299531
0.462209
0.706383
0.663705
0.663705
0.813956
0.733737
0.125822
0.228789
0.706383
0.023671
0.635818
0.462209
0.218187
0.268414
0.462209
0.982080
0.271139
0.659417
0.265709
0.015314
0.597327
0.663705
0.569792
0.796596
0.428051
0.118009
0.299531
0.957072
0.774773
0.945860
0.041767
0.966838
0.350934
0.033675
0.706383
0.872771
0.000169
0.838112
0.532272
0.012357
0.505746
0.933221
0.031736
0.729557
0.752390
0.487715
0.687240
0.796596
0.813956
0.706383
0.424344
0.550930
0.706383
0.424344
0.945860
0.330008
0.774773
0.023671
0.975163
0.659417
0.966838
0.020404
0.752390
0.050976
0.620816
0.350934
0.268414
0.170000
0.729557
0.597327
0.193917
0.817746
0.710617
0.299531
0.593072
0.796596
0.616536
0.312987
0.062799
0.574008
0.004315
0.081434
0.616536
0.316035
0.086023
0.817746
0.424344
0.444954
0.242292
0.659417
0.268414
0.919194
0.640108
0.834473
0.424344
0.384810
0.347658
0.774773
0.854114
0.509791
0.333171
0.854114
0.528156
0.171895
0.813956
0.966838
0.857582
0.975163
0.616536
0.362561
0.004606
0.027427
0.774773
0.400703
0.687240
0.505746
0.663705
0.682970
0.424344
0.505746
0.404288
0.834473
0.620816
0.982080
0.616536
0.733737
0.483748
0.113260
0.171895
0.834473
0.466089
0.635818
0.404288
0.171895
0.663705
0.483748
0.524053
0.404288
0.462209
0.682970
0.817746
0.020682
0.424344
0.706383
0.008521
0.253794
0.710617
0.663705
0.752390
0.316035
0.082435
0.365928
0.142796
0.081434
0.099407
0.817746
0.796596
0.350934
0.265709
0.384810
0.640108
0.483748
0.774773
0.505746
0.424344
0.365928
0.710617
0.444954
0.384810
0.729557
0.347658
0.106135
0.002457
0.593072
0.550930
0.404288
0.921845
0.228789
0.384810
0.921845
0.597327
0.957072
0.706383
0.466089
0.659417
0.935624
0.171895
0.991271
0.752390
0.404288
0.854114
0.919194
0.890340
0.019194
0.854114
0.774773
0.706383
0.906727
0.365928
0.182633
0.796596
0.994652
0.966838
0.817746
0.817746
0.733737
0.710617
0.483748
0.838112
0.441167
0.173807
0.299531
0.161687
0.256406
0.921845
0.813956
0.283657
0.706383
0.044843
0.528156
0.134079
0.663705
0.228789
0.890340
0.118009
0.966838
0.283657
0.597327
0.111935
0.505746
0.444954
0.228789
0.616536
0.817746
0.505746
0.616536
0.945860
0.226398
0.966838
0.302484
0.635818
0.813956
0.067264
0.792675
0.483748
0.072014
0.404288
0.466089
0.050976
0.005321
0.159887
0.682970
0.796596
0.099407
0.384810
0.228789
0.872771
0.906727
0.948006
0.316035
0.640108
0.706383
0.002931
0.441167
0.420656
0.987651
0.022279
0.330008
0.945860
0.316035
0.253794
0.569792
0.062799
0.546765
0.733737
0.031736
0.774773
0.203567
0.088136
0.752390
0.462209
0.574008
0.384810
0.838112
0.369316
0.834473
0.004987
0.256406
0.906727
0.256406
0.975163
0.170000
0.302484
0.091945
0.134079
0.479797
0.479797
0.265709
0.616536
0.071129
0.524053
0.933221
0.966838
0.748269
0.752390
0.505746
0.616536
0.919194
0.593072
0.872771
0.574008
0.347658
0.384810
0.729557
0.316035
0.813956
0.546765
0.441167
0.854114
0.466089
0.774773
0.774773
0.256406
0.057871
0.620816
0.550930
0.574008
0.268414
0.135629
0.404288
0.834473
0.333171
0.003984
0.524053
0.242292
0.093059
0.029119
0.444954
0.616536
0.528156
0.113260
0.111935
0.029508
0.271139
0.033675
0.640108
0.424344
0.524053
0.388308
0.834473
0.076125
0.640108
0.687240
0.350934
0.774773
0.574008
0.127290
0.111935
0.215884
0.087074
0.706383
0.350934
0.268414
0.872771
0.119398
0.505746
0.268414
0.113260
0.752390
0.479797
0.792675
0.458345
0.127290
0.597327
0.505746
0.792675
0.752390
0.986734
0.113260
0.011446
0.244813
0.081434
0.659417
0.256406
0.872771
0.635818
0.424344
0.616536
0.872771
0.205764
0.302484
0.635818
0.991271
0.296598
0.616536
0.574008
0.612260
0.099407
0.021980
0.151993
0.872771
0.834473
0.770741
0.834473
0.193917
0.921845
0.002299
0.365928
0.616536
0.921845
0.025484
0.569792
0.088136
0.752390
0.593072
0.729557
0.817746
0.729557
0.076125
0.203567
0.253794
0.588824
0.151993
0.047513
0.854114
0.312987
0.333171
0.635818
0.532272
0.817746
0.752390
0.283657
0.038888
0.966838
0.299531
0.381332
0.532272
0.834473
0.921845
0.659417
0.384810
0.505746
0.752390
0.733737
0.487715
0.659417
0.935624
0.005398
0.546765
0.256406
0.872771
0.770741
0.244813
0.706383
0.400703
0.528156
0.838112
0.228789
0.682970
0.501714
0.228789
0.242292
0.365928
0.574008
0.792675
0.458345
0.966838
0.817746
0.259039
0.066431
0.271139
0.044269
0.593072
0.483748
0.316035
0.854114
0.997021
0.872771
0.384810
0.706383
0.597327
0.640108
0.299531
0.333171
0.659417
0.153719
0.215884
0.792675
0.792675
0.228789
0.528156
0.022279
0.268414
0.706383
0.180640
0.253794
0.640108
0.640108
0.933221
0.505746
0.479797
0.796596
0.890340
0.509791
0.077066
0.945860
0.813956
0.462209
0.616536
0.854114
0.640108
0.774773
0.369316
0.347658
0.838112
0.302484
0.546765
0.733737
0.316035
0.141176
0.958956
0.957072
0.509791
0.161687
0.906727
0.299531
0.505746
0.838112
0.106135
0.593072
0.890340
0.903839
0.142796
0.326867
0.616536
0.505746
0.000589
0.838112
0.872771
0.444954
0.890340
0.817746
0.180640
0.161687
0.203567
0.975163
0.574008
0.957072
0.997021
0.333171
0.550930
0.007291
0.659417
0.111935
0.663705
0.213602
0.365928
0.326867
0.687240
0.029508
0.205764
0.347658
0.945860
0.593072
0.444954
0.044269
0.593072
0.663705
0.663705
0.444954
0.640108
0.528156
0.001406
0.381332
0.774773
0.299531
0.640108
0.752390
0.710617
0.682970
0.616536
0.316035
0.135629
0.203567
0.444954
0.792675
0.752390
0.796596
0.420656
0.151993
0.546765
0.466089
0.817746
0.872771
0.127290
0.330008
0.945860
0.774773
0.574008
0.729557
0.420656
0.239792
0.834473
0.640108
0.135629
0.528156
0.151993
0.404288
0.640108
0.706383
0.687240
0.813956
0.774773
0.890340
0.466089
0.404288
0.752390
0.980925
0.000169
0.574008
0.957072
0.144432
0.365928
0.384810
0.384810
0.012357
0.991271
0.857582
0.770741
0.945860
0.854114
0.462209
0.616536
0.161687
0.242292
0.000219
0.404288
0.752390
0.616536
0.081434
0.710617
0.817746
0.299531
0.890340
0.228789
0.872771
0.347658
0.483748
0.076125
0.135629
0.682970
0.733737
0.945860
0.729557
0.312987
0.921845
0.616536
0.283657
0.659417
0.384810
0.906727
0.505746
0.505746
0.316035
0.872771
0.466089
0.532272
0.228789
0.466089
0.903839
0.872771
0.616536
0.729557
0.218187
0.106135
0.635818
0.817746
0.242292
0.687240
0.774773
0.774773
0.682970
0.817746
0.640108
0.854114
0.404288
0.935624
0.906727
0.906727
0.706383
0.120800
0.957072
0.505746
0.640108
0.890340
0.326867
0.151993
0.640108
0.479797
0.509791
0.569792
0.205764
0.299531
0.574008
0.038888
0.706383
0.171895
0.640108
0.921845
0.906727
0.616536
0.597327
0.574008
0.569792
0.546765
0.437397
0.153719
0.036671
0.706383
0.441167
0.966838
0.203567
0.203567
0.118009
0.987651
0.854114
0.792675
0.550930
0.706383
0.228789
0.834473
0.792675
0.546765
0.817746
0.203567
0.635818
0.813956
0.546765
0.872771
0.404288
0.444954
0.729557
0.424344
0.752390
0.710617
0.857582
0.153719
0.975163
0.127290
0.569792
0.381332
0.483748
0.424344
0.834473
0.574008
0.424344
0.593072
0.428051
0.834473
0.215884
0.857582
0.682970
0.462209
0.975163
0.505746
0.597327
0.975163
0.407893
0.466089
0.935624
0.505746
0.125822
0.770741
0.975163
0.000169
0.242292
0.813956
0.774773
0.163504
0.834473
0.462209
0.299531
0.171895
0.501714
0.528156
0.729557
0.316035
0.663705
0.817746
0.528156
0.466089
0.817746
0.369316
0.424344
0.424344
0.111935
0.501714
0.256406
0.817746
0.994652
0.966838
0.792675
0.919194
0.616536
0.316035
0.616536
0.104883
0.487715
0.663705
0.834473
0.640108
0.215884
0.945860
0.404288
0.053979
0.462209
0.483748
0.384810
0.271139
0.404288
0.687240
0.546765
0.663705
0.144432
0.838112
0.991271
0.316035
0.256406
0.834473
0.106135
0.171895
0.872771
0.774773
0.309960
0.283657
0.982080
0.857582
0.330008
0.283657
0.462209
0.872771
0.796596
0.612260
0.854114
0.933221
0.299531
0.404288
0.215884
0.316035
0.817746
0.365928
0.532272
0.441167
0.004606
0.215884
0.574008
0.659417
0.203567
0.729557
0.203567
0.706383
0.546765
0.854114
0.144432
0.369316
0.444954
0.067264
0.441167
0.550930
0.193917
0.038888
0.462209
0.945860
0.957072
0.365928
0.817746
0.466089
0.347658
0.244813
0.774773
0.616536
0.854114
0.347658
0.644399
0.161687
0.774773
0.945860
0.687240
0.975163
0.616536
0.388308
0.616536
0.191824
0.919194
0.872771
0.756496
0.706383
0.890340
0.104883
0.710617
0.748269
0.663705
0.256406
0.975163
0.616536
0.966838
0.381332
0.813956
0.524053
0.369316
0.906727
0.330008
0.834473
0.528156
0.388308
0.569792
0.242292
0.663705
0.193917
0.171895
0.546765
0.854114
0.424344
0.906727
0.283657
0.593072
0.796596
0.365928
0.134079
0.550930
0.574008
0.752390
0.663705
0.872771
0.312987
0.407893
0.872771
0.193917
0.796596
0.191824
0.424344
0.424344
0.119398
0.441167
0.424344
0.729557
0.975163
0.127290
0.834473
0.640108
0.854114
0.111935
0.044843
0.505746
0.729557
0.020404
0.550930
0.326867
0.286497
0.424344
0.466089
0.687240
0.616536
0.975163
0.872771
0.365928
0.612260
0.299531
0.593072
0.524053
0.550930
0.792675
0.180640
0.501714
0.966838
0.890340
0.710617
0.659417
0.994652
0.077066
0.593072
0.420656
0.462209
0.333171
0.444954
0.854114
0.774773
0.524053
0.597327
0.991271
0.182633
0.817746
0.682970
0.593072
0.774773
0.616536
0.933221
0.253794
0.025145
0.796596
0.173807
0.215884
0.299531
0.957072
0.663705
0.365928
0.774773
0.441167
0.752390
0.921845
0.597327
0.616536
0.569792
0.316035
0.659417
0.170000
0.483748
0.093059
0.302484
0.466089
0.062016
0.144432
0.857582
0.729557
0.682970
0.120800
0.228789
0.687240
0.710617
0.286497
0.041767
0.099407
0.710617
0.161687
0.466089
0.872771
0.193917
0.444954
0.528156
0.047513
0.796596
0.483748
0.616536
0.546765
0.038888
0.616536
0.170000
0.316035
0.640108
0.687240
0.975163
0.086023
0.574008
0.041767
0.127290
0.142796
0.228789
0.854114
0.119398
0.945860
0.593072
0.384810
0.906727
0.838112
0.796596
0.945860
0.161687
0.710617
0.640108
0.706383
0.000007
0.144432
0.093059
0.663705
0.813956
0.640108
0.834473
0.501714
0.752390
0.770741
0.029508
0.483748
0.509791
0.921845
0.299531
0.044843
0.997021
0.682970
0.312987
0.268414
0.205764
0.271139
0.203567
0.957072
0.144432
0.022279
0.532272
0.256406
0.441167
0.528156
0.569792
0.441167
0.483748
0.945860
0.384810
0.659417
0.813956
0.400703
0.933221
0.872771
0.752390
0.228789
0.528156
0.218187
0.854114
0.005398
0.312987
0.003131
0.663705
0.424344
0.369316
0.127290
0.299531
0.239792
0.945860
0.505746
0.729557
0.854114
0.021980
0.134079
0.813956
0.253794
0.528156
0.242292
0.067264
0.161687
0.890340
0.919194
0.616536
0.369316
0.505746
0.388308
0.682970
0.000219
0.957072
0.574008
0.574008
0.792675
0.483748
0.444954
0.550930
0.330008
0.215884
0.986734
0.546765
0.031736
0.813956
0.957072
0.193917
0.347658
0.316035
0.228789
0.857582
0.817746
0.546765
0.062799
0.441167
0.365928
0.023992
0.919194
0.023671
0.483748
0.593072
0.161687
0.569792
0.903839
0.957072
0.569792
0.710617
0.933221
0.659417
0.550930
0.933221
0.752390
0.424344
0.316035
0.048126
0.076125
0.796596
0.933221
0.733737
0.817746
0.813956
0.620816
0.072014
0.501714
0.462209
0.002931
0.127290
0.966838
0.774773
0.316035
0.509791
0.752390
0.524053
0.733737
0.420656
0.975163
0.706383
0.384810
0.062799
0.710617
0.054669
0.546765
0.729557
0.957072
0.031736
0.479797
0.550930
0.271139
0.333171
0.706383
0.420656
0.838112
0.407893
0.635818
0.134079
0.987651
0.299531
0.854114
0.302484
0.687240
0.106135
0.424344
0.038888
0.058605
0.982080
0.546765
0.299531
0.316035
0.350934
0.872771
0.462209
0.958956
0.906727
0.774773
0.770741
0.528156
0.933221
0.945860
0.444954
0.135629
0.546765
0.838112
0.501714
0.640108
0.015526
0.752390
0.546765
0.462209
0.384810
0.072014
0.171895
0.505746
0.441167
0.774773
0.283657
0.076125
0.774773
0.644399
0.620816
0.872771
0.458345
0.215884
0.170000
0.350934
0.444954
0.087074
0.933221
0.153719
0.687240
0.424344
0.381332
0.612260
0.312987
0.774773
0.796596
0.171895
0.706383
0.193917
0.597327
0.171895
0.640108
0.945860
0.906727
0.051630
0.569792
0.752390
0.384810
0.424344
0.015526
0.316035
0.036671
0.142796
0.005060
0.093059
0.384810
0.593072
0.509791
0.011446
0.640108
0.616536
0.022279
0.854114
0.027427
0.933221
0.312987
0.854114
0.813956
0.161687
0.752390
0.966838
0.299531
0.921845
0.906727
0.710617
0.792675
0.483748
0.203567
0.424344
0.015526
0.872771
0.593072
0.999422
0.890340
0.316035
0.903839
0.682970
0.524053
0.333171
0.838112
0.975163
0.640108
0.933221
0.524053
0.528156
0.834473
0.682970
0.159887
0.034120
0.283657
0.299531
0.687240
0.593072
0.546765
0.854114
0.640108
0.333171
0.687240
0.528156
0.458345
0.574008
0.182633
0.299531
0.458345
0.834473
0.407893
0.687240
0.729557
0.113260
0.051630
0.424344
0.813956
0.752390
0.706383
0.890340
0.872771
0.640108
0.667992
0.171895
0.048126
0.193917
0.316035
0.111935
0.333171
0.466089
0.813956
0.193917
0.362561
0.872771
0.256406
0.299531
0.817746
0.854114
0.444954
0.966838
0.528156
0.597327
0.226398
0.966838
0.774773
0.872771
0.444954
0.161687
0.593072
0.872771
0.242292
0.441167
0.151993
0.792675
0.957072
0.710617
0.091945
0.682970
0.706383
0.302484
0.316035
0.659417
0.957072
0.071129
0.710617
0.524053
0.001826
0.945860
0.001799
0.710617
0.640108
0.792675
0.483748
0.299531
0.872771
0.316035
0.872771
0.182633
0.193917
0.283657
0.501714
0.550930
0.299531
0.171895
0.299531
0.316035
0.997021
0.019194
0.256406
0.593072
0.441167
0.019194
0.975163
0.986734
0.834473
0.987651
0.817746
0.982080
0.180640
0.191824
0.616536
0.505746
0.966838
0.817746
0.256406
0.365928
0.365928
0.569792
0.205764
0.347658
0.501714
0.640108
0.890340
0.487715
0.299531
0.296598
0.834473
0.466089
0.144432
0.813956
0.616536
0.505746
0.593072
0.838112
0.404288
0.466089
0.906727
0.528156
0.182633
0.365928
0.752390
0.244813
0.444954
0.774773
0.975163
0.921845
0.296598
0.597327
0.986734
0.193917
0.404288
0.890340
0.792675
0.444954
0.817746
0.253794
0.854114
0.004987
0.792675
0.903839
0.424344
0.104883
0.854114
0.834473
0.774773
0.256406
0.994652
0.256406
0.659417
0.350934
0.687240
0.854114
0.906727
0.182633
0.616536
0.532272
0.462209
0.687240
0.134079
0.706383
0.002299
0.687240
0.462209
0.271139
0.906727
0.384810
0.081434
0.663705
0.369316
0.381332
0.316035
0.616536
0.299531
0.854114
0.710617
0.550930
0.593072
0.838112
0.441167
0.111935
0.215884
0.524053
0.616536
0.729557
0.957072
0.023992
0.242292
0.838112
0.616536
0.872771
0.958956
0.330008
0.796596
0.031736
0.242292
0.612260
0.663705
0.935624
0.528156
0.333171
0.066431
0.933221
0.466089
0.388308
0.813956
0.038888
0.003178
0.796596
0.994652
0.935624
0.054669
0.253794
0.384810
0.505746
0.524053
0.706383
0.256406
0.458345
0.834473
0.113260
0.774773
0.834473
0.111935
0.151993
0.444954
0.945860
0.466089
0.076125
0.597327
0.710617
0.316035
0.945860
0.663705
0.796596
0.153719
0.239792
0.593072
0.483748
0.029508
0.935624
0.640108
0.706383
0.213602
0.268414
0.218187
0.774773
0.729557
0.635818
0.710617
0.365928
0.593072
0.796596
0.774773
0.161687
0.682970
0.193917
0.838112
0.774773
0.228789
0.528156
0.242292
0.369316
0.872771
0.546765
0.242292
0.483748
0.344402
0.127290
0.528156
0.857582
0.729557
0.706383
0.682970
0.381332
0.081434
0.774773
0.546765
0.800495
0.616536
0.424344
0.756496
0.253794
0.706383
0.505746
0.682970
0.906727
0.834473
0.316035
0.048126
0.710617
0.682970
0.997021
0.792675
0.319104
0.546765
0.528156
0.462209
0.333171
0.546765
0.218187
0.616536
0.316035
0.834473
0.099407
0.588824
0.620816
0.407893
0.312987
0.945860
0.000392
0.933221
0.528156
0.441167
0.817746
0.640108
0.505746
0.687240
0.424344
0.388308
0.975163
0.729557
0.153719
0.640108
0.125822
0.752390
0.283657
0.957072
0.817746
0.640108
0.997021
0.226398
0.505746
0.170000
0.063590
0.286497
0.369316
0.957072
0.906727
0.027064
0.569792
0.487715
0.119398
0.706383
0.546765
0.682970
0.752390
0.048126
0.752390
0.299531
0.872771
0.982080
0.528156
0.796596
0.994652
0.072014
0.687240
0.424344
0.729557
0.682970
0.047513
0.528156
0.640108
0.752390
0.404288
0.016516
0.838112
0.872771
0.000392
0.350934
0.957072
0.659417
0.077066
0.838112
0.616536
0.483748
0.729557
0.933221
0.796596
0.778785
0.991271
0.333171
0.710617
0.347658
0.729557
0.528156
0.283657
0.077066
0.002664
0.347658
0.424344
0.462209
0.441167
0.071129
0.312987
0.365928
0.706383
0.546765
0.663705
0.193917
0.872771
0.524053
0.569792
0.404288
0.062016
0.501714
0.706383
0.203567
0.796596
0.286497
0.312987
0.029119
0.437397
0.151993
0.444954
0.635818
0.134079
0.597327
0.072014
0.444954
0.813956
0.347658
0.616536
0.501714
0.191824
0.144432
0.128772
0.036671
0.483748
0.404288
0.546765
0.420656
0.729557
0.903839
0.135629
0.854114
0.299531
0.682970
0.093059
0.505746
0.597327
0.135629
0.663705
0.058605
0.659417
0.483748
0.854114
0.350934
0.796596
0.796596
0.203567
0.682970
0.081434
0.228789
0.890340
0.546765
0.271139
0.127290
0.616536
0.151993
0.505746
0.135629
0.009209
0.424344
0.283657
0.193917
0.903839
0.330008
0.365928
0.569792
0.144432
0.271139
0.466089
0.620816
0.505746
0.792675
0.550930
0.574008
0.966838
0.000944
0.982080
0.872771
0.813956
0.890340
0.312987
0.271139
0.706383
0.424344
0.025484
0.081434
0.062799
0.044269
0.635818
0.038888
0.369316
0.663705
0.528156
0.752390
0.524053
0.921845
0.550930
0.935624
0.458345
0.302484
0.817746
0.170000
0.774773
0.000216
0.957072
0.120800
0.890340
0.682970
0.509791
0.093059
0.966838
0.437397
0.153719
0.239792
0.612260
0.834473
0.906727
0.424344
0.770741
0.424344
0.729557
0.441167
0.733737
0.151993
0.706383
0.854114
0.774773
0.420656
0.283657
0.025828
0.752390
0.286497
0.524053
0.663705
0.466089
0.948006
0.903839
0.796596
0.659417
0.424344
0.242292
0.312987
0.710617
0.640108
0.796596
0.171895
0.682970
0.466089
0.483748
0.242292
0.817746
0.333171
0.945860
0.890340
0.987651
0.193917
0.593072
0.444954
0.009950
0.659417
0.041767
0.253794
0.792675
0.302484
0.854114
0.215884
0.365928
0.505746
0.444954
0.796596
0.682970
0.104883
0.388308
0.483748
0.268414
0.487715
0.505746
0.597327
0.957072
0.593072
0.774773
0.441167
0.796596
0.620816
0.441167
0.180640
0.682970
0.997021
0.151993
0.015526
0.593072
0.299531
0.203567
0.890340
0.483748
0.142796
0.635818
0.444954
0.215884
0.119398
0.501714
0.462209
0.813956
0.466089
0.047513
0.593072
0.333171
0.134079
0.226398
0.087074
0.483748
0.524053
0.483748
0.182633
0.752390
0.569792
0.215884
0.286497
0.792675
0.424344
0.025145
0.000386
0.752390
0.966838
0.038888
0.593072
0.400703
0.283657
0.987651
0.935624
0.986734
0.957072
0.817746
0.710617
0.640108
0.966838
0.872771
0.104883
0.890340
0.796596
0.663705
0.890340
0.242292
0.466089
0.182633
0.729557
0.834473
0.574008
0.770741
0.203567
0.890340
0.242292
0.991271
0.597327
0.834473
0.752390
0.834473
0.890340
0.424344
0.106135
0.009811
0.616536
0.906727
0.191824
0.975163
0.213602
0.466089
0.369316
0.774773
0.151993
0.778785
0.524053
0.687240
0.933221
0.838112
0.163504
0.458345
0.505746
0.215884
0.593072
0.796596
0.347658
0.706383
0.228789
0.213602
0.462209
0.505746
0.813956
0.479797
0.384810
0.458345
0.384810
0.067264
0.119398
0.574008
0.945860
0.872771
0.921845
0.640108
0.333171
0.253794
0.283657
0.872771
0.834473
0.302484
0.593072
0.369316
0.205764
0.597327
0.569792
0.620816
0.369316
0.774773
0.388308
0.528156
0.687240
0.180640
0.612260
0.616536
0.975163
0.756496
0.687240
0.616536
0.215884
0.081434
0.191824
0.945860
0.182633
0.384810
0.299531
0.171895
0.441167
0.180640
0.546765
0.945860
0.998549
0.921845
0.872771
0.283657
0.462209
0.774773
0.550930
0.365928
0.076125
0.710617
0.025484
0.710617
0.659417
0.509791
0.268414
0.890340
0.029508
0.597327
0.792675
0.404288
0.365928
0.612260
0.906727
0.945860
0.796596
0.271139
0.834473
0.796596
0.296598
0.612260
0.706383
0.546765
0.424344
0.283657
0.588824
0.945860
0.574008
0.682970
0.509791
0.528156
0.986734
0.872771
0.404288
0.483748
0.817746
0.031319
0.620816
0.687240
0.834473
0.774773
0.118009
0.067264
0.620816
0.616536
0.706383
0.171895
0.966838
0.296598
0.796596
0.663705
0.153719
0.659417
0.022279
0.710617
0.528156
0.286497
0.134079
0.268414
0.687240
0.752390
0.462209
0.616536
0.528156
0.462209
0.253794
0.635818
0.659417
0.283657
0.854114
0.228789
0.710617
0.635818
0.182633
0.817746
0.546765
0.644399
0.487715
0.239792
0.635818
0.729557
0.854114
0.127290
0.593072
0.994652
0.933221
0.333171
0.333171
0.706383
0.466089
0.574008
0.483748
0.265709
0.597327
0.854114
0.933221
0.077066
0.733737
0.550930
0.524053
0.659417
0.733737
0.682970
0.501714
0.813956
0.986734
0.479797
0.524053
0.437397
0.729557
0.550930
0.050976
0.635818
0.834473
0.253794
0.058605
0.593072
0.012357
0.487715
0.729557
0.466089
0.729557
0.616536
0.872771
0.091945
0.151993
0.483748
0.268414
0.161687
0.144432
0.663705
0.299531
0.369316
0.872771
0.347658
0.872771
0.872771
0.093059
0.813956
0.283657
0.620816
0.365928
0.813956
0.872771
0.752390
0.093059
0.182633
0.033675
0.388308
0.019194
0.733737
0.299531
0.945860
0.444954
0.682970
0.098225
0.365928
0.890340
0.752390
0.182633
0.640108
0.546765
0.640108
0.033675
0.365928
0.365928
0.044843
0.023671
0.687240
0.005842
0.002931
0.404288
0.659417
0.153719
0.228789
0.616536
0.975163
0.919194
0.659417
0.286497
0.479797
0.991271
0.420656
0.640108
0.283657
0.113260
0.706383
0.687240
0.813956
0.933221
0.001683
0.998549
0.400703
0.945860
0.706383
0.253794
0.729557
0.966838
0.663705
0.710617
0.268414
0.213602
0.635818
0.013338
0.635818
0.663705
0.316035
0.616536
0.134079
0.991271
0.018935
0.099407
0.834473
0.487715
0.752390
0.118009
0.350934
0.505746
0.706383
0.706383
0.813956
0.242292
0.444954
0.026705
0.729557
0.365928
0.620816
0.161687
0.986734
0.524053
0.640108
0.036194
0.299531
0.483748
0.299531
0.071129
0.682970
0.242292
0.872771
0.574008
0.817746
0.919194
0.012357
0.365928
0.682970
0.640108
0.752390
0.505746
0.151993
0.659417
0.796596
0.076125
0.890340
0.286497
