0.000000
0.000000
0.000000
0.000000
0.000000
0.000000
0.000000
0.000000
0.000000
0.000000
0.000000
0.000000
0.000000
0.000000
0.000000
0.000000
0.000000
0.000000
0.000000
0.000000
0.000000
0.000000
0.000000
0.000000
0.000000
0.000000
0.000000
0.000000
0.000000
0.000000
0.000000
0.000000
0.000000
0.000000
0.000000
0.000000
0.000000
0.000000
0.000000
0.000000
0.000000
0.000000
0.000000
0.000000
0.000000
0.000000
0.000000
0.000000
0.000000
0.000000
0.000000
0.000000
0.000000
0.000000
0.000000
0.000000
0.000000
0.000000
0.000000
0.000000
0.000000
0.000000
0.000000
0.000000
0.000000
0.000000
0.000000
0.000000
0.000000
0.000000
0.000000
0.000000
0.027944
0.041769
0.029218
0.011263
0.008028
0.016112
0.039694
0.036351
0.117972
0.454649
0.359836
0.570425
0.864010
0.927788
0.589418
0.260661
0.273972
0.330730
0.000000
0.000000
0.000000
0.000000
0.000000
0.000000
0.000000
0.000000
0.000000
0.000000
0.000000
0.000000
0.000000
0.000000
0.000000
0.000000
0.000000
0.000000
0.229692
0.163024
0.094277
0.186408
0.262475
0.169846
0.211903
0.358385
0.367881
0.741275
0.835268
0.554777
0.281151
0.214746
0.289675
0.205746
0.132718
0.106074
0.000000
0.000000
0.000000
0.000000
0.000000
0.000000
0.000000
0.000000
0.000000
0.000000
0.000000
0.000000
0.000000
0.000000
0.000000
0.000000
0.000000
0.000000
0.000000
0.000000
0.000000
0.000000
0.000000
0.000000
0.000000
0.000000
0.000000
0.000000
0.000000
0.000000
0.000000
0.000000
0.000000
0.000000
0.000000
0.000000
0.000000
0.000000
0.000000
0.000000
0.000000
0.000000
0.000000
0.000000
0.000000
0.000000
0.000000
0.000000
0.000000
0.000000
0.000000
0.000000
0.000000
0.000000
0.375262
0.369251
0.558360
0.566282
0.545614
0.613192
0.622857
0.931626
0.835187
0.699212
0.863752
0.729648
0.479112
0.428020
0.473424
0.704543
0.689851
0.535296
0.610281
0.758654
0.778800
0.981729
0.826318
0.992365
0.794537
0.736716
0.685407
0.839488
0.953374
0.725584
0.730469
0.852704
0.541395
0.336037
0.440476
0.495485
0.879492
0.819136
0.739659
0.534985
0.632991
0.813221
0.448962
0.101183
0.050761
0.465815
0.452111
0.192022
0.098146
0.068264
0.063826
0.072053
0.092704
0.092883
0.326813
0.296542
0.269456
0.271796
0.317058
0.404564
0.593206
0.595768
0.713218
0.602590
0.202951
0.279212
0.562712
0.814351
0.897131
0.952583
0.692542
0.444195
0.889524
0.990168
0.936696
0.834714
0.961934
0.493034
0.393230
0.836271
0.304826
0.189350
0.159924
0.276347
0.569874
0.667526
0.480731
0.320812
0.412507
0.594395
0.000000
0.000000
0.000000
0.000000
0.000000
0.000000
0.000000
0.000000
0.000000
0.000000
0.000000
0.000000
0.000000
0.000000
0.000000
0.000000
0.000000
0.000000
