0.884913
0.167865
0.969034
0.112281
0.755112
0.112281
0.073509
0.112281
0.884913
0.606119
0.884913
0.606119
0.073509
0.112281
0.884913
0.755112
0.606119
0.462064
0.606119
0.969034
0.755112
0.606119
0.606119
0.462064
0.884913
0.884913
0.112281
0.755112
0.337513
0.884913
0.969034
0.884913
0.073509
0.073509
0.462064
0.969034
0.969034
0.884913
0.969034
0.755112
0.884913
0.755112
0.606119
0.112281
0.884913
0.337513
0.884913
0.606119
0.000563
0.755112
0.884913
0.755112
0.462064
0.884913
0.606119
0.755112
0.755112
0.606119
0.462064
0.969034
0.755112
0.884913
0.884913
0.884913
0.606119
0.755112
0.755112
0.606119
0.755112
0.462064
0.462064
0.073509
0.000328
0.755112
0.884913
0.755112
0.112281
0.112281
0.884913
0.606119
0.755112
0.167865
0.884913
0.884913
0.606119
0.884913
0.755112
0.755112
0.606119
0.073509
0.884913
0.606119
0.606119
0.884913
0.755112
0.755112
0.884913
0.606119
0.755112
0.112281
0.755112
0.755112
0.112281
0.606119
0.884913
0.969034
0.606119
0.073509
0.969034
0.755112
0.884913
0.755112
0.755112
0.073509
0.969034
0.112281
0.755112
0.606119
0.755112
0.606119
0.112281
0.606119
0.884913
0.969034
0.047247
0.047247
0.969034
0.606119
0.462064
0.969034
0.462064
0.884913
0.462064
0.755112
0.167865
0.884913
0.029887
0.884913
0.969034
0.884913
0.004395
0.755112
0.606119
0.969034
0.047247
0.755112
0.606119
0.755112
0.884913
0.969034
0.337513
0.884913
0.755112
0.112281
0.755112
0.884913
0.755112
0.755112
0.237961
0.073509
0.969034
0.884913
0.755112
0.884913
0.755112
0.755112
0.969034
0.606119
0.755112
0.755112
0.073509
0.884913
0.462064
0.755112
0.884913
0.606119
0.969034
0.884913
0.755112
0.884913
0.606119
0.112281
0.167865
0.755112
0.755112
0.000190
0.884913
0.755112
0.000328
0.606119
0.884913
0.755112
0.755112
0.969034
0.073509
0.755112
0.755112
0.969034
0.884913
0.969034
0.606119
0.884913
0.606119
0.755112
0.755112
0.073509
0.884913
0.884913
0.969034
0.073509
0.004395
0.755112
0.884913
0.606119
0.755112
0.755112
0.073509
0.884913
0.884913
0.969034
0.969034
0.755112
0.884913
0.073509
0.969034
0.884913
0.606119
0.167865
0.462064
0.462064
0.073509
0.047247
0.462064
0.606119
0.884913
0.167865
0.112281
0.755112
0.462064
0.755112
0.884913
0.047247
0.884913
0.755112
0.969034
0.884913
0.884913
0.755112
0.884913
0.884913
0.606119
0.755112
0.884913
0.755112
0.606119
0.002632
0.606119
0.755112
0.112281
0.755112
0.884913
0.047247
0.606119
0.167865
0.000007
0.047247
0.969034
0.755112
0.606119
0.047247
0.884913
0.884913
0.969034
0.606119
0.755112
0.755112
0.073509
0.755112
0.462064
0.755112
0.969034
0.755112
0.337513
0.755112
0.073509
0.969034
0.884913
0.004395
0.969034
0.606119
0.606119
0.969034
0.884913
0.606119
0.969034
0.755112
