0.622407
0.644324
0.750412
0.837713
0.472524
0.097036
0.908211
0.250108
0.710778
0.567614
0.207529
0.482141
0.204910
0.050964
0.596465
0.343265
0.256458
0.475429
0.326291
0.753460
0.233045
0.241460
0.625580
0.528161
0.510321
0.680838
0.010459
0.785803
0.326291
0.334704
0.910306
0.420728
0.589222
0.974336
0.856626
0.275422
0.155592
0.935538
0.578863
0.407495
0.057481
0.249537
0.299752
0.973277
0.593313
0.107120
0.754373
0.183415
0.761347
0.468762
0.003312
0.489782
0.074596
0.722026
0.596465
0.197528
0.732272
0.072845
0.600566
0.361819
0.496587
0.472524
0.670377
0.157286
0.210341
0.021346
0.250108
0.651636
0.021346
0.795441
0.396089
0.020860
0.625580
0.539161
0.622407
0.764365
0.303257
0.070028
0.215887
0.926593
0.379989
0.287715
0.268719
0.890172
0.106464
0.943382
0.942887
0.956008
0.847281
0.061644
0.158599
0.835018
0.841193
0.195482
0.336358
0.853278
0.138190
0.181489
0.633837
0.337068
0.648457
0.026653
0.531208
0.296926
0.625580
0.799202
0.287081
0.318025
0.385913
0.552402
0.243320
0.272766
0.615115
0.202802
0.009837
0.733201
0.045827
0.945016
0.373362
0.618284
0.120385
0.101071
0.747356
0.722026
0.788736
0.659898
0.546230
0.468762
0.021561
0.084546
0.821585
0.099299
0.902654
0.429778
0.788736
0.604672
0.311251
0.499559
0.367561
0.732272
0.935008
0.881790
0.678621
0.465014
0.589222
0.204910
0.933224
0.539161
0.799202
0.465878
0.496587
0.362564
0.892451
0.696320
0.596465
0.912995
0.361819
0.681787
0.670377
0.312822
0.821585
0.564500
0.271344
0.578863
0.684952
0.000870
0.566679
0.758321
0.495697
0.711718
0.849900
0.401370
0.908211
0.937289
0.262930
0.197528
0.684952
0.424280
0.183415
0.426200
0.127428
0.808654
0.542231
0.850682
0.524210
0.892451
0.113089
0.922189
0.835018
0.881790
0.954123
0.696320
0.681787
0.105811
0.831490
0.242017
0.887177
0.868224
0.476302
0.122060
0.011941
0.493623
0.177687
0.200711
0.939528
0.619236
0.821585
0.337779
0.446225
0.436149
0.959233
0.879414
0.026469
0.472524
0.725138
0.413676
0.941221
0.070222
0.174808
0.247073
0.629708
0.146857
0.799202
0.013622
0.000258
0.618284
0.520270
0.493623
0.538241
0.828758
0.535179
0.441731
0.835018
0.015526
0.489782
0.079865
0.873871
0.768274
0.257625
0.948674
0.266112
0.142106
0.141268
0.031845
0.659898
0.830672
0.670377
0.581057
0.435315
0.099035
0.510321
0.241460
0.282249
0.445381
0.126665
0.743371
0.112107
0.901132
0.067934
0.351973
0.700415
0.528161
0.557356
0.033406
0.317343
0.288351
0.560459
0.648457
0.256458
0.722026
0.018282
0.002820
0.234855
0.559527
0.041848
0.912995
0.255101
0.485954
0.043028
0.596465
0.199115
0.348812
0.017916
0.334704
0.890172
0.945016
0.126665
0.696320
0.195012
0.055211
0.799202
0.111133
0.205399
0.462142
0.396089
0.146857
0.271344
0.826011
0.788736
0.696320
0.377431
0.315077
0.825184
0.722026
0.761347
0.896053
0.908211
0.410176
0.893131
0.608783
0.186410
0.377431
0.941221
0.119038
0.257041
0.095072
0.370832
0.294765
0.922189
0.895382
0.089391
0.707643
0.629708
0.637014
0.812338
0.809506
0.977935
0.172532
0.887871
0.835018
0.087565
0.732272
0.948674
0.468762
0.034162
0.119038
0.945016
0.629708
0.318025
0.308347
0.015166
0.775150
0.703560
0.736290
0.735364
0.260956
0.318025
0.262139
0.238506
0.603724
0.975674
0.137371
0.017682
0.008634
0.600566
0.912995
0.768274
0.475429
0.772167
0.781972
0.935008
0.486837
0.743371
0.066509
0.382558
0.785803
0.076875
0.243320
0.455569
0.436984
0.271344
0.754373
0.433373
0.625580
0.966504
0.818799
0.658945
0.560459
0.688114
0.992081
0.849900
0.276860
0.603724
0.312822
0.517247
0.933224
0.417194
0.212512
0.560459
0.700415
0.441731
0.545306
0.963617
0.297576
0.307680
0.843851
0.619236
0.924694
0.152250
0.990326
0.915037
0.315077
0.433373
0.920233
0.853278
0.847281
0.843851
0.312822
0.706701
0.418008
0.920233
0.133226
0.452727
0.808654
0.626533
0.538241
0.912995
0.356136
0.837713
0.400575
0.277478
0.433373
0.815999
0.037352
0.550240
0.479217
0.357612
0.032252
0.231247
0.468762
0.941221
0.795441
0.213016
0.603724
0.633837
0.900476
0.476302
0.732272
0.378197
0.037934
0.684952
0.138895
0.380758
0.436984
0.750412
0.847281
0.506423
0.503434
0.301939
0.930867
0.359341
0.528161
0.589222
0.272766
0.216908
0.330947
0.532124
0.218618
0.108633
0.618284
0.426200
0.610998
0.805805
0.152250
0.761347
0.331649
0.417194
0.365807
0.581997
0.020652
0.757411
0.302598
0.274807
0.548388
0.693167
0.908211
0.005739
0.417194
0.593313
0.666251
0.053374
0.706701
0.417194
0.446225
0.788736
0.586078
0.747356
0.082064
0.391894
0.200071
0.174379
0.294765
0.475429
0.258993
0.531208
0.294765
0.915037
0.975674
0.729174
0.034935
0.138542
0.348812
0.292616
0.837713
0.151361
0.075280
0.996244
0.626533
0.521178
0.507322
0.600566
0.188379
0.184459
0.201192
0.868224
0.342546
0.426200
0.002923
0.750412
0.085773
0.291973
0.805805
0.468762
0.522087
0.146857
0.525121
0.764365
0.696320
0.188379
0.132093
0.005819
0.166539
0.513327
0.177687
0.837713
0.931414
0.728244
0.348085
0.144039
0.615115
0.942887
0.006416
0.870692
0.075487
0.524210
0.083034
0.079648
0.700415
0.353683
0.257041
0.410982
0.248208
0.362564
0.000417
0.288351
0.048793
0.628755
0.710778
0.795441
0.458421
0.545306
0.155592
0.556426
0.979155
0.739373
0.941221
0.391894
0.929025
0.027891
0.553330
0.426200
0.028813
0.919642
0.721091
0.005601
0.010351
0.404026
0.174808
0.950681
0.002445
0.633837
0.433373
0.884848
0.610998
0.908211
0.825184
0.754373
0.260956
0.573856
0.908211
0.004586
0.002923
0.681787
0.539161
0.947100
0.250108
0.413676
0.552402
0.078928
0.315077
0.670377
0.113385
0.588278
0.849900
0.207529
0.045392
0.073245
0.520270
0.980064
0.974336
0.546230
0.768274
0.416380
0.270737
0.849900
0.678621
0.622407
0.625580
0.812338
0.119038
0.289838
0.636061
0.792533
0.994672
0.571669
0.952195
0.926593
0.539161
0.844645
0.148096
0.240904
0.092564
0.957427
0.485954
0.521178
0.987485
0.514231
0.549314
0.577923
0.622407
0.574794
0.757411
0.893131
0.873140
0.890172
0.629708
0.788736
0.812338
0.356136
0.337068
0.220338
0.239058
0.599619
0.853278
0.016106
0.106464
0.808654
0.233587
0.879414
0.376666
0.815156
0.882499
0.879414
0.802942
0.485954
0.017682
0.681787
0.781972
0.722026
0.013580
0.578863
0.044833
0.284973
0.101968
0.581997
0.937289
0.667203
0.234855
0.042373
0.488898
0.214701
0.292616
0.224336
0.134366
0.831490
0.677670
0.667203
0.528161
0.574794
0.689062
0.828758
0.983131
0.768274
0.571669
0.356136
0.024016
0.648457
0.397932
0.713909
0.704503
0.044407
0.577923
0.499559
0.270737
0.775150
0.377431
0.536097
0.072379
0.368314
0.469629
0.619236
0.666251
0.370832
0.510321
0.242017
0.382558
0.815999
0.241460
0.034262
0.868224
0.887871
0.214194
0.047424
0.963617
0.135862
0.644324
0.796311
0.052378
0.171545
0.988965
0.864986
0.999315
0.365057
0.210341
0.772167
0.499559
0.339442
0.615115
0.307013
0.017682
0.567614
0.423459
0.500452
0.903303
0.331649
0.116992
0.189446
0.188379
0.046398
0.404026
0.968074
0.198003
0.299752
0.625580
0.150981
0.275422
0.183415
0.416380
0.788736
0.535179
0.965266
0.172957
0.088832
0.245754
0.218104
0.897611
0.973277
0.220338
0.066509
0.670377
0.468762
0.162058
0.275422
0.703560
0.747356
0.339442
0.905452
0.545306
0.943382
0.331649
0.667203
0.374884
0.703560
0.524210
0.960592
0.365057
0.280167
0.455569
0.248208
0.296926
0.176243
0.835018
0.805805
0.528161
0.059779
0.495697
0.849900
0.969252
0.805805
0.291973
0.164354
0.870692
0.091006
0.825184
0.419911
0.309908
0.452727
0.398724
0.297576
0.640192
0.546230
0.134366
0.796311
0.543153
0.567614
0.077296
0.492736
0.233045
0.195012
0.760440
0.975674
0.674500
0.815999
0.182524
0.435315
0.167502
0.976969
0.282876
0.655767
0.739373
0.350512
0.176243
0.685901
0.264120
0.629708
0.489782
0.703560
0.379989
0.472524
0.152632
0.802081
0.941221
0.971863
0.419911
0.022196
0.524210
0.371590
0.924694
0.623359
0.185958
0.006395
0.775150
0.419911
0.867480
0.307680
0.733201
0.199592
0.155592
0.827936
0.052527
0.270130
0.291973
0.604672
0.105254
0.111133
0.546230
0.559527
0.407495
0.571669
0.258993
0.377431
0.418008
0.935008
0.187923
0.778123
0.061472
0.418008
0.008725
0.186410
0.611948
0.977935
0.629708
0.850682
0.146857
0.692220
0.633837
0.917655
0.543153
0.070869
0.729174
0.131755
0.732272
0.093144
0.736290
0.521178
0.699471
0.590165
0.232504
0.804947
0.941221
0.330947
0.775150
0.674500
0.778123
0.242017
0.510321
0.722026
0.681787
0.538241
0.868224
0.610998
0.222591
0.433373
0.574794
0.802942
0.354418
0.729174
0.106183
0.236675
0.294765
0.074121
0.026312
0.017916
0.841193
0.828758
0.145258
0.900476
0.307013
0.713909
0.161254
0.006574
0.837713
0.449046
0.667203
0.641146
0.220857
0.707643
0.981208
0.765268
0.647503
0.495697
0.827936
0.446225
0.962319
0.212512
0.855856
0.289838
0.667203
0.258993
0.353683
0.379989
0.502539
0.061989
0.234311
0.218618
0.640192
0.463003
0.402166
0.257041
0.553330
0.228925
0.291973
0.070869
0.342546
0.767373
0.710778
0.589222
0.318708
0.975674
0.114377
0.249537
0.606885
0.469629
0.684952
0.001088
0.671329
0.046265
0.413676
0.131755
0.622407
0.034799
0.624628
0.707643
0.083787
0.600566
0.138542
0.607834
0.924694
0.197055
0.592369
0.260956
0.479217
0.346393
0.407495
0.268115
0.139722
0.212512
0.553330
0.436149
0.455569
0.164761
0.224862
0.895382
0.542231
0.114079
0.514231
0.157679
0.059779
0.391894
0.258406
0.663075
0.433373
0.214701
0.531208
0.426200
0.843851
0.960592
0.677670
0.121430
0.649410
0.912995
0.475429
0.287715
0.048471
0.693167
0.975674
0.739373
0.563566
0.119038
0.012102
0.929025
0.965266
0.176243
0.977935
0.374123
0.291973
0.080592
0.121430
0.473395
0.243320
0.179580
0.966504
0.607834
0.040155
0.153913
0.329312
0.782857
0.465014
0.722026
0.511222
0.452727
0.757411
0.230709
0.692220
0.496587
0.788736
0.405625
0.818799
0.952644
0.084775
0.395300
0.323980
0.132885
0.451876
0.564500
0.459278
0.266112
0.389287
0.578863
0.804947
0.881790
0.222591
0.890172
0.853278
0.436149
0.099916
0.462142
0.825184
0.492736
0.831490
0.318025
0.429778
0.607834
0.812338
0.892451
0.935538
0.629708
0.275422
0.531208
0.090195
0.954123
0.853278
0.994672
0.864986
0.236675
0.307680
0.023402
0.574794
0.589222
0.123863
0.633837
0.253942
0.592369
0.389287
0.943382
0.485954
0.362564
0.546230
0.677670
0.864986
0.080592
0.410176
0.757411
0.083787
0.282876
0.473395
0.507322
0.411789
0.465878
0.995504
0.997756
0.492736
0.433373
0.700415
0.778123
0.699471
0.943382
0.223812
0.351242
0.611948
0.534262
0.821585
0.239058
0.764365
0.835018
0.640192
0.764365
0.884848
0.228392
0.140910
0.383330
0.881790
0.158995
0.611948
0.157286
0.998596
0.739373
0.747356
0.151361
0.502539
0.209179
0.905452
0.855856
0.152250
0.647503
0.337779
0.676719
0.193453
0.606885
0.640192
0.377431
0.553330
0.362564
0.516341
0.648457
0.076386
0.165170
0.917655
0.706701
0.315077
0.581997
0.957427
0.795441
0.468762
0.007469
0.597411
0.499559
0.831490
0.585136
0.890172
0.307680
0.401370
0.912995
0.864986
0.489782
0.465878
0.718908
0.037100
0.099035
0.912995
0.983131
0.050010
0.784920
0.097901
0.870692
0.200711
0.652589
0.228392
0.113089
0.152632
0.531208
0.692220
0.274807
0.868224
0.692220
0.799202
0.849900
0.812338
0.353683
0.307680
0.739373
0.711718
0.965266
0.637014
0.121430
0.170142
0.266112
0.445381
0.410982
0.002410
0.529075
0.276037
0.768274
0.853278
0.010745
0.048932
0.917655
0.898276
0.292616
0.603724
0.345670
0.061472
0.948674
0.270737
0.912995
0.009250
0.174379
0.876294
0.788736
0.018098
0.596465
0.835018
0.273377
0.114079
0.725138
0.929025
0.611948
0.596465
0.890172
0.285604
0.178122
0.394513
0.754373
0.879414
0.590165
0.525121
0.847281
0.175811
0.489782
0.821585
0.947100
0.640192
0.655767
0.282876
0.197055
0.001371
0.500452
0.700415
0.510321
0.812338
0.893131
0.983927
0.843851
0.881790
0.032252
0.155203
0.837713
0.710778
0.792533
0.019016
0.157679
0.942887
0.614165
0.486837
0.884848
0.603724
0.589222
0.216397
0.549314
0.222591
0.161254
0.114079
0.645278
0.610998
0.348085
0.930867
0.846492
0.614165
0.732272
0.256458
0.795441
0.841193
0.329312
0.864986
0.629708
0.966504
0.722026
0.446225
0.736290
0.077085
0.128086
0.029559
0.134023
0.419911
0.294765
0.089391
0.696320
0.937289
0.596465
0.439773
0.134366
0.270737
0.021070
0.356873
0.163000
0.802081
0.059779
0.258406
0.987284
0.037569
0.245191
0.175811
0.088355
0.168332
0.838519
0.868224
0.002148
0.548388
0.032664
0.655767
0.354418
0.085542
0.480093
0.385137
0.560459
0.422639
0.987485
0.947100
0.604672
0.483020
0.492736
0.849900
0.180019
0.185958
0.771270
0.714847
0.917655
0.126338
0.812338
0.633837
0.203287
0.275422
0.973277
0.957427
0.795441
0.943382
0.973277
0.684952
0.655767
0.524210
0.507322
0.044705
0.121115
0.706701
0.905452
0.626533
0.299752
0.597411
0.025139
0.637968
0.671329
0.280167
0.739373
0.259580
0.930867
0.920233
0.181047
0.758321
0.090195
0.055888
0.430606
0.556426
0.743371
0.137021
0.596465
0.600566
0.915645
0.003277
0.559527
0.463003
0.707643
0.637014
0.353683
0.644324
0.336358
0.157286
0.088355
0.717972
0.222070
0.397932
0.359341
0.089953
0.651636
0.140077
0.307013
0.632884
0.080592
0.684952
0.805805
0.083034
0.805805
0.472524
0.962319
0.021070
0.775150
0.677670
0.831490
0.684952
0.593313
0.144892
0.384104
0.040039
0.507322
0.216397
0.714847
0.262930
0.771270
0.006923
0.548388
0.080592
0.593313
0.574794
0.284973
0.141268
0.905452
0.781085
0.903303
0.035828
0.542231
0.932683
0.893131
0.161656
0.419911
0.706701
0.351242
0.861717
0.992081
0.890172
0.637014
0.356873
0.469629
0.386690
0.966504
0.024016
0.571669
0.436149
0.677670
0.413676
0.016980
0.593313
0.574794
0.063561
0.868224
0.958820
0.233045
0.647503
0.962319
0.166951
0.969252
0.157286
0.471655
0.253942
0.520270
0.328613
0.465878
0.133226
0.795441
0.514231
0.629708
0.446225
0.188379
0.032032
0.692220
0.455569
0.575733
0.029734
0.071522
0.736290
0.856626
0.371590
0.424280
0.596465
0.100448
0.667203
0.602776
0.942887
0.063385
0.493623
0.596465
0.262139
0.808654
0.496587
0.492736
0.122800
0.732272
0.586078
0.948674
0.666251
0.250680
0.149721
0.689062
0.980064
0.599619
0.750412
0.132545
0.761347
0.279545
0.825184
0.808654
0.781972
0.693167
0.371590
0.670377
0.137371
0.483020
0.356136
0.628755
0.622407
0.805805
0.062219
0.717972
0.018338
0.908211
0.962319
0.483020
0.353683
0.436149
0.174808
0.722026
0.140077
0.798336
0.199115
0.585136
0.725138
0.471655
0.282249
0.459278
0.426200
0.410176
0.710778
0.732272
0.204910
0.039275
0.026917
0.304138
0.890172
0.413676
0.518153
0.564500
0.301939
0.765268
0.788736
0.401370
0.581997
0.360083
0.890172
0.137021
0.006130
0.259580
0.404026
0.984927
0.841193
0.143675
0.156893
0.933224
0.915037
0.423459
0.133226
0.023707
0.870692
0.910930
0.233045
0.758321
0.309908
0.596465
0.714847
0.725138
0.965266
0.391894
0.168332
0.592369
0.750412
0.443414
0.713909
0.887177
0.234855
0.809506
0.781085
0.882499
0.483899
0.997756
0.652589
0.499559
0.792533
0.743371
0.200711
0.216908
0.696320
0.835018
0.856626
0.172957
0.063738
0.568549
0.796311
0.837713
0.329312
0.746437
0.725138
0.603724
0.912995
0.099916
0.483020
0.542231
0.220338
0.143675
0.985885
0.078714
0.915645
0.245191
0.563566
0.581997
0.114079
0.469629
0.700415
0.156893
0.812338
0.449046
0.862474
0.280167
0.615115
0.549314
0.252019
0.066325
0.309908
0.506423
0.847281
0.651636
0.835018
0.577923
0.596465
0.644324
0.812338
0.818799
0.528161
0.962319
0.214194
0.353683
0.828758
0.524210
0.960592
0.128857
0.162058
0.036530
0.353683
0.781972
0.601513
0.758321
0.757411
0.389287
0.570733
0.870692
0.996244
0.197528
0.815156
0.110165
0.482141
0.740297
0.233587
0.178122
0.946623
0.395300
0.231247
0.469629
0.933224
0.010459
0.900476
0.637014
0.792533
0.150602
0.294765
0.414486
0.195482
0.596465
0.626533
0.611948
0.771270
0.655767
0.556426
0.188379
0.201192
0.876294
0.915645
0.771270
0.739373
0.945016
0.015685
0.189905
0.610998
0.040039
0.510321
0.065533
0.404825
0.895382
0.368314
0.713909
0.304800
0.855856
0.779012
0.180459
0.681787
0.362564
0.057642
0.331649
0.359341
0.160321
0.270737
0.462142
0.841193
0.898276
0.255875
0.256458
0.947100
0.301939
0.475429
0.396089
0.831490
0.926593
0.365057
0.443414
0.941221
0.941221
0.398724
0.943382
0.460136
0.855856
0.157679
0.808654
0.747356
0.170702
0.877017
0.284973
0.532124
0.709838
0.757411
0.266712
0.751327
0.532124
0.205399
0.714847
0.822418
0.574794
0.713909
0.514231
0.815999
0.246319
0.195482
0.798336
0.086548
0.963617
0.344947
0.359341
0.514231
0.455569
0.760440
0.703560
0.294119
0.050010
0.898276
0.392679
0.575733
0.095072
0.055367
0.148096
0.360083
0.158204
0.812338
0.171123
0.703560
0.452727
0.652589
0.593313
0.582939
0.960592
0.817961
0.495697
0.952644
0.172957
0.651636
0.126338
0.604672
0.629708
0.277478
0.446225
0.674500
0.359341
0.818799
0.784920
0.893131
0.309908
0.658945
0.563566
0.259580
0.343265
0.799202
0.016057
0.208683
0.302598
0.420728
0.492736
0.893131
0.035276
0.861717
0.172957
0.158995
0.812338
0.099035
0.147723
0.995933
0.626533
0.674500
0.032347
0.935008
0.010857
0.977935
0.931414
0.596465
0.970744
0.430606
0.041329
0.323980
0.798336
0.625580
0.792533
0.928467
0.947100
0.435315
0.071522
0.818799
0.740297
0.439773
0.975674
0.775150
0.550240
0.703560
0.758321
0.156893
0.328613
0.574794
0.897611
0.897611
0.895382
0.234855
0.840393
0.005482
0.256458
0.397932
0.476302
0.275422
0.674500
0.385913
0.571669
0.360083
0.017682
0.520270
0.304800
0.775150
0.873871
0.546230
0.369069
0.629708
0.389287
0.610998
0.253942
0.812338
0.128526
0.093978
0.563566
0.881790
0.078002
0.764365
0.868224
0.817961
0.520270
0.439773
0.827936
0.841193
0.808654
0.432542
0.320306
0.968074
0.901132
0.924694
0.702617
0.663075
0.815999
0.900476
0.362564
0.239611
0.760440
0.826011
0.559527
0.781972
0.420728
0.323980
0.853278
0.581997
0.243320
0.365807
0.603724
0.564500
0.471655
0.622407
0.507322
0.556426
0.400575
0.402166
0.837713
0.774256
0.659898
0.538241
0.043985
0.837713
0.108633
0.645278
0.065110
0.556426
0.912995
0.492736
0.162058
0.764365
0.849900
0.261547
0.268115
0.740297
0.808654
0.068563
0.935008
0.323289
0.397932
0.463003
0.207036
0.721091
0.681787
0.502539
0.224862
0.389287
0.969252
0.680838
0.014664
0.713909
0.877017
0.659898
0.754373
0.615115
0.001447
0.070222
0.645278
0.581057
0.089391
0.362564
0.420728
0.641146
0.933224
0.596465
0.112107
0.332353
0.167917
0.197055
0.722026
0.451876
0.209179
0.578863
0.290478
0.429778
0.707643
0.416380
0.779012
0.051740
0.853278
0.986596
0.252019
0.732272
0.404026
0.549314
0.714847
0.084775
0.093978
0.320306
0.406693
0.416380
0.632884
0.959233
0.644324
0.618284
0.784920
0.389287
0.418008
0.761347
0.689062
0.017862
0.640192
0.132885
0.463003
0.463003
0.057266
0.957427
0.148096
0.993742
0.362564
0.318025
0.348812
0.706701
0.917655
0.305463
0.339442
0.559527
0.243320
0.420728
0.548388
0.443414
0.416380
0.340157
0.873871
0.901132
0.204910
0.301939
0.929025
0.589222
0.818799
0.340873
0.297576
0.751327
0.270130
0.106744
0.879414
0.550240
0.998210
0.507322
0.323289
0.955577
0.198003
0.261547
0.303257
0.667203
0.084546
0.342546
0.109877
0.423459
0.548388
0.828758
0.750412
0.050628
0.320993
0.545306
0.452727
0.621455
0.729174
0.919642
0.230173
0.878697
0.295412
0.436984
0.876294
0.563566
0.188379
0.640192
0.689062
0.706701
0.849900
0.273377
0.343265
0.055731
0.827936
0.887871
0.887871
0.050628
0.184907
0.983927
0.039162
0.941221
0.566679
0.181489
0.037824
0.210840
0.348085
0.239611
0.882499
0.835018
0.227859
0.062800
0.994672
0.542231
0.757411
0.859181
0.926593
0.247640
0.224862
0.645278
0.062975
0.828758
0.927158
0.495697
0.736290
0.700415
0.578863
0.499559
0.389287
0.952195
0.775150
0.463003
0.771270
0.974649
0.331649
0.674500
0.158599
0.110842
0.463003
0.525121
0.574794
0.997229
0.495697
0.791659
0.663075
0.308347
0.535179
0.261547
0.320993
0.658945
0.895382
0.725138
0.175811
0.224336
0.012431
0.659898
0.799202
0.006027
0.847281
0.176243
0.365057
0.958820
0.150981
0.689062
0.792533
0.333998
0.802081
0.640192
0.325596
0.853278
0.799202
0.000415
0.407495
0.549314
0.654814
0.527248
0.172957
0.364308
0.890172
0.546230
0.120697
0.004366
0.429778
0.178559
0.031721
0.556426
0.284342
0.162058
0.264120
0.710778
0.946623
0.950681
0.535179
0.107685
0.459278
0.520270
0.831490
0.096778
0.376666
0.747356
0.083034
0.313497
0.301939
0.158204
0.511222
0.663075
0.774256
0.187923
0.924694
0.448199
0.994280
0.567614
0.545306
0.535179
0.312822
0.855856
0.847281
0.166951
0.479217
0.726070
0.047289
0.261547
0.475429
0.549314
0.179141
0.401370
0.282876
0.853278
0.188836
0.109589
0.320306
0.871428
0.073918
0.550240
0.567614
0.318708
0.965266
0.802081
0.127428
0.535179
0.320993
0.189446
0.436149
0.009971
0.550240
0.212512
0.151741
0.722026
0.228392
0.706701
0.812338
0.171123
0.984927
0.329312
0.075280
0.195482
0.275422
0.347359
0.428951
0.199115
0.299752
0.368314
0.323289
0.397932
0.577923
0.528161
0.287715
0.553330
0.935538
0.667203
0.472524
0.844645
0.089151
0.158599
0.063561
0.637014
0.689062
0.791659
0.057481
0.218618
0.097036
0.058183
0.999077
0.948674
0.445381
0.831490
0.493623
0.374123
0.658945
0.912995
0.080373
0.901132
0.084242
0.033601
0.106464
0.912995
0.545306
0.684003
0.648457
0.811490
0.091250
0.351973
0.262930
0.374123
0.681787
0.589222
0.895382
0.497478
0.054695
0.282876
0.831490
0.040934
0.208683
0.443414
0.087565
0.397932
0.606885
0.659898
0.696320
0.525121
0.987485
0.964889
0.002811
0.879414
0.080373
0.376666
0.057804
0.085773
0.004767
0.746437
0.197528
0.873871
0.564500
0.465878
0.150098
0.069197
0.411789
0.703560
0.016370
0.137838
0.674500
0.463003
0.391894
0.118729
0.442572
0.667203
0.976969
0.242761
0.757411
0.333998
0.162058
0.596465
0.273377
0.564500
0.802942
0.082809
0.200711
0.965266
0.746437
0.825184
0.305463
0.004441
0.532124
0.563566
0.281623
0.107969
0.111133
0.147723
0.469629
0.912995
