0.000000
0.000000
0.000000
0.000000
0.000000
0.000000
0.000000
0.000000
0.000000
0.000000
0.000000
0.000000
0.000000
0.000000
0.000000
0.000000
0.000000
0.000000
0.000000
0.000000
0.000000
0.000000
0.000000
0.000000
0.000000
0.000000
0.000000
0.000000
0.000000
0.000000
0.000000
0.000000
0.000000
0.000000
0.000000
0.000000
0.000000
0.000000
0.000000
0.000000
0.000000
0.000000
0.000000
0.000000
0.000000
0.000000
0.000000
0.000000
0.343300
0.868728
0.053315
0.998073
0.828342
0.821421
0.585513
0.980618
0.000000
0.000000
0.000000
0.000000
0.000000
0.000000
0.000000
0.000000
0.000000
0.000000
0.000000
0.000000
0.000000
0.000000
0.000000
0.000000
0.000000
0.000000
0.000000
0.000000
0.000000
0.000000
0.000000
0.000000
0.000000
0.000000
0.000000
0.000000
0.000000
0.000000
0.000000
0.000000
0.810858
0.606242
0.308023
0.597598
0.181226
0.237119
0.986493
0.791103
0.000000
0.000000
0.000000
0.000000
0.000000
0.000000
0.000000
0.000000
0.630379
0.650017
0.756844
0.892748
0.687316
0.736098
0.972418
0.972327
0.981052
0.571802
0.895520
0.550399
0.607698
0.411888
0.165423
0.933956
0.000000
0.000000
0.000000
0.000000
0.000000
0.000000
0.000000
0.000000
