0.855662
0.855662
0.224785
0.623259
0.855662
0.224785
0.855662
0.986087
0.986087
0.623259
0.000003
0.224785
0.623259
0.855662
0.855662
0.986087
0.069880
0.855662
0.623259
0.224785
0.224785
0.623259
0.623259
0.855662
0.394282
0.855662
0.224785
0.394282
0.623259
0.855662
0.855662
0.855662
0.394282
0.224785
0.855662
0.986087
0.986087
0.000000
0.394282
0.623259
0.394282
0.623259
0.855662
0.986087
0.394282
0.623259
0.855662
0.623259
0.623259
0.623259
0.986087
0.986087
0.855662
0.623259
0.855662
0.855662
0.855662
0.224785
0.623259
0.986087
0.623259
0.986087
0.000274
0.000045
0.623259
0.986087
0.623259
0.000112
0.855662
0.394282
0.394282
0.986087
0.855662
0.855662
0.855662
0.855662
0.623259
0.394282
0.623259
0.623259
0.033540
0.006931
0.623259
0.855662
0.033540
0.623259
0.006931
0.623259
0.855662
0.394282
0.015488
0.394282
0.623259
0.855662
0.855662
0.623259
0.855662
0.623259
0.623259
0.855662
0.000000
0.623259
0.855662
0.394282
0.623259
0.855662
0.033540
0.000112
0.855662
0.986087
0.986087
0.623259
0.394282
0.855662
0.033540
0.069880
0.623259
0.069880
0.623259
0.855662
0.855662
0.224785
0.855662
0.224785
0.855662
0.000009
0.855662
0.855662
0.394282
0.224785
0.986087
0.855662
0.394282
0.986087
0.855662
0.986087
0.000009
0.986087
0.224785
0.986087
0.224785
0.986087
0.224785
0.623259
0.394282
0.623259
0.986087
0.855662
0.986087
0.986087
0.986087
0.855662
0.623259
0.855662
0.855662
0.855662
0.855662
0.000022
0.623259
0.986087
0.394282
0.623259
0.623259
0.855662
0.855662
0.623259
0.033540
0.623259
0.015488
0.394282
0.986087
0.855662
0.069880
0.623259
0.855662
0.623259
0.855662
0.855662
0.855662
0.855662
0.855662
0.855662
0.033540
0.006931
0.394282
0.855662
0.006931
0.394282
0.855662
0.855662
0.623259
0.623259
0.623259
0.855662
0.986087
0.623259
0.986087
0.000009
0.855662
0.033540
0.986087
0.855662
0.986087
0.623259
0.394282
0.855662
0.855662
0.033540
0.855662
0.623259
0.855662
0.394282
0.855662
0.623259
0.855662
0.033540
0.033540
0.394282
0.855662
0.855662
0.855662
0.394282
0.986087
0.855662
0.855662
0.069880
0.855662
0.986087
0.623259
0.394282
0.986087
0.224785
0.986087
0.015488
0.986087
0.015488
0.623259
0.033540
0.855662
0.623259
0.394282
0.069880
0.986087
0.855662
0.986087
0.855662
0.623259
0.986087
0.623259
0.033540
0.224785
0.855662
0.855662
0.033540
0.623259
0.623259
0.986087
0.986087
0.015488
0.855662
0.623259
0.015488
0.394282
0.394282
0.623259
0.986087
0.069880
0.015488
0.855662
0.069880
0.855662
0.855662
0.394282
0.015488
0.986087
0.986087
0.986087
0.000056
0.623259
0.394282
0.000056
0.623259
0.855662
0.015488
0.033540
0.069880
0.069880
0.224785
0.000056
0.623259
0.000022
0.855662
0.224785
0.015488
0.855662
0.394282
0.033540
0.033540
0.623259
0.855662
0.986087
0.623259
0.855662
0.033540
0.069880
0.986087
0.623259
0.015488
0.986087
0.986087
0.623259
0.015488
0.855662
0.855662
0.986087
0.394282
0.033540
0.986087
0.033540
0.986087
0.986087
0.986087
0.069880
0.623259
0.623259
0.623259
0.015488
0.855662
0.623259
0.623259
0.069880
0.015488
0.224785
0.855662
0.855662
0.623259
0.855662
0.394282
0.855662
0.623259
0.986087
0.855662
0.623259
0.623259
0.855662
0.623259
0.006931
0.855662
0.069880
0.394282
0.986087
0.015488
0.000000
0.394282
0.033540
0.855662
0.855662
0.855662
0.855662
0.855662
0.855662
0.623259
0.855662
0.394282
0.394282
0.986087
0.986087
0.015488
0.623259
0.855662
0.033540
0.033540
0.855662
0.033540
0.855662
0.855662
0.033540
0.394282
0.623259
0.623259
0.033540
0.855662
0.623259
0.855662
0.986087
0.394282
0.855662
0.069880
0.986087
0.855662
0.623259
0.855662
0.855662
0.623259
0.623259
0.855662
0.069880
0.394282
0.623259
0.000009
0.855662
0.623259
0.623259
0.224785
0.224785
0.623259
0.855662
0.986087
0.986087
0.394282
0.623259
0.623259
0.855662
0.855662
0.986087
0.623259
0.623259
0.033540
0.855662
0.000009
0.623259
0.623259
0.394282
0.855662
0.855662
0.986087
0.855662
0.623259
0.623259
0.623259
0.623259
0.224785
0.623259
0.623259
0.623259
0.623259
0.855662
0.623259
0.394282
0.069880
0.855662
0.623259
0.623259
0.855662
0.394282
0.855662
0.000022
0.855662
0.986087
0.623259
0.986087
0.855662
0.015488
0.855662
0.006931
0.855662
0.069880
0.986087
0.623259
0.623259
0.623259
0.986087
0.069880
0.069880
0.394282
0.855662
0.623259
0.033540
0.623259
0.855662
0.986087
0.623259
0.986087
0.855662
0.623259
0.394282
0.986087
0.855662
0.118626
0.855662
0.069880
0.623259
0.623259
0.986087
0.855662
0.623259
0.855662
0.224785
0.006931
0.033540
0.986087
0.623259
0.623259
0.855662
0.623259
0.986087
0.855662
0.224785
0.394282
0.986087
0.623259
0.623259
0.855662
0.855662
0.855662
0.855662
0.986087
0.623259
0.003022
0.986087
0.855662
0.015488
0.623259
0.394282
0.006931
0.855662
0.986087
0.623259
0.394282
0.855662
0.986087
0.394282
0.623259
0.855662
0.394282
0.224785
0.855662
0.623259
0.015488
0.855662
0.394282
0.855662
0.623259
0.623259
0.623259
0.623259
0.855662
0.033540
0.986087
0.855662
0.015488
0.623259
0.855662
0.855662
0.623259
0.623259
0.986087
0.394282
0.623259
0.000274
0.623259
0.623259
0.855662
0.394282
0.986087
0.394282
0.623259
0.623259
0.855662
0.855662
0.623259
0.855662
0.623259
0.855662
0.855662
0.855662
0.855662
0.015488
0.623259
0.623259
0.623259
0.855662
0.623259
0.623259
0.855662
0.623259
0.855662
0.855662
0.855662
0.623259
0.855662
0.623259
0.033540
0.855662
0.986087
0.015488
0.855662
0.855662
0.986087
0.855662
0.855662
0.623259
