0.797695
0.842732
0.842732
0.797695
0.266468
0.045296
0.797695
0.300359
0.797695
0.883390
0.797695
0.300359
0.337253
0.266468
0.266468
0.842732
0.842732
0.235542
0.266468
0.883390
0.797695
0.207493
0.842732
0.266468
0.842732
0.052813
0.749429
0.797695
0.797695
0.842732
0.797695
0.337253
0.883390
0.235542
0.842732
0.883390
0.883390
0.266468
0.235542
0.266468
0.038778
0.842732
0.337253
0.647752
0.300359
0.797695
0.749429
0.300359
0.207493
0.918608
0.207493
0.300359
0.797695
0.045296
0.052813
0.842732
0.883390
0.038778
0.883390
0.797695
0.266468
0.883390
0.300359
0.842732
0.797695
0.300359
0.797695
0.883390
0.207493
0.647752
0.266468
0.207493
0.842732
0.045296
0.797695
0.842732
0.300359
0.235542
0.797695
0.842732
0.797695
0.883390
0.699087
0.749429
0.842732
0.300359
0.797695
0.038778
0.337253
0.883390
0.300359
0.337253
0.207493
0.000591
0.918608
0.797695
0.052813
0.797695
0.337253
0.883390
0.337253
0.842732
0.842732
0.797695
0.749429
0.883390
0.011174
0.797695
0.235542
0.266468
0.842732
0.266468
0.300359
0.883390
0.266468
0.797695
0.797695
0.918608
0.235542
0.300359
0.300359
0.207493
0.300359
0.883390
0.749429
0.038778
0.266468
0.797695
0.749429
0.337253
0.749429
0.207493
0.647752
0.842732
0.918608
0.842732
0.235542
0.235542
0.842732
0.883390
0.797695
0.235542
0.797695
0.266468
0.842732
0.797695
0.007971
0.052813
0.797695
0.883390
0.699087
0.300359
0.797695
0.266468
0.883390
0.235542
0.266468
0.033139
0.797695
0.842732
0.749429
0.797695
0.749429
0.052813
0.300359
0.699087
0.052813
0.842732
0.797695
0.300359
0.207493
0.842732
0.842732
0.300359
0.883390
0.797695
0.797695
0.235542
0.266468
0.699087
0.749429
0.207493
0.300359
0.207493
0.797695
0.009443
0.749429
0.842732
0.797695
0.797695
0.266468
0.883390
0.883390
0.842732
0.266468
0.797695
0.797695
0.337253
0.207493
0.749429
0.207493
0.337253
0.266468
0.300359
0.883390
0.797695
0.797695
0.300359
0.006720
0.749429
0.266468
0.266468
0.235542
0.842732
0.266468
0.883390
0.918608
0.235542
0.883390
0.749429
0.749429
0.842732
0.797695
0.052813
0.842732
0.797695
0.266468
0.797695
0.797695
0.007971
0.013206
0.842732
0.300359
0.883390
0.797695
0.797695
0.797695
0.842732
0.266468
0.883390
0.883390
0.337253
0.266468
0.007971
0.749429
0.842732
0.266468
0.045296
0.235542
0.842732
0.699087
0.797695
0.797695
0.883390
0.009443
0.007971
0.235542
0.235542
0.842732
0.000118
0.235542
0.918608
0.842732
0.797695
0.918608
0.235542
0.797695
0.883390
0.045296
0.883390
0.749429
0.797695
0.883390
0.883390
0.797695
0.235542
0.000001
0.266468
0.918608
0.300359
0.842732
0.266468
0.235542
0.842732
0.207493
0.207493
0.011174
0.842732
0.842732
0.009443
0.699087
0.300359
0.842732
0.045296
0.842732
0.842732
0.266468
0.797695
0.045296
0.749429
0.797695
0.207493
0.266468
0.842732
0.842732
0.842732
0.749429
0.266468
0.235542
0.883390
0.300359
0.842732
0.797695
0.009443
0.300359
0.266468
0.842732
0.699087
0.235542
0.207493
0.797695
0.797695
0.842732
0.883390
0.883390
0.749429
0.842732
0.699087
0.797695
0.235542
0.266468
0.052813
0.300359
0.266468
0.842732
0.883390
0.235542
0.797695
0.842732
0.006720
0.235542
0.842732
0.266468
0.797695
0.300359
0.300359
0.797695
0.842732
0.797695
0.883390
0.235542
0.749429
0.842732
0.038778
0.052813
0.797695
0.797695
0.007971
0.797695
0.699087
0.235542
0.883390
0.797695
0.883390
0.883390
0.045296
0.699087
0.749429
0.337253
0.842732
0.266468
0.300359
0.647752
0.300359
0.061460
0.699087
0.797695
0.045296
0.797695
0.337253
0.061460
0.300359
0.842732
0.300359
0.797695
0.005659
0.797695
0.883390
0.235542
0.009443
0.797695
0.045296
0.235542
0.797695
0.797695
0.300359
0.797695
0.749429
0.797695
0.300359
0.266468
0.300359
0.883390
0.038778
0.266468
0.300359
0.842732
0.052813
0.300359
0.266468
0.842732
0.749429
0.749429
0.266468
0.699087
0.337253
0.797695
0.266468
0.797695
0.883390
0.266468
0.842732
0.001225
0.749429
0.300359
0.266468
0.883390
0.749429
0.797695
0.052813
0.749429
0.011174
0.842732
0.797695
0.235542
0.842732
0.842732
0.883390
0.797695
0.842732
0.883390
0.842732
0.883390
0.842732
0.842732
0.842732
0.266468
0.235542
0.797695
0.052813
0.797695
0.300359
0.797695
0.883390
0.300359
0.266468
0.052813
0.842732
0.699087
0.235542
0.749429
0.842732
0.883390
0.842732
0.842732
0.182195
0.266468
0.013206
0.235542
0.842732
0.883390
0.797695
0.842732
0.207493
0.266468
0.883390
0.883390
0.883390
0.797695
0.842732
0.883390
0.842732
0.006720
0.266468
0.918608
0.207493
0.699087
0.300359
0.000002
0.883390
0.883390
0.337253
0.797695
0.842732
0.235542
0.266468
0.842732
0.235542
0.797695
0.797695
0.699087
0.013206
0.842732
0.797695
0.883390
0.300359
0.052813
0.749429
0.797695
0.000015
0.842732
0.235542
0.842732
0.266468
0.300359
0.045296
0.266468
0.918608
0.842732
0.235542
0.006720
0.009443
0.883390
0.842732
0.797695
0.842732
0.797695
0.842732
0.842732
0.918608
0.842732
0.842732
0.797695
0.235542
0.842732
0.883390
0.013206
0.797695
0.842732
0.045296
0.337253
0.300359
0.918608
0.235542
0.797695
0.038778
0.337253
0.842732
0.749429
0.797695
0.883390
0.883390
0.699087
0.842732
0.300359
0.052813
0.797695
0.235542
0.883390
0.052813
0.842732
0.337253
0.011174
0.842732
0.842732
0.842732
0.749429
0.797695
0.749429
0.883390
0.006720
0.011174
0.842732
0.797695
0.883390
0.266468
0.235542
0.013206
0.749429
0.797695
0.300359
0.300359
0.699087
0.052813
0.207493
0.749429
0.001022
0.300359
0.842732
0.207493
0.883390
0.918608
0.266468
0.300359
0.337253
0.266468
0.797695
0.061460
0.300359
0.749429
0.266468
0.266468
0.797695
0.797695
0.052813
0.052813
0.883390
0.038778
0.797695
0.797695
0.266468
0.883390
0.699087
0.266468
0.266468
0.001466
0.842732
0.045296
0.842732
0.842732
0.749429
0.749429
0.235542
0.266468
0.235542
0.749429
0.797695
0.000027
0.266468
0.883390
0.749429
0.842732
0.797695
0.749429
0.797695
0.000002
0.842732
0.842732
0.052813
0.797695
0.797695
0.300359
0.182195
0.797695
0.300359
0.749429
0.266468
0.749429
0.797695
0.842732
0.337253
0.266468
0.266468
0.749429
0.883390
0.883390
0.038778
0.266468
0.842732
0.842732
0.300359
0.005659
0.883390
0.052813
0.797695
0.266468
0.266468
0.797695
0.266468
0.749429
0.842732
0.749429
0.842732
0.266468
0.883390
0.883390
0.918608
0.842732
0.266468
0.749429
0.842732
0.749429
0.842732
0.797695
0.842732
0.883390
0.842732
0.797695
0.842732
0.842732
0.883390
0.842732
0.883390
0.266468
0.266468
0.266468
0.842732
0.918608
0.045296
0.052813
0.883390
0.797695
0.842732
0.266468
0.235542
0.207493
0.842732
0.842732
0.918608
0.797695
0.797695
0.918608
0.797695
0.001225
0.797695
0.883390
0.235542
0.038778
0.842732
0.749429
0.266468
0.749429
0.918608
0.883390
0.266468
0.797695
0.207493
0.266468
0.159495
0.266468
0.699087
0.883390
0.797695
0.842732
0.038778
0.235542
0.061460
0.052813
0.842732
0.266468
0.647752
0.061460
0.235542
0.797695
0.235542
0.842732
0.300359
0.842732
0.883390
0.182195
0.842732
0.797695
0.842732
0.013206
0.749429
0.797695
0.797695
0.337253
0.797695
0.918608
0.842732
0.797695
0.699087
0.842732
0.842732
0.000002
0.266468
0.749429
0.797695
0.883390
0.699087
0.749429
0.749429
0.266468
0.235542
0.235542
0.842732
0.797695
0.266468
0.266468
0.842732
0.749429
0.918608
0.797695
0.207493
0.842732
0.000022
0.699087
0.749429
0.266468
0.337253
0.749429
0.883390
0.797695
0.749429
0.842732
0.235542
0.797695
0.749429
0.883390
0.052813
0.883390
0.883390
0.842732
0.797695
0.337253
0.699087
0.052813
0.842732
0.749429
0.749429
0.337253
0.842732
0.842732
0.647752
0.797695
0.011174
0.797695
0.052813
0.883390
0.300359
0.009443
0.842732
0.842732
0.883390
0.266468
0.883390
0.207493
0.749429
0.011174
0.883390
0.300359
0.797695
0.300359
0.797695
0.797695
0.235542
0.842732
0.842732
0.266468
0.918608
0.842732
0.045296
0.797695
0.052813
0.749429
0.797695
0.266468
0.797695
0.266468
0.842732
0.883390
0.235542
0.842732
0.842732
0.045296
0.266468
0.011174
0.045296
0.842732
0.797695
0.797695
0.797695
0.045296
0.797695
0.842732
0.797695
0.300359
0.918608
0.006720
0.842732
0.005659
0.207493
0.918608
0.842732
0.266468
0.749429
0.842732
0.749429
0.045296
0.235542
0.842732
0.337253
0.883390
0.797695
0.842732
0.266468
0.797695
0.842732
0.883390
0.842732
0.266468
0.797695
0.918608
0.300359
0.235542
0.842732
0.842732
0.000710
0.883390
0.797695
0.883390
0.266468
0.749429
0.749429
0.842732
0.797695
0.266468
0.235542
0.009443
0.842732
0.918608
0.883390
0.266468
0.883390
0.045296
0.235542
0.842732
0.842732
0.699087
0.842732
0.797695
0.797695
0.797695
0.749429
0.006720
0.235542
0.842732
0.052813
0.842732
0.300359
0.918608
0.883390
0.207493
0.883390
0.842732
0.038778
0.797695
0.842732
0.842732
0.001225
0.883390
0.045296
0.300359
0.883390
0.797695
0.207493
0.797695
0.300359
0.749429
0.207493
0.006720
0.883390
0.918608
0.883390
0.749429
0.797695
0.797695
0.842732
0.883390
0.052813
0.749429
0.842732
0.883390
0.300359
0.749429
0.749429
0.918608
0.883390
0.300359
0.842732
0.797695
0.842732
0.266468
0.918608
0.797695
0.699087
0.300359
0.005659
0.337253
0.842732
0.052813
0.797695
0.842732
0.842732
0.797695
0.883390
0.797695
0.266468
0.883390
0.033139
0.647752
0.842732
0.918608
0.300359
0.182195
0.883390
0.842732
0.300359
0.842732
0.182195
0.797695
0.045296
0.883390
0.266468
0.749429
0.842732
0.883390
0.883390
0.842732
0.842732
0.797695
0.797695
0.883390
0.235542
0.842732
0.883390
0.207493
0.235542
0.918608
0.883390
0.337253
0.038778
0.266468
0.918608
0.842732
0.182195
0.883390
0.842732
0.300359
0.797695
0.797695
0.749429
0.749429
0.207493
0.749429
0.918608
0.300359
0.749429
0.266468
0.699087
0.797695
0.699087
0.235542
0.797695
0.749429
0.797695
0.883390
0.883390
0.207493
0.013206
0.266468
0.749429
0.045296
0.842732
0.749429
0.797695
0.235542
0.883390
0.918608
0.235542
0.007971
0.797695
0.013206
0.842732
0.300359
0.235542
0.883390
0.001466
0.235542
0.883390
0.842732
0.797695
0.749429
0.266468
0.797695
0.038778
0.842732
0.842732
0.883390
0.006720
0.842732
0.266468
0.266468
0.842732
0.337253
0.182195
0.883390
0.235542
0.749429
0.300359
0.000015
0.266468
0.207493
0.918608
0.842732
0.749429
0.842732
0.842732
0.842732
0.013206
0.266468
0.024082
0.842732
0.045296
0.883390
0.797695
0.842732
0.797695
0.918608
0.918608
0.045296
0.045296
0.045296
0.749429
0.337253
0.797695
0.000018
0.006720
0.797695
0.883390
0.038778
0.235542
0.883390
0.011174
0.842732
0.797695
0.749429
0.883390
0.266468
0.749429
0.797695
0.842732
0.883390
0.749429
0.647752
0.235542
0.061460
0.883390
0.235542
0.842732
0.300359
0.842732
0.235542
0.797695
0.266468
0.052813
0.749429
0.337253
0.749429
0.842732
0.842732
0.009443
0.749429
0.797695
0.797695
0.842732
0.797695
0.883390
0.207493
0.883390
0.300359
0.300359
0.038778
0.842732
0.061460
0.266468
0.300359
0.749429
0.266468
0.883390
0.797695
0.052813
0.052813
0.918608
0.797695
0.797695
0.883390
0.235542
0.797695
0.842732
0.918608
0.842732
0.918608
