0.000000
0.000000
0.000000
0.000000
0.000000
0.000000
0.000000
0.000000
0.378719
0.402981
0.901265
0.330695
0.613504
0.371450
0.678412
0.369115
0.000000
0.000000
0.000000
0.000000
0.000000
0.000000
0.000000
0.000000
0.863125
0.158578
0.524210
0.576186
0.986668
0.920981
0.573009
0.836192
0.000000
0.000000
0.000000
0.000000
0.000000
0.000000
0.000000
0.000000
0.259529
0.211215
0.145185
0.330540
0.387496
0.035622
0.219434
0.920466
0.133372
0.989883
0.936353
0.658249
0.200021
0.343490
0.148533
0.023137
0.000000
0.000000
0.000000
0.000000
0.000000
0.000000
0.000000
0.000000
0.697271
0.412938
0.016582
0.231129
0.206968
0.138421
0.094871
0.377513
0.000000
0.000000
0.000000
0.000000
0.000000
0.000000
0.000000
0.000000
0.000000
0.000000
0.000000
0.000000
0.000000
0.000000
0.000000
0.000000
0.000000
0.000000
0.000000
0.000000
0.000000
0.000000
0.000000
0.000000
0.000000
0.000000
0.000000
0.000000
0.000000
0.000000
0.000000
0.000000
0.000000
0.000000
0.000000
0.000000
0.000000
0.000000
0.000000
0.000000
0.000000
0.000000
0.000000
0.000000
0.000000
0.000000
0.000000
0.000000
0.000000
0.000000
0.000000
0.000000
0.000000
0.000000
0.000000
0.000000
