0.051665
0.269141
0.051665
0.296337
0.847523
0.001418
0.012868
0.269141
0.811983
0.847523
0.811983
0.058381
0.880153
0.243865
0.847523
0.774126
0.325471
0.880153
0.847523
0.734557
0.008580
0.296337
0.058381
0.774126
0.296337
0.774126
0.880153
0.847523
0.847523
0.693863
0.811983
0.011250
0.269141
0.847523
0.325471
0.847523
0.847523
0.734557
0.001638
0.811983
0.269141
0.269141
0.296337
0.734557
0.811983
0.880153
0.880153
0.269141
0.847523
0.811983
0.325471
0.734557
0.811983
0.774126
0.880153
0.693863
0.909320
0.774126
0.811983
0.847523
0.058381
0.811983
0.774126
0.009829
0.880153
0.001638
0.296337
0.296337
0.847523
0.847523
0.880153
0.296337
0.847523
0.000215
0.051665
0.847523
0.811983
0.325471
0.356538
0.774126
0.811983
0.847523
0.811983
0.811983
0.909320
0.880153
0.774126
0.058381
0.734557
0.269141
0.847523
0.774126
0.325471
0.734557
0.296337
0.269141
0.001638
0.065886
0.811983
0.001891
0.001891
0.811983
0.847523
0.909320
0.880153
0.847523
0.269141
0.847523
0.880153
0.880153
0.909320
0.016789
0.774126
0.058381
0.909320
0.811983
0.774126
0.243865
0.001418
0.058381
0.065886
0.811983
0.774126
0.811983
0.074256
0.269141
0.811983
0.847523
0.811983
0.811983
0.909320
0.325471
0.012868
0.774126
0.001891
0.811983
0.065886
0.811983
0.325471
0.847523
0.065886
0.296337
0.058381
0.356538
0.296337
0.774126
0.243865
0.000215
0.009829
0.774126
0.269141
0.243865
0.001638
0.880153
0.325471
0.058381
0.847523
0.269141
0.734557
0.880153
0.774126
0.774126
0.325471
0.296337
0.774126
0.847523
0.847523
0.847523
0.811983
0.811983
0.847523
0.811983
0.325471
0.269141
0.880153
0.847523
0.356538
0.325471
0.269141
0.774126
0.296337
0.811983
0.811983
0.269141
0.811983
0.811983
0.811983
0.811983
0.774126
0.296337
0.074256
0.774126
0.880153
0.811983
0.269141
0.009829
0.880153
0.880153
0.734557
0.811983
0.296337
0.909320
0.269141
0.325471
0.012868
0.296337
0.774126
0.243865
0.880153
0.065886
0.325471
0.847523
0.774126
0.296337
0.847523
0.811983
0.296337
0.774126
0.909320
0.880153
0.325471
0.847523
0.009829
0.774126
0.051665
0.811983
0.296337
0.011250
0.269141
0.811983
0.847523
0.811983
0.847523
0.811983
0.880153
0.774126
0.909320
0.296337
0.269141
0.296337
0.811983
0.847523
0.847523
0.011250
0.325471
0.296337
0.325471
0.774126
0.847523
0.296337
0.296337
0.269141
0.847523
0.847523
0.296337
0.847523
0.847523
0.325471
0.325471
0.847523
0.909320
0.847523
0.325471
0.296337
0.880153
0.847523
0.065886
0.880153
0.243865
0.774126
0.243865
0.058381
0.880153
0.847523
0.847523
0.058381
0.734557
0.880153
0.774126
0.847523
0.001638
0.880153
0.811983
0.847523
0.811983
0.811983
0.811983
0.847523
0.000041
0.811983
0.847523
0.243865
0.847523
0.811983
0.356538
0.847523
