0.107442
0.090127
0.548111
0.004970
0.038891
0.121919
0.498160
0.561223
0.888348
0.899420
0.735665
0.581782
0.560781
0.738191
0.133536
0.608589
0.512208
0.669390
0.944490
0.491725
0.352271
0.543507
0.239173
0.777554
0.854832
0.070268
0.713417
0.944779
0.653109
0.382805
0.746394
0.792115
0.764349
0.507614
0.297301
0.054781
0.772146
0.469972
0.068586
0.355146
0.729387
0.355408
0.952710
0.482092
0.587370
0.797593
0.146839
0.449509
0.653335
0.412064
0.626528
0.986339
0.429429
0.204053
0.386021
0.303131
0.572534
0.366708
0.191057
0.024781
0.625172
0.565651
0.572312
0.655937
0.500383
0.944083
0.983756
0.116879
0.959429
0.921946
0.098837
0.405766
0.773634
0.997213
0.107442
0.208953
0.424245
0.124490
0.546465
0.807301
0.289125
0.075807
0.422006
0.217511
0.534992
0.044418
0.202039
0.858301
0.160967
0.751941
0.079862
0.289049
0.804658
0.480634
0.913413
0.568979
0.671988
0.017022
0.341950
0.256064
0.305250
0.556805
0.741478
0.308329
0.686420
0.052430
0.537280
0.009331
0.216782
0.889495
0.024598
0.183091
0.655824
0.040041
0.110913
0.233847
0.443892
0.880002
0.438810
0.547892
0.531078
0.419193
0.940049
0.664305
0.742025
0.142370
0.439705
0.673569
0.610504
0.993452
0.727067
0.032621
0.664079
0.907635
0.947853
0.539135
0.499112
0.130248
0.873485
0.029002
0.099713
0.598692
0.566538
0.606450
0.148163
0.031880
0.791388
0.997213
0.377693
0.034149
0.428546
0.367154
0.540882
0.130288
0.020169
0.182721
0.333339
0.380883
0.886452
0.043432
0.611067
0.191660
0.117748
0.267226
0.106973
0.666453
0.434748
0.148651
0.622461
0.041279
0.013462
0.331919
0.147191
0.144091
0.165145
0.503143
0.048247
0.278162
0.079579
0.818153
0.751941
0.408049
0.451221
0.401882
0.494463
0.509215
0.811243
0.388699
0.273342
0.002922
0.036154
0.562108
0.023767
0.671762
0.315278
0.816858
0.350191
0.492567
0.079220
0.721753
0.321520
0.067737
0.629805
0.511673
0.266727
0.694738
0.164612
0.641228
0.557467
0.516820
0.024064
0.403584
0.430411
0.195423
0.053156
0.804964
0.347601
0.758972
0.011469
0.663853
0.752809
0.770549
0.377693
0.509855
0.011347
0.761987
0.842722
0.056302
0.899733
0.688558
0.034494
0.879832
0.322500
0.935740
0.300556
0.256894
0.433464
0.213767
0.837777
0.123387
0.017028
0.978964
0.330585
0.520478
0.229310
0.813355
0.277428
0.544054
0.207368
0.195423
0.781667
0.953608
0.303915
0.552398
0.725408
0.594203
0.027964
0.799341
0.593530
0.841965
0.003946
0.170059
0.951156
0.171007
0.928784
0.326113
0.133172
0.367690
0.116194
0.895310
0.122181
0.668713
0.111639
0.321275
0.753351
0.664531
0.285961
0.007861
0.880848
0.066525
0.459631
0.916736
0.028112
0.108588
0.071635
0.986086
0.063319
0.888019
0.835283
0.494674
0.613209
0.036192
0.679210
0.726514
0.149765
0.770549
0.004854
0.086461
0.399619
0.009369
0.694401
0.016991
0.242931
0.230517
0.350883
0.725187
0.731593
0.004965
0.458512
0.855290
0.070613
0.684844
0.341099
0.889331
0.623252
0.382438
0.155488
0.506121
0.098154
0.162110
0.369032
0.101263
0.275160
0.152785
0.172814
0.510283
0.819148
0.732033
0.683154
0.319890
0.096738
0.077647
0.872617
0.932437
0.549649
0.380426
0.011622
0.276402
0.280744
0.087659
0.275525
0.086600
0.296145
0.656502
0.088786
0.081186
0.929378
0.407763
0.942144
0.808618
0.815859
0.110327
0.207543
0.365461
0.315842
0.422492
0.845831
0.242865
0.960444
0.048903
0.968166
0.639870
0.334177
0.732915
0.069332
0.595325
0.187794
0.831517
0.944083
0.121246
0.005418
0.103449
0.509215
0.153058
0.224344
0.117676
0.871310
0.110293
0.911655
0.381249
0.308171
0.340589
0.981653
0.371095
0.332670
0.556254
0.630936
0.260304
0.061789
0.741150
0.198003
0.206958
0.036329
0.451726
0.668487
0.244460
0.028349
0.383906
0.166362
0.377602
0.432872
0.281411
0.723304
0.069468
0.907334
0.734346
0.529776
0.580778
0.131643
0.348808
0.641681
0.862544
0.203361
0.919784
0.710519
0.811042
0.399243
0.860293
0.688783
0.683042
0.235461
0.779982
0.254273
0.864780
0.226848
0.063780
0.233654
0.447699
0.023633
0.065699
0.068295
0.658199
0.077849
0.821131
0.513815
0.853730
0.285286
0.612758
0.873138
0.437024
0.719756
0.712749
0.285736
0.121246
0.670294
0.014307
0.989282
0.045766
0.488050
0.460344
0.055352
0.759188
0.209130
0.844515
0.797181
0.058150
0.080691
0.795737
0.004167
0.178900
0.759080
0.937915
0.346741
0.517680
0.358826
0.459122
0.312549
0.341184
0.441995
0.691031
0.240750
0.806286
0.227729
0.100596
0.573201
0.155580
0.085415
0.389070
0.167341
0.005210
0.016287
0.462384
0.629918
0.058616
0.906881
0.598580
0.360500
0.433760
0.704040
0.258421
0.710296
0.564543
0.472342
0.646659
0.079169
0.332252
0.372986
0.962291
0.447298
0.310156
0.686420
0.274432
0.931533
0.596335
0.460446
0.015297
0.274723
0.363950
0.940652
0.090012
0.789308
0.275306
0.966665
0.707729
0.765528
0.597569
0.745848
0.557798
0.670294
0.857118
0.633197
0.152785
0.000226
0.265518
0.824977
0.634215
0.903761
0.608814
0.215995
0.312390
0.973313
0.370736
0.971881
0.682704
0.293766
0.804149
0.147191
0.989854
0.552728
0.958002
0.264172
0.171708
0.611293
0.828697
0.399149
0.490463
0.800572
0.338217
0.325701
0.456379
0.115871
0.822811
0.774907
0.481050
0.608251
0.823205
0.637155
0.984035
0.199417
0.818153
0.730380
0.464531
0.195647
0.763705
0.273705
0.626980
0.978964
0.041862
0.513386
0.305486
0.972699
0.288218
0.680112
0.980099
0.725629
0.845362
0.866469
0.159358
0.808112
0.544383
0.171557
0.051800
0.382072
0.986086
0.582787
0.428840
0.930427
0.530752
0.763490
0.143789
0.285811
0.557798
0.618848
0.143013
0.776920
0.251468
0.986960
0.493620
0.285436
0.882617
0.335772
0.727178
0.522311
0.948468
0.849568
0.155673
0.912536
0.021577
0.648922
0.080068
0.887937
0.282302
0.653561
0.137269
0.391947
0.506548
0.321275
0.453948
0.606788
0.408049
0.711188
0.853178
0.807909
0.218791
0.051023
0.268727
0.738300
0.670294
0.193811
0.983812
0.094858
0.075586
0.983868
0.583457
0.632292
0.204574
0.660122
0.466478
0.583122
0.580554
0.784082
0.925506
0.970887
0.208012
0.792011
0.760588
0.155673
0.079143
0.903377
0.967313
0.001255
0.963172
0.158278
0.314313
0.840162
0.262690
0.833259
0.032485
0.303993
0.309361
0.524255
0.034854
0.381980
0.017704
0.405861
0.266656
0.618848
0.242004
0.510497
0.809225
0.643604
0.122557
0.439009
0.347601
0.148384
0.172210
0.192650
0.638400
0.782298
0.295069
0.716311
0.712749
0.788787
0.609265
0.802618
0.033621
0.432774
0.295683
0.260583
0.550308
0.551078
0.945528
0.173167
0.242799
0.749877
0.300556
0.609941
0.396052
0.438711
0.911949
0.988600
0.185965
0.149274
0.612194
0.016352
0.621783
0.224095
0.442494
0.194199
0.188010
0.142199
0.633423
0.982313
0.067804
0.681802
0.918090
0.416005
0.194644
0.797181
0.620654
0.898242
0.508574
0.909358
0.542413
0.253450
0.213108
0.493198
0.802720
0.195702
0.399055
0.837298
0.507400
0.780088
0.800162
0.397364
0.620880
0.685182
0.686645
0.064968
0.266656
0.625285
0.809831
0.908236
0.483239
0.102448
0.579885
0.215813
0.266300
0.812853
0.220937
0.464941
0.996969
0.264172
0.772997
0.569312
0.516283
0.368137
0.821131
0.801903
0.917165
0.564100
0.207895
0.941907
0.909656
0.056283
0.571534
0.675487
0.190619
0.586475
0.567980
0.426001
0.090213
0.201867
0.019480
0.576429
0.575427
0.649827
0.857118
0.909059
0.827232
0.414079
0.521340
0.296838
0.235008
0.211557
0.480218
0.012380
0.644962
0.642586
0.974848
0.447699
0.711746
0.781246
0.547892
0.573201
0.922706
0.875989
0.566206
0.783453
0.826253
0.534665
0.985123
0.663175
0.993638
0.969214
0.900825
0.215511
0.952284
0.945068
0.643604
0.384549
0.197553
0.561665
0.363950
0.643491
0.368584
0.614336
0.220937
0.492146
0.231027
0.378603
0.116879
0.285061
0.724301
0.539899
0.440103
0.608814
0.865937
0.627432
0.535319
0.357071
0.531404
0.258003
0.489098
0.119947
0.460446
0.880679
0.405386
0.720200
0.868062
0.890636
0.633084
0.835091
0.468223
0.918373
0.765956
0.584463
0.432084
0.909507
0.536953
0.270739
0.765956
0.976187
0.110568
0.664079
0.914359
0.966228
0.245930
0.949244
0.575761
0.121619
0.555041
0.232370
0.303601
0.983756
0.252970
0.989325
0.555151
0.492777
0.124071
0.987891
0.734015
0.849754
0.456887
0.045241
0.900357
0.552838
0.968588
0.532925
0.103514
0.580108
0.906730
0.906881
0.800982
0.809629
0.236044
0.094588
0.363950
0.792530
0.975178
0.347257
0.963172
0.445393
0.063110
0.979649
0.393437
0.523606
0.102383
0.441297
0.101200
0.041862
0.352619
0.097351
0.038718
0.720089
0.525984
0.550308
0.155673
0.721753
0.362886
0.576652
0.891205
0.979971
0.927455
0.184417
0.450012
0.031156
0.336361
0.656163
0.973956
0.571534
0.900357
0.591289
0.257032
0.247676
0.548550
0.371365
0.045968
0.257448
0.330253
0.483239
0.659896
0.422784
0.393903
0.796563
0.117313
0.304386
0.378603
0.751398
0.480426
0.347515
0.018274
0.351664
0.713306
0.181615
0.954548
0.295069
0.348894
0.620880
0.273632
0.494568
0.221615
0.428448
0.226283
0.251332
0.329588
0.457090
0.870960
0.921113
0.600827
0.277721
0.536081
0.846488
0.725851
0.583234
0.328758
0.272907
0.085799
0.047214
0.882617
0.565651
0.684844
0.690582
0.402355
0.069037
0.314394
0.406336
0.297842
0.276402
0.328841
0.395398
0.116626
0.725629
0.317619
0.645188
0.945413
0.200041
0.352706
0.595549
0.840637
0.194644
0.000806
0.354012
0.275087
0.018143
0.643943
0.729718
0.960827
0.626980
0.092245
0.654240
0.523282
0.736874
0.103158
0.007510
0.792737
0.419580
0.256133
0.694738
0.475651
0.912609
0.673004
0.001472
0.319240
0.757893
0.354186
0.246869
0.421034
0.120280
0.233075
0.203131
0.606450
0.256963
0.395398
0.437322
0.114587
0.164515
0.938406
0.073838
0.524255
0.086434
0.237214
0.522851
0.397083
0.793773
0.536081
0.712860
0.648696
0.567314
0.388699
0.847237
0.498054
0.340419
0.251400
0.736544
0.736215
0.768523
0.819148
0.118550
0.668600
0.589944
0.425611
0.330336
0.930427
0.572201
0.836628
0.337710
0.124375
0.818551
0.371905
0.468840
0.616479
0.644057
0.093603
0.761019
0.318753
0.726846
0.852256
0.065290
0.712971
0.032170
0.695861
0.765528
0.123994
0.932309
0.428154
0.251605
0.808010
0.012687
0.750747
0.944083
0.783033
0.904984
0.617381
0.205618
0.860113
0.574759
0.850126
0.139610
0.801596
0.473788
0.146575
0.156043
0.213647
0.429429
0.181825
0.368763
0.671988
0.111535
0.392877
0.952497
0.775543
0.474823
0.169017
0.858482
0.640549
0.833066
0.543069
0.083223
0.707729
0.712860
0.761987
0.558350
0.781456
0.013675
0.727951
0.492146
0.845456
0.832969
0.701466
0.992332
0.459122
0.777977
0.541101
0.803537
0.573535
0.971881
0.721753
0.550638
0.862185
0.713751
0.451020
0.061728
0.973237
0.669277
0.821329
0.449509
0.909507
0.636477
0.113035
0.051974
0.503461
0.632066
0.908910
0.314635
0.718090
0.534230
0.679435
0.301959
0.854465
0.552838
0.424439
0.918939
0.844892
0.061810
0.934544
0.394463
0.037875
0.151336
0.710296
0.648130
0.249093
0.926920
0.147367
0.823403
0.251809
0.873138
0.906125
0.683492
0.941669
0.388329
0.874178
0.202670
0.249160
0.783873
0.608139
0.438612
0.815859
0.085006
0.965390
0.527825
0.356195
0.608026
0.707729
0.615464
0.698216
0.738191
0.280744
0.144785
0.293460
0.179212
0.656050
0.109438
0.775226
0.304150
0.574982
0.208482
0.676954
0.276988
0.477828
0.557909
0.002805
0.246533
0.947404
0.669390
0.210488
0.093870
0.667809
0.538152
0.481050
0.732254
0.631388
0.364750
0.805269
0.889658
0.138686
0.610954
0.289882
0.878472
0.697319
0.770975
0.156924
0.719422
0.053120
0.808314
0.380883
0.604537
0.652882
0.800162
0.874524
0.699898
0.456379
0.187039
0.994800
0.493304
0.538152
0.293613
0.937915
0.298461
0.292620
0.379514
0.001024
0.237931
0.848171
0.837011
0.018632
0.978699
0.066986
0.903069
0.373527
0.199077
0.000526
0.797387
0.025072
0.791181
0.593979
0.194144
0.907485
0.615464
0.308647
0.939807
0.763061
0.575761
0.655597
0.969297
0.780930
0.631162
0.272038
0.090674
0.017851
0.359442
0.831032
0.256686
0.094678
0.472342
0.176527
0.108995
0.142370
0.904526
0.143142
0.876505
0.225343
0.812350
0.051523
0.379514
0.753242
0.490674
0.620203
0.933335
0.849475
0.812350
0.869558
0.868414
0.326278
0.244394
0.170059
0.604087
0.827721
0.914649
0.382897
0.322500
0.995777
0.936801
0.896662
0.013625
0.749225
0.155488
0.967571
0.085087
0.207543
0.856388
0.915083
0.679210
0.298228
0.854557
0.698553
0.334848
0.430215
0.251128
0.501656
0.124185
0.466580
0.383906
0.371905
0.392598
0.731593
0.472342
0.512101
0.991962
0.057745
0.461670
0.907485
0.200554
0.307380
0.079451
0.476376
0.398585
0.332002
0.310076
0.836244
0.104068
0.537062
0.549099
0.220322
0.562882
0.212391
0.883204
0.030087
0.950614
0.678759
0.277428
0.367333
0.460242
0.438016
0.225969
0.318915
0.932695
0.812451
0.720533
0.509642
0.307617
0.309440
0.110122
0.557136
0.862903
0.926047
0.860113
0.265802
0.547672
0.898242
0.643038
0.874956
0.637947
0.191605
0.317862
0.017826
0.844892
0.050341
0.677293
0.038958
0.127730
0.797593
0.404153
0.863887
0.798827
0.183939
0.952922
0.560781
0.254479
0.833645
0.734676
0.892823
0.528908
0.397177
0.561334
0.465965
0.875989
0.450818
0.610616
0.789725
0.267654
0.004178
0.887278
0.608251
0.741478
0.711411
0.200554
0.110706
0.842249
0.415427
0.849568
0.519186
0.142799
0.292086
0.337541
0.063298
0.614223
0.924624
0.817456
0.766170
0.258977
0.699898
0.760157
0.388422
0.571534
0.991997
0.140581
0.948912
0.994317
0.276622
0.837681
0.623703
0.471827
0.086600
0.491199
0.861285
0.368405
0.891124
0.754109
0.641228
0.375788
0.921113
0.241080
0.418805
0.569312
0.147279
0.311990
0.340589
0.981134
0.060815
0.935866
0.910399
0.150481
0.881271
0.836244
0.260164
0.627432
0.860113
0.524687
0.492356
0.483656
0.837873
0.939139
0.088418
0.792426
0.383998
0.900980
0.820338
0.793152
0.555151
0.804862
0.846019
0.766063
0.504950
0.630031
0.837873
0.607350
0.622574
0.584239
0.711411
0.429527
0.610954
0.129181
0.161014
0.868062
0.169314
0.857482
0.841397
0.582340
0.568424
0.197215
0.118185
0.952603
0.468737
0.926383
0.339063
0.654466
0.424537
0.006652
0.822811
0.820735
0.721087
0.027954
0.931014
0.459326
0.193534
0.264809
0.625285
0.816858
0.297610
0.406241
0.143271
0.284837
0.915443
0.093040
0.715087
0.306906
0.997994
0.505163
0.321275
0.408430
0.746612
0.059400
0.891368
0.141048
0.351577
0.597120
0.103287
0.531078
0.526309
0.756597
0.092157
0.988734
0.053711
0.715310
0.641341
0.262338
0.687095
0.846300
0.017157
0.096067
0.560228
0.742681
0.900202
0.576207
0.291477
0.292010
0.311670
0.260864
0.498477
0.355058
0.600152
0.275671
0.684281
0.429527
0.120169
0.282153
0.488155
0.133617
0.140116
0.835091
0.081448
0.586699
0.350277
0.229184
0.886617
0.889167
0.333758
0.298228
0.139189
0.031792
0.008027
0.040733
0.306827
0.808213
0.547343
0.737971
0.561997
0.327682
0.417742
0.905821
0.729497
0.227037
0.129931
0.758109
0.058597
0.600040
0.702361
0.823600
0.347257
0.431887
0.650732
0.749660
0.069673
0.370287
0.048100
0.501868
0.114445
0.708734
0.267012
0.830935
0.732915
0.864691
0.978129
0.101136
0.453746
0.368763
0.527175
0.207778
0.943733
0.623703
0.462895
0.707282
0.015071
0.816858
0.106740
0.734456
0.490989
0.255236
0.701914
0.819346
0.534992
0.575761
0.803027
0.962291
0.217693
0.621558
0.684281
0.224282
0.883037
0.607913
0.758648
0.553719
0.892662
0.843384
0.584016
0.828111
0.721531
0.431296
0.024261
0.166753
0.848824
0.259814
0.764671
0.071099
0.381066
0.542741
0.085744
0.933399
0.965390
0.012339
0.389440
0.011385
0.656389
0.019896
0.176014
0.616479
0.356720
0.455163
0.258142
0.242004
0.552618
0.316165
0.468943
0.615464
0.965390
0.656389
0.921530
0.132486
0.541975
0.430608
0.249093
0.859932
0.679661
0.354709
0.867885
0.626980
0.891854
0.080665
0.702473
0.611518
0.732694
0.445794
0.024030
0.306984
0.783663
0.186985
0.558571
0.247272
0.790349
0.775755
0.166460
0.008084
0.919784
0.792219
0.396333
0.328510
0.143875
0.005864
0.358299
0.727509
0.482509
0.224282
0.276475
0.484387
0.411584
0.195200
0.073910
0.541429
0.255443
0.004845
0.621558
0.501232
0.151246
0.551298
0.261074
0.371905
0.106606
0.820735
0.648922
0.496046
0.266087
0.454151
0.669729
0.190182
0.908611
0.601951
0.360676
0.390831
0.393157
0.235914
0.862365
0.172009
0.300945
0.038308
0.248013
0.323647
0.062282
0.297301
0.613209
0.492040
0.571089
0.735665
0.501762
0.532925
0.401410
0.195535
0.082770
0.705606
0.113950
0.278236
0.443692
0.447298
0.981714
0.780404
0.203303
0.938161
0.406336
0.309043
0.331335
0.481154
0.386390
0.935112
0.955117
0.997783
0.364839
0.453443
0.039877
0.569978
0.128160
0.365995
0.274359
0.523282
0.348377
0.125754
0.482509
0.832486
0.924079
0.702026
0.163549
0.166509
0.248417
0.553278
0.458614
0.084625
0.267369
0.511887
0.192650
0.880510
0.818551
0.645414
0.325372
0.727951
0.617607
0.256755
0.404911
0.503887
0.174484
0.771721
0.429920
0.830644
0.628336
0.826645
0.168079
0.035096
0.381889
0.320704
0.974701
0.529125
0.584686
0.346225
0.908985
0.838828
0.032507
0.735885
0.385561
0.536081
0.747157
0.648922
0.741369
0.548221
0.538371
0.778611
0.229628
0.467812
0.395865
0.959962
0.605212
0.945643
0.959526
0.028171
0.743884
0.775226
0.468429
0.302193
0.144264
0.549978
0.350537
0.271027
0.602738
0.489833
0.972116
0.985387
0.627432
0.943733
0.114623
0.835668
0.616253
0.168770
0.832002
0.832486
0.616479
0.705941
0.475961
0.965567
0.378694
0.325619
0.265660
0.447298
0.763705
0.240355
0.342120
0.893307
0.277575
0.211676
0.667583
0.341609
0.839209
0.613434
0.891530
0.240750
0.702921
0.425220
0.750529
0.816259
0.454454
0.902143
0.215150
0.923668
0.376422
0.932566
0.293536
0.751832
0.016814
0.859027
0.527608
0.388514
0.496151
0.182932
0.417742
0.900825
0.936366
0.553609
0.454960
0.727288
0.323483
0.540773
0.884041
0.648922
0.555592
0.947965
0.990061
0.753892
0.458614
0.930427
0.840637
0.801186
0.910991
0.410436
0.970887
0.679774
0.290033
0.718312
0.433168
0.700346
0.963264
0.652203
0.589497
0.965123
0.694289
0.259256
0.753459
0.944548
0.832002
0.626754
0.771614
0.997025
0.182932
0.730159
0.730931
0.995858
0.880171
0.595773
0.606112
0.648583
0.461568
0.283493
0.334932
0.914359
0.612532
0.785235
0.841017
0.019982
0.247474
0.745303
0.115121
0.108995
0.662609
0.078990
0.370826
0.442095
0.413023
0.913267
0.931922
0.413599
0.861556
0.404058
0.643717
0.941431
0.718978
0.795221
0.065872
0.572423
0.540991
0.534992
0.426881
0.479282
0.926047
0.403206
0.930688
0.371635
0.900045
0.788370
0.689682
0.447499
0.715198
0.871572
0.374882
0.103514
0.172814
0.853730
0.955168
0.945183
0.413983
0.768095
0.129693
0.546246
0.174484
0.733355
0.367065
0.141260
0.367869
0.730711
0.523067
0.445794
0.118039
0.908536
0.908760
0.626754
0.354709
0.250720
0.851516
0.305644
0.524038
0.808010
0.647564
0.892339
0.365194
0.386575
0.263960
0.404247
0.491830
0.201696
0.184683
0.081843
0.443393
0.735115
0.794394
0.497737
0.226597
0.114374
0.573090
0.656616
0.892339
0.910547
0.865492
0.191002
0.912390
0.858573
0.626754
0.651525
0.303131
0.938161
0.615013
0.511673
0.251877
0.605325
0.905137
0.456887
0.745521
0.446094
0.141899
0.265518
0.981774
0.306353
0.052342
0.694289
0.782298
0.756381
0.739068
0.212331
0.627206
0.872443
0.261424
0.389070
0.287841
0.759726
0.693840
0.982695
0.640549
0.241608
0.228677
0.939929
0.906881
0.841397
0.974701
0.006265
0.701466
0.307775
0.006773
0.359090
0.908760
0.912243
0.158137
0.499324
0.516498
0.751615
0.168030
0.287841
0.838637
0.724523
0.361913
0.803741
0.980289
0.316972
0.564654
0.499324
0.548111
0.564654
0.248350
0.512637
0.168968
0.997248
0.180254
0.905593
0.176373
0.367780
0.125140
0.908461
0.574871
0.979226
0.096707
0.272183
0.332336
0.777554
0.329256
0.509855
0.087491
0.005913
0.587034
0.202441
0.030929
0.195702
0.542194
0.727841
0.160824
0.053263
0.861285
0.763383
0.423855
0.358387
0.977721
0.678082
0.932180
0.849568
0.392412
0.836436
0.808618
0.065397
0.366887
0.944663
0.481675
0.878642
0.134879
0.602962
0.869031
0.072954
0.160824
0.289427
0.229437
0.962291
0.118807
0.648696
0.842155
0.998190
0.542194
0.912243
0.275452
0.460242
0.258142
0.968504
0.706947
0.337879
0.317619
0.326938
0.740602
0.572423
0.486583
0.551847
0.768416
0.849754
0.867532
0.419677
0.961916
0.933527
0.756381
0.753459
0.465555
0.069924
0.434352
0.771188
0.458309
0.273995
0.943616
0.228424
0.137851
0.664305
0.387960
0.650054
0.773634
0.414176
0.797387
0.102673
0.934923
0.219647
0.468018
0.691706
0.787327
0.833066
0.539899
0.005511
0.670633
0.283120
0.330419
0.829087
0.914214
0.644057
0.058228
0.815659
0.819942
0.679435
0.085772
0.579662
0.872008
0.245061
0.001465
0.126448
0.029319
0.072978
0.386114
0.895947
0.262831
0.180254
0.282153
0.221122
0.760373
0.377239
0.029125
0.294838
0.542194
0.755949
0.651977
0.087211
0.782193
0.406241
0.701914
0.450818
0.894030
0.845550
0.189148
0.559013
0.766384
0.772146
0.419386
0.485119
0.256410
0.589944
0.258838
0.014565
0.771614
0.657068
0.478451
0.899889
0.518540
0.432872
0.992332
0.684844
0.356545
0.067250
0.261424
0.805473
0.272038
0.498160
0.958547
0.286787
0.013640
0.901446
0.240224
0.987984
0.841586
0.239567
0.548990
0.561997
0.796975
0.630936
0.218363
0.710296
0.582564
0.339995
0.037745
0.006282
0.658199
0.976717
0.554931
0.430903
0.666679
0.927722
0.293078
0.720865
0.593979
0.232754
0.169960
0.048117
0.546465
0.858028
0.098061
0.989896
0.061341
0.492567
0.362267
0.399902
0.186502
0.118112
0.176476
0.755949
0.615915
0.043744
0.328758
0.028529
0.516390
0.314715
0.732033
0.699673
0.389255
0.003750
0.857573
0.259396
0.184364
0.729056
0.921669
0.320786
0.342205
0.863172
0.746721
0.634667
0.193645
0.511994
0.909656
0.119762
0.278236
0.738849
0.324714
0.937298
0.185698
0.236628
0.790973
0.841965
0.909059
0.401033
0.781035
0.943382
0.904067
0.484701
0.780614
0.333423
0.864958
0.607125
0.447900
0.092627
0.818551
0.270523
0.629692
0.218241
0.191550
0.325619
0.382347
0.467196
0.219586
0.809427
0.351837
0.028023
0.346225
0.110568
0.889658
0.889821
0.780193
0.072080
0.093040
0.644735
0.923119
0.120465
0.385101
0.372445
0.334596
0.524038
0.512637
0.981072
0.176476
