0.082267
0.468846
0.459027
0.624049
0.110364
0.133701
0.844427
0.738965
0.624049
0.000877
0.322015
0.024843
0.208721
0.992087
0.210611
0.131126
0.792018
0.847430
0.243799
0.129854
0.410059
0.620436
0.847430
0.462288
0.844427
0.961448
0.355850
0.358656
0.792018
0.002866
0.353059
0.452540
0.742470
0.742470
0.407007
0.407007
0.129854
0.014065
0.634900
0.024013
0.131126
0.564883
0.278535
0.465562
0.978800
0.738965
0.568431
0.853368
0.627665
0.925511
0.847430
0.243799
0.314238
0.449314
0.353059
0.459027
0.890886
0.980857
0.683725
0.801909
0.568431
0.019897
0.510824
0.805174
0.285665
0.568431
0.669285
0.980857
0.449314
0.407007
0.680119
0.847430
0.353059
0.731930
0.082267
0.410059
0.041224
0.742470
0.929777
0.742470
0.276187
0.571985
0.358656
0.131126
0.071519
0.455777
0.459027
0.687327
0.517687
0.745964
0.672898
0.241678
0.355850
0.316815
0.248084
0.792018
0.510824
0.687327
0.687327
0.208721
0.000057
0.206845
0.358656
0.694521
0.690926
0.410059
0.237478
0.319408
0.319408
0.114838
0.958352
0.801909
0.634900
0.568431
0.888271
0.462288
0.927660
0.278535
0.177817
0.847430
0.749449
0.367160
0.788689
0.801909
0.893473
0.841402
0.979845
0.564883
0.507407
0.465562
0.888271
0.805174
0.927660
0.564883
0.016264
0.687327
0.507407
0.514251
0.316815
0.979845
0.927660
0.616824
0.514251
0.465562
0.410059
0.735452
0.564883
0.557805
0.575545
0.372901
0.885628
0.098342
0.521132
0.676510
0.745964
0.001643
0.742470
0.288072
0.850410
0.400944
0.098342
0.316815
0.158140
0.028600
0.561341
0.841402
0.322015
0.735452
0.416203
0.561341
0.844427
0.049318
0.042597
0.206845
0.579111
0.243799
0.687327
0.358656
0.243799
0.568431
0.795331
0.152243
0.367160
0.961448
0.683725
0.955120
0.514251
0.624049
0.040331
0.844427
0.049853
0.890886
0.212514
0.844427
0.081424
0.510824
0.634900
0.933913
0.564883
0.631282
0.400944
0.314238
0.177817
0.278535
0.890886
0.738965
0.285665
0.208721
0.792018
0.624049
0.273855
0.609610
0.500602
0.853368
0.067872
0.735452
0.324637
0.113705
0.738965
0.007741
0.245934
0.564883
0.575545
0.979845
0.070776
0.309128
0.690926
0.248084
0.514251
0.738965
0.690926
0.792018
0.500602
0.999828
0.410059
0.361476
0.795331
0.034758
0.792018
0.931861
0.114838
0.033997
0.208721
0.956753
0.254621
0.931861
0.956753
0.745964
0.449314
0.893473
0.058229
0.888271
0.694521
0.738965
0.452540
0.514251
0.742470
0.455777
0.358656
0.929777
0.504000
0.070776
0.459027
0.745964
0.013581
0.068588
0.216362
0.798628
0.009314
0.241678
0.273855
0.446101
0.847430
0.672898
0.449314
0.455777
0.579111
0.410059
0.510824
0.978800
0.243799
0.129854
0.683725
0.455777
0.620436
0.455777
0.280897
0.844427
0.896031
0.355850
0.925511
0.631282
0.024013
0.620436
0.514251
0.510824
0.735452
0.407007
0.690926
0.455777
0.687327
0.524585
0.841402
0.452540
0.564883
0.888271
0.738965
0.524585
0.571985
0.177817
0.561341
0.798628
0.153700
0.276187
0.896031
0.742470
0.745964
0.507407
0.422401
0.795331
0.459027
0.564883
0.060115
0.979845
0.564883
0.007649
0.792018
0.400944
0.355850
0.620436
0.690926
0.792018
0.504000
0.403969
0.888271
0.923330
0.410059
0.850410
0.749449
0.738965
0.521132
0.929777
0.844427
0.690926
0.731930
0.672898
0.742470
0.016645
0.841402
0.893473
0.731930
0.353059
0.853368
0.403969
0.990901
0.041677
0.324637
0.958352
0.571985
0.792018
0.841402
0.355850
0.132408
0.403969
0.731930
0.801909
0.276187
0.067163
0.276187
0.235400
0.735452
0.517687
0.955120
0.795331
0.280897
0.634900
0.841402
0.631282
0.890886
0.135005
0.136319
0.564883
0.687327
0.896031
0.850410
0.462288
0.370024
0.850410
0.455777
0.749449
0.844427
0.676510
0.096373
0.416203
0.041224
0.792018
0.687327
0.925511
0.841402
0.465562
0.208721
0.742470
0.792018
0.847430
0.738965
0.694521
0.931861
0.137645
0.634900
0.403969
0.324637
0.002305
0.738965
0.785346
0.680119
0.449314
0.237478
0.795331
0.203134
0.029577
0.419295
0.241678
0.079761
0.571985
0.798628
0.929777
0.745964
0.000054
0.627665
0.462288
0.132408
0.959917
0.179475
0.575545
0.468846
0.007558
0.792018
0.056397
0.108185
0.801909
0.683725
0.201299
0.235400
0.235400
0.057002
0.841402
0.510824
0.034758
0.929777
0.927660
0.446101
0.627665
0.013267
0.738965
0.683725
0.462288
0.510824
0.510824
0.627665
0.564883
0.844427
0.805174
0.179475
0.243799
0.358656
0.306595
0.959917
0.564883
0.397933
0.627665
0.212514
0.931861
0.016264
0.358656
0.083118
0.028280
0.997784
0.847430
0.210611
0.738965
0.564883
0.285665
0.690926
0.235400
0.004356
0.181146
0.355850
0.239571
0.564883
0.400944
0.738965
0.893473
0.524585
0.014397
0.844427
0.048788
0.888271
0.155168
0.271537
0.795331
0.361476
0.410059
0.571985
0.358656
0.795331
0.241678
0.071519
0.410059
0.397933
0.136319
0.792018
0.208721
0.850410
0.676510
0.355850
0.731930
0.896031
0.400944
0.067872
0.955120
0.896031
0.468846
0.510824
0.927660
0.510824
0.742470
0.571985
0.462288
0.110364
0.745964
0.000855
0.896031
0.000000
0.979845
0.452540
0.795331
0.329925
0.455777
0.896031
0.890886
0.152243
0.452540
0.514251
0.992087
0.690926
0.575545
0.680119
0.322015
0.683725
0.694521
0.798628
0.314238
0.624049
0.149366
0.361476
0.557805
0.000162
0.890886
0.844427
0.749449
0.288072
0.888271
0.073027
0.571985
0.510824
0.082267
0.507407
0.278535
0.403969
0.893473
0.155168
0.888271
0.687327
0.057002
0.680119
0.514251
0.419295
0.749449
0.176171
0.890886
0.241678
0.676510
0.020358
0.847430
0.465562
0.400944
0.311675
0.364311
0.449314
0.890886
0.403969
0.400944
0.795331
0.241678
0.564883
0.514251
0.239571
0.280897
0.504000
0.156648
0.407007
0.364311
0.355850
0.208721
0.276187
0.114838
0.742470
0.206845
0.132408
0.683725
0.410059
0.896031
0.113705
0.416203
0.742470
0.314238
0.179475
0.510824
0.455777
0.057612
0.575545
0.358656
0.568431
0.137645
0.403969
0.927660
0.893473
0.931861
0.687327
0.239571
0.410059
0.631282
0.990901
0.850410
0.738965
0.000888
0.316815
0.407007
0.850410
0.745964
0.003514
0.687327
0.042597
0.620436
0.066461
0.243799
0.742470
0.568431
0.624049
0.798628
0.977723
0.627665
0.358656
0.206845
0.459027
0.798628
0.690926
0.798628
0.350283
0.805174
0.153700
0.403969
0.882958
0.280897
0.269234
0.844427
0.795331
0.745964
0.358656
0.361476
0.510824
0.745964
0.801909
0.316815
0.850410
0.514251
0.113705
0.850410
0.564883
0.927660
0.927660
0.156648
0.510824
0.955120
0.000877
0.676510
0.742470
0.112582
0.000203
0.564883
0.353059
0.273855
0.850410
0.358656
0.620436
0.627665
0.959917
0.979845
0.687327
0.927660
0.850410
0.001997
0.694521
0.112582
0.844427
0.322015
0.014230
0.358656
0.844427
0.316815
0.110364
0.353059
0.361476
0.208721
0.979845
0.276187
0.465562
0.853368
0.455777
0.132408
0.795331
0.978800
0.241678
0.212514
0.208721
0.958352
0.850410
0.850410
0.847430
0.080588
0.798628
0.184527
0.271537
0.407007
0.465562
0.131126
0.785346
0.690926
0.890886
0.844427
0.959917
0.367160
0.801909
0.694521
0.111468
0.419295
0.745964
0.844427
0.627665
0.568431
0.403969
0.327274
0.687327
0.672898
0.361476
0.208721
0.801909
0.316815
0.731930
0.561341
0.798628
0.283274
0.316815
0.627665
0.407007
0.078940
0.203134
0.041224
0.319408
0.500602
0.931861
0.239571
0.510824
0.459027
0.638520
0.788689
0.446101
0.798628
0.634900
0.896031
0.568431
0.135005
0.237478
0.847430
0.514251
0.127343
0.561341
0.850410
0.571985
0.459027
0.311675
0.568431
0.683725
0.631282
0.114838
0.131126
0.407007
0.507407
0.798628
0.239571
0.009425
0.978800
0.798628
0.631282
0.507407
0.410059
0.844427
0.801909
0.039891
0.888271
0.893473
0.745964
0.571985
0.329925
0.959917
0.459027
0.959917
0.358656
0.801909
0.683725
0.795331
0.133701
0.210611
0.069310
0.319408
0.243799
0.687327
0.575545
0.844427
0.980857
0.241678
0.795331
0.179475
0.113705
0.841402
0.403969
0.959917
0.850410
0.798628
0.742470
0.959917
0.847430
0.237478
0.627665
0.210611
0.959917
0.455777
0.455777
0.155168
0.792018
0.364311
0.627665
0.353059
0.893473
0.082267
0.003602
0.000469
0.407007
0.958352
0.690926
0.358656
0.128593
0.097353
0.893473
0.208721
0.929777
0.680119
0.624049
0.361476
0.129854
0.413125
0.841402
0.358656
0.455777
0.510824
0.459027
0.561341
0.400944
0.179475
0.003514
0.896031
0.929777
0.364311
0.510824
0.847430
0.847430
0.690926
0.329925
0.735452
0.620436
0.273855
0.979845
0.627665
0.316815
0.690926
0.888271
0.795331
0.322015
0.624049
0.959917
0.462288
0.896031
0.276187
0.998229
0.676510
0.100345
0.687327
0.680119
0.280897
0.324637
0.844427
0.738965
0.795331
0.745964
0.568431
0.407007
0.003514
0.844427
0.672898
0.459027
0.112582
0.410059
0.575545
0.672898
0.407007
0.568431
0.004356
0.850410
0.400944
0.847430
0.403969
0.676510
0.179475
0.568431
0.571985
0.792018
0.407007
0.888271
0.620436
0.028280
0.890886
0.925511
0.407007
0.613216
0.929777
0.459027
0.890886
0.361476
0.798628
0.579111
0.798628
0.019897
0.001042
0.893473
0.795331
0.929777
0.929777
0.557805
0.452540
0.283274
0.683725
0.239571
0.735452
0.738965
0.311675
0.239571
0.510824
0.805174
0.455777
0.847430
0.616824
0.624049
0.798628
0.156648
0.280897
0.350283
0.579111
0.350283
0.850410
0.620436
0.850410
0.206845
0.575545
0.731930
0.564883
0.155168
0.631282
0.888271
0.514251
0.273855
0.129854
0.452540
0.273855
0.795331
0.991508
0.361476
0.048788
0.961448
0.462288
0.040331
0.847430
0.785346
0.620436
0.245934
0.311675
0.801909
0.788689
0.164228
0.847430
0.676510
0.683725
0.571985
0.020126
0.355850
0.110364
0.844427
0.009204
0.422401
0.557805
0.361476
0.978800
0.403969
0.847430
0.798628
0.269234
0.683725
0.841402
0.059480
0.929777
0.237478
0.452540
0.792018
0.177817
0.683725
0.131126
0.239571
0.613216
0.958352
0.097353
0.931861
0.235400
0.084844
0.083118
0.792018
0.507407
0.206845
0.683725
0.514251
0.113705
0.571985
0.181146
0.885628
0.276187
0.853368
0.620436
0.927660
0.624049
0.844427
0.561341
0.407007
0.850410
0.510824
0.024287
0.978800
0.801909
0.735452
0.731930
0.355850
0.634900
0.795331
0.361476
0.676510
0.888271
0.132408
0.271537
0.749449
0.850410
0.568431
0.638520
0.795331
0.896031
0.235400
0.687327
0.991508
0.616824
0.290493
0.620436
0.210611
0.844427
0.792018
0.792018
0.627665
0.028600
0.896031
0.004356
0.735452
0.745964
0.472143
0.738965
0.079761
0.403969
0.575545
0.896031
0.459027
0.798628
0.575545
0.510824
0.579111
0.455777
0.459027
0.613216
0.554276
0.108185
0.801909
0.156648
0.931861
0.364311
0.742470
0.080588
0.514251
0.575545
0.517687
0.795331
0.888271
0.410059
0.795331
0.683725
0.455777
0.683725
0.561341
0.850410
0.850410
0.847430
0.159644
0.735452
0.110364
0.575545
0.203134
0.745964
0.364311
0.575545
0.847430
0.624049
0.081424
0.019446
0.620436
0.634900
0.568431
0.735452
0.568431
0.801909
0.568431
0.455777
0.472143
0.462288
0.850410
0.978800
0.798628
0.203134
0.403969
0.890886
0.002938
0.449314
0.888271
0.844427
0.361476
0.182830
0.568431
0.687327
0.514251
0.687327
0.896031
0.129854
0.319408
0.927660
0.462288
0.788689
0.631282
0.554276
0.407007
0.838356
0.847430
0.844427
0.459027
0.514251
0.314238
0.927660
0.239571
0.250249
0.243799
0.838356
0.634900
0.210611
0.422401
0.204983
0.276187
0.676510
0.465562
0.798628
0.413125
0.465562
0.241678
0.638520
0.455777
0.465562
0.795331
0.745964
0.311675
0.557805
0.288072
0.353059
0.687327
0.795331
0.568431
0.620436
0.001664
0.980857
0.680119
0.564883
0.992641
0.149366
0.322015
0.582682
0.403969
0.237478
0.616824
0.728400
0.403969
0.991508
0.745964
0.634900
0.568431
0.798628
0.798628
0.624049
0.204983
0.801909
0.311675
0.000757
0.738965
0.927660
0.403969
0.929777
0.923330
0.927660
0.028280
0.510824
0.931861
0.208721
0.112582
0.459027
0.068588
0.208721
0.749449
0.735452
0.631282
0.850410
0.082267
0.514251
0.159644
0.206845
0.929777
0.929777
0.998015
0.005262
0.683725
0.082267
0.233336
0.452540
0.156648
0.992087
0.738965
0.795331
0.890886
0.514251
0.239571
0.885628
0.400944
0.521132
0.624049
0.998229
0.798628
0.571985
0.749449
0.514251
0.233336
0.850410
0.400944
0.561341
0.627665
0.153700
0.419295
0.113705
0.455777
0.314238
0.731930
0.795331
0.798628
0.687327
0.407007
0.206845
0.690926
0.896031
0.314238
0.690926
0.571985
0.149366
0.624049
0.397933
0.132408
0.023743
0.795331
0.131126
0.687327
0.459027
0.034758
0.931861
0.694521
0.850410
0.155168
0.155168
0.687327
0.524585
0.245934
0.850410
0.452540
0.893473
0.680119
0.805174
0.888271
0.243799
0.082267
0.616824
0.280897
0.627665
0.742470
0.400944
0.370024
0.413125
0.452540
0.792018
0.847430
0.000019
0.419295
0.514251
0.372901
0.361476
0.449314
0.893473
0.020126
0.510824
0.801909
0.616824
0.465562
0.358656
0.455777
0.885628
0.358656
0.631282
0.801909
0.239571
0.237478
0.459027
0.735452
0.801909
0.459027
0.847430
0.564883
0.927660
0.049318
0.000877
0.276187
0.561341
0.316815
0.680119
0.624049
0.113705
0.319408
0.057612
0.564883
0.694521
0.923330
0.890886
0.010929
0.047745
0.976614
0.176171
0.847430
0.041677
0.413125
0.132408
0.624049
0.000000
0.853368
0.177817
0.568431
0.358656
0.676510
0.785346
0.507407
0.847430
0.624049
0.931861
0.068588
0.472143
0.027652
0.616824
0.571985
0.844427
0.033621
0.156648
0.961448
0.006504
0.131126
0.419295
0.504000
0.680119
0.350283
0.844427
0.841402
0.979845
0.510824
0.680119
0.742470
0.276187
0.413125
0.676510
0.792018
0.561341
0.890886
0.241678
0.745964
0.507407
0.738965
0.002423
0.355850
0.742470
0.927660
0.096373
0.071519
0.416203
0.067872
0.550755
0.888271
0.929777
0.176171
0.690926
0.885628
0.571985
0.241678
0.243799
0.620436
0.683725
0.795331
0.620436
0.355850
0.564883
0.212514
0.896031
0.788689
0.844427
0.798628
0.959917
0.182830
0.455777
0.564883
0.309128
0.361476
0.472143
0.355850
0.992087
0.893473
0.795331
0.669285
0.958352
0.413125
0.361476
0.956753
0.127343
0.027652
0.510824
0.028600
0.893473
0.040775
0.958352
0.745964
0.627665
0.850410
0.805174
0.690926
0.407007
0.283274
0.316815
0.058229
0.010929
0.097353
0.745964
0.187959
0.627665
0.283274
0.795331
0.841402
0.561341
0.510824
0.801909
0.361476
0.129854
0.449314
0.216362
0.181146
0.676510
0.132408
0.631282
0.465562
0.931861
0.616824
0.683725
0.795331
0.676510
0.081424
0.795331
0.992087
0.931861
0.690926
0.571985
0.687327
0.568431
0.013740
0.067872
0.978800
0.979845
0.239571
0.179475
0.095402
0.057612
0.468846
0.041224
0.801909
0.462288
0.400944
0.841402
0.927660
0.634900
0.745964
0.177817
0.400944
0.850410
0.579111
0.510824
0.040775
0.214431
0.082267
0.047745
0.452540
0.510824
0.096373
0.624049
0.278535
0.243799
0.322015
0.568431
0.203134
0.634900
0.742470
0.208721
0.504000
0.040775
0.738965
0.847430
0.568431
0.033997
0.847430
0.571985
0.749449
0.616824
0.212514
0.462288
0.798628
0.416203
0.278535
0.885628
0.841402
0.322015
0.844427
0.096373
0.361476
0.462288
0.233336
0.931861
0.210611
0.210611
0.271537
0.841402
0.735452
0.112582
0.627665
0.634900
0.237478
0.416203
0.959917
0.510824
0.507407
0.731930
0.931861
0.459027
0.083118
0.956753
0.410059
0.309128
0.850410
0.795331
0.510824
0.742470
0.500602
0.449314
0.243799
0.361476
0.358656
0.850410
0.788689
0.795331
0.319408
0.885628
0.514251
0.082267
0.510824
0.133701
0.452540
0.353059
0.206845
0.992641
0.004356
0.683725
0.853368
0.798628
0.058852
0.959917
0.959917
0.687327
0.564883
0.132408
0.413125
0.694521
0.029577
0.214431
0.683725
0.372901
0.452540
0.452540
0.364311
0.568431
0.069310
0.844427
0.888271
0.683725
0.687327
0.890886
0.504000
0.011457
0.000674
0.631282
0.620436
0.838356
0.798628
0.316815
0.694521
0.276187
0.243799
0.735452
0.452540
0.517687
0.624049
0.081424
0.235400
0.150799
0.847430
0.792018
0.316815
0.276187
0.452540
0.795331
0.514251
0.028280
0.016645
0.893473
0.929777
0.403969
0.133701
0.400944
0.407007
0.795331
0.745964
0.510824
0.413125
0.992641
0.504000
0.893473
0.400944
0.844427
0.400944
0.888271
0.001284
0.353059
0.676510
0.882958
0.795331
0.847430
0.358656
0.361476
0.634900
0.792018
0.624049
0.999865
0.798628
0.311675
0.955120
0.568431
0.571985
0.620436
0.009538
0.413125
0.182830
0.847430
0.049853
0.885628
0.687327
0.400944
0.027965
0.795331
0.742470
0.413125
0.568431
0.896031
0.888271
0.893473
0.510824
0.672898
0.397933
0.885628
0.847430
0.690926
0.890886
0.237478
0.627665
0.798628
0.795331
0.927660
0.687327
0.672898
0.034375
0.620436
0.631282
0.850410
0.959917
0.514251
0.235400
0.801909
0.627665
0.094440
0.795331
0.278535
0.925511
0.033250
0.991508
0.034758
0.079761
0.280897
0.893473
0.961448
0.016839
0.132408
0.067872
0.676510
0.006197
0.271537
0.001284
0.844427
0.738965
0.113705
0.243799
0.738965
0.280897
0.624049
0.407007
0.155168
0.040775
0.153700
0.575545
0.407007
0.571985
0.324637
0.181146
0.152243
0.624049
0.204983
0.890886
0.355850
0.028600
0.687327
0.624049
0.680119
0.991508
0.133701
0.798628
0.896031
0.571985
0.853368
0.956753
0.239571
0.925511
0.850410
0.507407
0.927660
0.958352
0.206845
0.174538
0.271537
0.517687
0.683725
0.459027
0.627665
0.627665
0.620436
0.005457
0.680119
0.507407
0.452540
0.416203
0.738965
0.361476
0.627665
0.133701
0.322015
0.687327
0.959917
0.239571
0.801909
0.204983
0.978800
0.504000
0.690926
0.206845
0.153700
0.050393
0.459027
0.416203
0.742470
0.575545
0.795331
0.694521
0.844427
0.419295
0.738965
0.462288
0.070776
0.620436
0.446101
0.850410
0.620436
0.847430
0.000700
0.742470
0.998015
0.231286
0.631282
0.893473
0.795331
0.241678
0.931861
0.683725
0.672898
0.571985
0.455777
0.890886
0.792018
0.844427
0.557805
0.271537
0.838356
0.327274
0.465562
0.687327
0.568431
0.890886
0.978800
0.316815
0.568431
0.372901
0.571985
0.687327
0.452540
0.179475
0.847430
0.032883
0.616824
0.309128
0.564883
0.841402
0.687327
0.507407
0.850410
0.208721
0.893473
0.798628
0.745964
0.557805
0.176171
0.403969
0.683725
0.738965
0.624049
0.462288
0.885628
0.893473
0.624049
0.627665
0.958352
0.690926
0.561341
0.888271
0.243799
0.083977
0.795331
0.694521
0.081424
0.033997
0.204983
0.735452
0.059480
0.011322
0.624049
0.033997
0.690926
0.676510
0.687327
0.410059
0.099339
0.579111
0.616824
0.097353
0.927660
0.929777
0.568431
0.929777
0.956753
0.997784
0.452540
0.278535
0.929777
0.113705
0.131126
0.792018
0.510824
0.627665
0.521132
0.847430
0.624049
0.792018
0.638520
0.958352
0.795331
0.208721
0.094440
0.728400
0.929777
0.033250
0.841402
0.181146
0.927660
0.634900
0.890886
0.624049
0.927660
0.683725
0.680119
0.237478
0.042135
0.571985
0.413125
0.959917
0.792018
0.057002
0.850410
0.958352
0.687327
0.248084
0.561341
0.000719
0.978800
0.978800
0.358656
0.311675
0.407007
0.627665
0.096373
0.687327
0.358656
0.353059
0.081424
0.690926
0.929777
0.568431
0.676510
0.070776
0.403969
0.745964
0.958352
0.680119
0.364311
0.792018
0.367160
0.009652
0.564883
0.243799
0.080588
0.795331
0.358656
0.847430
0.407007
0.009538
0.135005
0.624049
0.923330
0.283274
0.977723
0.416203
0.311675
0.449314
0.978800
0.133701
0.206845
0.927660
0.407007
0.638520
0.273855
0.745964
0.841402
0.896031
0.177817
0.927660
0.276187
0.179475
0.510824
0.620436
0.847430
0.462288
0.847430
0.091604
0.158140
0.316815
0.785346
0.517687
0.564883
0.792018
0.319408
0.206845
0.850410
0.624049
0.452540
0.159644
0.624049
0.132408
0.128593
0.081424
0.801909
0.676510
0.676510
0.735452
0.801909
0.243799
0.683725
0.353059
0.080588
0.680119
0.792018
0.798628
0.731930
0.152243
0.237478
0.638520
0.455777
0.353059
0.795331
0.150799
0.745964
0.624049
0.419295
0.850410
0.890886
0.235400
0.000054
0.792018
0.459027
0.561341
0.500602
0.517687
0.568431
0.455777
0.850410
0.280897
0.413125
0.510824
0.316815
0.795331
0.111468
0.888271
0.510824
0.738965
0.177817
0.290493
0.455777
0.128593
0.070040
0.110364
0.237478
0.068588
0.690926
0.680119
0.152243
0.204983
0.455777
0.893473
0.465562
0.785346
0.361476
0.316815
0.152243
0.745964
0.571985
0.620436
0.016077
0.564883
0.634900
0.407007
0.370024
0.752924
0.322015
0.616824
0.068588
0.738965
0.844427
0.096373
0.561341
0.179475
0.239571
0.616824
0.080588
0.155168
0.128593
0.923330
0.133701
0.364311
0.742470
0.153700
0.057002
0.316815
0.634900
0.422401
0.738965
0.311675
0.931861
0.634900
0.517687
0.410059
0.449314
0.112582
0.627665
0.129854
0.449314
0.785346
0.500602
0.742470
0.931861
0.680119
0.893473
0.400944
0.571985
0.882958
0.616824
0.517687
0.040331
0.958352
0.749449
0.735452
0.181146
0.136319
0.322015
0.131126
0.155168
0.510824
0.057612
0.676510
0.048788
0.156648
0.013581
0.455777
0.000710
0.400944
0.462288
0.627665
0.449314
0.280897
0.206845
0.029248
0.241678
0.850410
0.397933
0.019446
0.929777
0.416203
0.749449
0.680119
0.013740
0.182830
0.624049
0.564883
0.735452
0.620436
0.838356
0.616824
0.844427
0.094440
0.978800
0.361476
0.133701
0.627665
0.449314
0.979845
0.111468
0.097353
0.416203
0.571985
0.564883
0.082267
0.631282
0.742470
0.271537
0.358656
0.890886
0.204983
0.243799
0.627665
0.413125
0.893473
0.795331
0.005262
0.410059
0.850410
0.561341
0.514251
0.631282
0.742470
0.080588
0.792018
0.271537
0.850410
0.620436
0.288072
0.571985
0.153700
0.514251
0.510824
0.241678
0.510824
0.792018
0.893473
0.006123
0.620436
0.507407
0.927660
0.155168
0.181146
0.575545
0.850410
0.285665
0.206845
0.465562
0.991508
0.155168
0.735452
0.694521
0.358656
0.472143
0.571985
0.888271
0.694521
0.273855
0.278535
0.929777
0.416203
0.893473
0.174538
0.407007
0.841402
0.844427
0.206845
0.634900
0.847430
0.316815
0.979845
0.276187
0.959917
0.324637
0.680119
0.112582
0.422401
0.571985
0.361476
0.893473
0.893473
0.155168
0.690926
0.410059
0.801909
0.745964
0.129854
0.680119
0.687327
0.507407
0.131126
0.795331
0.745964
0.276187
0.631282
0.978800
0.462288
0.850410
0.979845
0.416203
0.564883
0.189695
0.627665
0.033997
0.514251
0.575545
0.631282
0.521132
0.850410
0.676510
0.847430
0.620436
0.109269
0.959917
0.465562
0.925511
0.181146
0.749449
0.510824
0.798628
0.403969
0.521132
0.844427
0.554276
0.019897
0.925511
0.507407
0.001972
0.850410
0.034375
0.801909
0.239571
0.048788
0.150799
0.514251
0.039456
0.507407
0.885628
0.841402
